0.00000000099999999987 0.00000000099999999987 0.00000000099999999987 0.99999999600000000211 0.00000000099999999987 
0.00000000099999999991 0.00000000099999999991 0.00000000099999999991 0.99999999600000000211 0.00000000099999999991 
0.00000000099999999996 0.00003768326868828424 0.00000000099999999996 0.99996231373131172493 0.00000000099999999996 
0.00000000099999999997 0.00000000099999999997 0.00000000099999999997 0.99999999600000000211 0.00000000099999999997 
0.00000000099999999994 0.00000000099999999994 0.00000000099999999994 0.99999999600000000211 0.00000000099999999994 
0.00000000099999999990 0.00000000099999999990 0.00000000099999999990 0.99999999599999989108 0.00000000099999999990 
0.00000000099999999992 0.00000000099999999992 0.00000000099999999992 0.99999999599999989108 0.00000000099999999992 
0.00000000099999999985 0.00000000099999999985 0.00000000099999999985 0.99999999599999989108 0.00000000099999999985 
0.00000000099999999989 0.00000000099999999989 0.00000000099999999989 0.99999999599999989108 0.00000000099999999989 
0.00000000099999999993 0.00000000099999999993 0.00000000099999999993 0.99999999600000000211 0.00000000099999999993 
0.00000000099999999992 0.00000000099999999992 0.00000000099999999992 0.99999999600000000211 0.00000000099999999992 
0.00000000099999999991 0.00000000099999999991 0.00000000099999999991 0.99999999599999989108 0.00000000099999999991 
0.00000000099999999992 0.00000000099999999992 0.00000000099999999992 0.99999999600000000211 0.00000000099999999992 
0.00000000099999999991 0.00000000099999999991 0.00000000099999999991 0.99999999600000000211 0.00000000099999999991 
0.00000000099999999994 0.00000000099999999994 0.00000000099999999994 0.99999999599999989108 0.00000000099999999994 
0.00000000099999999992 0.00000000099999999992 0.00000000099999999992 0.99999999599999989108 0.00000000099999999992 
0.00000000099999999991 0.00000000099999999991 0.00000000099999999991 0.99999999599999989108 0.00000000099999999991 
0.03168811527542173684 0.02993132144112218423 0.00000004022275095639 0.00018434010321305078 0.93819618295749207526 
0.00042533095559624587 0.00000000100000000000 0.01105556647615866216 0.04807669651535940308 0.94044240505288556609 
0.00032747373115959554 0.02822352550385327091 0.00000162025240787042 0.01859242904053821227 0.95285495147204102295 
0.00000000100000000000 0.00000000180224710120 0.00009505545120921851 0.02788244827320487951 0.97202249347333891105 
0.00001238680387742382 0.00000002738913561284 0.00463410847846223474 0.00002504519334716535 0.99532843213517752101 
0.00760903956724926292 0.05289331862925537864 0.00000030738730208128 0.05441225388135881996 0.88508508053483447853 
0.01070672221274107314 0.14071737680276799609 0.00330033473859633972 0.03379734320229868527 0.81147822304359595869 
0.01539731498432545843 0.04909130756909220461 0.00055997187913276456 0.08299418135449326828 0.85195722421295627669 
0.00000034903715097479 0.00000000100000000000 0.00000000100000000000 0.00000004385747386781 0.99999960510537511116 
0.01137980209618654273 0.00000948871873480732 0.00000002004850454603 0.01975360709641349119 0.96885708204016063316 
0.00000010615939200224 0.08895892081107172056 0.17701443985052883745 0.15300977301311174950 0.58101676016589576257 
0.00000236447482157115 0.00000002368752202478 0.02639606323378854147 0.01608105094326109374 0.95752049766060676195 
0.00004099757924972671 0.00000094045047454248 0.00000026016271160984 0.02502340503862229143 0.97493439676894178003 
0.00000000100571132217 0.00000000552787978291 0.00794366897030472120 0.01958351002020059656 0.97247281447590350201 
0.02327858119223647285 0.00000014283421484160 0.00000000100000000000 0.01993086612773651775 0.95679040884581223469 
0.00000040882678889293 0.00020312004527378873 0.00013762230183252119 0.03331111110204774267 0.96634773772405702097 
0.00000003906311009171 0.00000000100000000000 0.00741614271063473045 0.00773679710687615301 0.98484702011937896859 
0.03138577040605530777 0.09384600498138373492 0.01940602866202417037 0.04837263148779295807 0.80698956446274383580 
0.00000000100000000000 0.00000000100000000000 0.00035431165547718360 0.02742076741932794604 0.97222491892519491419 
0.01286109317687610804 0.00538828133795098835 0.00296024559938625875 0.01650380275055669810 0.96228657713522991468 
0.02552481933378219006 0.03100356743132176573 0.00000000100000000000 0.00000004711774454349 0.94347156511715157823 
0.05884177694487150584 0.05703309820100962296 0.00000000100000000000 0.03236595730245039187 0.85175916655166850067 
0.00000000278989876121 0.02467009947634191125 0.00500515801348708385 0.01922511261930478360 0.95109962710096740413 
0.00000000660167677103 0.06042228742900639105 0.01338401018171157288 0.01249701193849145527 0.91369668384911373327 
0.00000000099999999999 0.00000000099999999999 0.00000000099999999999 0.00000000099999999999 0.99999999600000000211 
0.00000025650808818267 0.00034457222692963916 0.00788052068540438452 0.00000000100000000000 0.99177464957957783831 
0.00000007813528823427 0.00000000099999999999 0.00846423596627356861 0.00000000099999999999 0.99153568389843826925 
0.00000000382813802096 0.00000000099999999999 0.00000000099999999999 0.00000000099999999999 0.99999999317186205605 
0.00000000099999999999 0.00000000099999999999 0.00000000099999999999 0.00000000099999999999 0.99999999600000000211 
0.00002885349286462704 0.00000000099999999999 0.00000008972309296840 0.00000000099999999999 0.99997105478404235690 
0.00000000107774166433 0.00743584803653341616 0.00000000099999999999 0.00000000099999999999 0.99256414888572497279 
0.00000000099999999998 0.00000000099999999998 0.00000000099999999998 0.00000000099999999998 0.99999999599999989108 
0.00000000099999999999 0.00005640114844627199 0.00000000099999999999 0.00073560476309819775 0.99920799208845545447 
0.00005849468086133309 0.00000000099999999999 0.00911802536681150834 0.00000000099999999999 0.99082347795232716958 
0.00000000099999999998 0.00000000099999999998 0.00000000099999999998 0.00000000099999999998 0.99999999599999989108 
0.00842703157854782225 0.00000000099999999999 0.00000009328368685756 0.00000000099999999999 0.99157287313776543147 
0.00000003986603678374 0.00000000099999999999 0.00450831000745050697 0.00000000099999999999 0.99549164812651258494 
0.00001183991970718532 0.00000000099999999999 0.00000002656827012391 0.00000000099999999999 0.99998813151202270433 
0.00681321327148915433 0.00000000240690005505 0.00007244055904888183 0.00000000100000000000 0.99311434276256183029 
0.00000000099999999999 0.00000000099999999999 0.00000040306945579345 0.00000000099999999999 0.99999959393054416168 
0.00000000099999999999 0.00000000099999999999 0.00202987474751986294 0.00280043204198160596 0.99516969121049847491 
0.00000000099999999999 0.00000000099999999999 0.00000000099999999999 0.00000000099999999999 0.99999999600000000211 
0.00000001344626349567 0.00210643903677346219 0.00054864083231994851 0.00000000100000000000 0.99734490568464295723 
0.00000000099999999999 0.00000000099999999999 0.00000000099999999999 0.00000000099999999999 0.99999999600000000211 
0.00000000099999999999 0.00000000099999999999 0.00016069658305092990 0.00000000099999999999 0.99983930041694912827 
0.00000767387298214865 0.00000000100000000000 0.00000000615114866615 0.00000000100000000000 0.99999231797586907167 
0.00000000099999999999 0.00000000099999999999 0.00000295498789644914 0.00000000099999999999 0.99999704201210359855 
0.00000011413879162999 0.00000000189610232159 0.00002251183848376808 0.00000000100000000000 0.99997737112662232750 
0.00000001738548098110 0.00000000099999999999 0.00000001052895285190 0.00000000099999999999 0.99999997008556618106 
0.00000000100000000000 0.19258695297667274837 0.03067843038974887859 0.00000003975818261190 0.77673457587539573854 
0.02364376501776599762 0.06027212332345199819 0.00189234057644037715 0.00154114834495966370 0.91265062273738195575 
0.00000000100000000000 0.03809219536604975531 0.01920592164176055175 0.00000168129744428602 0.94270020069474524949 
0.03372905749501414058 0.12489927764808313182 0.00000000100000000000 0.00998184052447605163 0.83138982333242672507 
0.01182638899625117028 0.13489802860102978466 0.00829648175848754152 0.05996893758284166376 0.78501016306138982070 
0.00000000099999999999 0.04602670812735198957 0.00000000099999999999 0.04811101085218387474 0.90586227902046423388 
0.01004680946891909829 0.03521820679984448421 0.00000000100000000000 0.05846869024904804285 0.89626629248218825374 
0.00775854009631639623 0.09229927395583785443 0.00000005129584127387 0.04343946426987978227 0.85650267038212468673 
0.00853525525746746082 0.00003447771398658434 0.00000000100000000000 0.01602186358338360608 0.97540840244516224811 
0.00442707236455190580 0.00842145748671189846 0.00000000126755364157 0.00734724657441726721 0.97980422230676533779 
0.02445963611475687749 0.00000000100000000000 0.00000006596858522978 0.05591128063234238749 0.91962901628431548140 
0.00000022442260250109 0.00000036769598578215 0.00000017425896368981 0.00683206306301971378 0.99316717055942838055 
0.00000000100000000000 0.00047033805108326164 0.00210102569601570543 0.00480403135881574996 0.99262460389408524453 
0.00000000099999999999 0.04841373732931816137 0.00362009476450940318 0.00000000099999999999 0.94796616590617244213 
0.00000000100000000000 0.00000000343225844838 0.00036809439380365360 0.01046977167200227946 0.98916212950193549425 
0.01502630769829063281 0.01399751027096806863 0.01287539851159159171 0.00285043947957944101 0.95525034403957020945 
0.00108610035554080383 0.02302332636984565431 0.00000078682715968203 0.00851851526841750951 0.96737127117903631834 
0.00000000111854093062 0.06167365336550212351 0.00058207240339914991 0.01526569967619635301 0.92247857343636141536 
0.01201790319363178934 0.00702375732460770990 0.00010614764098214129 0.00001524214858546072 0.98083694969219292759 
0.01953582157935688721 0.04585857874466658934 0.00255145652915824816 0.00384408295619207384 0.92821006019062624048 
0.01244523823464806223 0.00000732847977856867 0.00565823966914658603 0.00010843151016628948 0.98178076210626052944 
0.00000000100000000000 0.08593035583162682289 0.05975265828325975609 0.00937618861477407077 0.84494079627033935598 
0.02554481728562730050 0.04458824280439876303 0.00000003512688547611 0.00019413314862642311 0.92967277163446204735 
0.00000000099999999999 0.01764176883540532342 0.00000000099999999999 0.05018639847680882865 0.93217183068778575183 
0.00414429719837143898 0.02959980362379403471 0.01597114223403661715 0.00352842365739589048 0.94675633328640196318 
0.00000533343530455712 0.00619211569060679635 0.00000000100000000000 0.03274713936861767954 0.96105541050547094173 
0.00000000279018636302 0.07318691880112568326 0.01850129543643419180 0.00000000099999999999 0.90831178197225381776 
0.00000000100000000000 0.01247513858388289189 0.00084899455205732146 0.00157950759086544312 0.98509635827319441681 
0.00000000099999999999 0.00154105615098715210 0.00000000099999999999 0.00000000099999999999 0.99845894084901276599 
0.01009119615270734002 0.04794435058303787855 0.04525875908811561460 0.10955761075542773397 0.78714808342071140856 
0.00000000099999999999 0.59571464477120983361 0.00210769506326549021 0.11781945018935741087 0.28435820897616720382 
0.07598395019181626575 0.92401604680818372195 0.00000000099999999997 0.00000000099999999997 0.00000000099999999997 
0.00000000099999999992 0.99999999600000011313 0.00000000099999999992 0.00000000099999999992 0.00000000099999999992 
0.00708473273076577932 0.87852563096025781952 0.00000000099999999998 0.11438963430897625129 0.00000000099999999998 
0.00000000099999999993 0.99999999600000000211 0.00000000099999999993 0.00000000099999999993 0.00000000099999999993 
0.00000000099999999996 0.97990771648278274242 0.02009228051721731467 0.00000000099999999996 0.00000000099999999996 
0.00000000099999999997 0.86447042186728506596 0.00000000099999999997 0.13552957513271490786 0.00000000099999999997 
0.00000000099999999993 0.99999999600000011313 0.00000000099999999993 0.00000000099999999993 0.00000000099999999993 
0.25586797857345222607 0.63238042275692785132 0.00000000099999999998 0.11175159666961986815 0.00000000099999999998 
0.12261550727594555665 0.73218092329101958082 0.09237050211058607518 0.00000000099999999999 0.05283306632244884338 
0.03983371033103937781 0.82449670411423581218 0.00000002146515446962 0.11133706244607924352 0.02433250164349090583 
0.07585179693522246802 0.69603281527108029625 0.00000000099999999999 0.11640373438115726723 0.11171165241253988576 
0.00000000099999999993 0.99999999600000011313 0.00000000099999999993 0.00000000099999999993 0.00000000099999999993 
0.12727715013273704914 0.81843426603201396841 0.00000000099999999999 0.05428858183524901820 0.00000000099999999999 
0.00000000099999999996 0.99998011376360385061 0.00000000099999999996 0.00001988323639625439 0.00000000099999999996 
0.11263008408374665381 0.88736991291625333389 0.00000000099999999996 0.00000000099999999996 0.00000000099999999996 
0.00000000099999999993 0.99999999600000000211 0.00000000099999999993 0.00000000099999999993 0.00000000099999999993 
0.00000000099999999989 0.99999999600000011313 0.00000000099999999989 0.00000000099999999989 0.00000000099999999989 
0.00000000099999999997 0.99999999600000000211 0.00000000099999999997 0.00000000099999999997 0.00000000099999999997 
0.07622599164490014012 0.67876991769210803795 0.00000000099999999999 0.12160418883753318364 0.12339990082545869432 
0.00000000099999999985 0.00000000099999999985 0.99999999599999989108 0.00000000099999999985 0.00000000099999999985 
0.00000000099999999982 0.00000000099999999982 0.99999999600000000211 0.00000000099999999982 0.00000000099999999982 
0.00000000099999999995 0.00000000099999999995 0.99999999600000000211 0.00000000099999999995 0.00000000099999999995 
0.00000000099999999988 0.00000000099999999988 0.99999999600000000211 0.00000000099999999988 0.00000000099999999988 
0.00000000099999999988 0.00000000099999999988 0.99999999599999989108 0.00000000099999999988 0.00000000099999999988 
0.00000000099999999984 0.00000000099999999984 0.99999999599999989108 0.00000000099999999984 0.00000000099999999984 
0.00000000099999999985 0.00000000099999999985 0.99999999599999989108 0.00000000099999999985 0.00000000099999999985 
0.00000000099999999991 0.00000000099999999991 0.99999999599999989108 0.00000000099999999991 0.00000000099999999991 
0.00000000099999999984 0.00000000099999999984 0.99999999600000000211 0.00000000099999999984 0.00000000099999999984 
0.00000000099999999985 0.00000000099999999985 0.99999999600000000211 0.00000000099999999985 0.00000000099999999985 
0.99999999600000011313 0.00000000099999999988 0.00000000099999999988 0.00000000099999999988 0.00000000099999999988 
0.99999999600000011313 0.00000000099999999992 0.00000000099999999992 0.00000000099999999992 0.00000000099999999992 
0.99999999600000011313 0.00000000099999999990 0.00000000099999999990 0.00000000099999999990 0.00000000099999999990 
0.99999999600000011313 0.00000000099999999989 0.00000000099999999989 0.00000000099999999989 0.00000000099999999989 
0.99999999600000011313 0.00000000099999999990 0.00000000099999999990 0.00000000099999999990 0.00000000099999999990 
0.99999999600000000211 0.00000000099999999994 0.00000000099999999994 0.00000000099999999994 0.00000000099999999994 
0.99999999600000011313 0.00000000099999999995 0.00000000099999999995 0.00000000099999999995 0.00000000099999999995 
0.99999999600000000211 0.00000000099999999989 0.00000000099999999989 0.00000000099999999989 0.00000000099999999989 
0.99999999600000000211 0.00000000099999999993 0.00000000099999999993 0.00000000099999999993 0.00000000099999999993 
0.99999999600000011313 0.00000000099999999982 0.00000000099999999982 0.00000000099999999982 0.00000000099999999982 
