0.000000	0.199921	0.233558	0.222459	0.207078	0.192814	0.185712	0.207017	0.211252	0.202908	0.224853	0.219381	0.230726	0.200662	0.232502	0.225173	0.193777	0.258309	0.252308	0.256483	0.258280	0.258614	0.258570	0.253462	0.255160	0.257463	0.257289	0.249919	0.255959	0.256043	0.255429	0.256774	0.256569	0.256700	0.257462	0.256831	0.257895	0.257072	0.257072	0.256856	0.256483	0.258789	0.258622	0.260506	0.259646	0.259117	0.259230	0.261339	0.260339	0.261151	0.260330	0.260693	0.260806	0.259765	0.261356	0.260580	0.260253	0.258087	0.259115	0.262331	0.259611	0.260685	0.260869	0.259527	0.259308	0.259544	0.258538	0.258891	0.259019	0.258056	0.258961	0.259064	0.260676	0.254425	0.258159	0.257438	0.257586	0.258551	0.258911	0.259230	0.258492	0.258968	0.258790	0.259863	0.259491	0.257064	0.259242	0.255731	0.258307	0.259485	0.258568	0.255511	0.258462	0.258204	0.259695	0.254460	0.258032	0.258163	0.261834	0.257224	0.264682	0.256963	0.252057	0.259074	0.251032	0.256387	0.253320	0.250652	0.257512	0.259182	0.255411	0.258822	0.259067	0.258523	0.256783	0.254788	0.262758	0.265906	0.260261	0.264488	0.265337	0.263567	0.264512	0.255364	0.265372	0.262228	0.265906	0.260414	0.264179	0.265015	0.255991	0.255532	0.260407	0.260788	0.257891	0.266016	
0.199921	0.000000	0.239883	0.239179	0.239726	0.224591	0.235929	0.187876	0.208443	0.206566	0.198363	0.201936	0.212406	0.203517	0.223376	0.214119	0.216005	0.255427	0.254259	0.259227	0.255369	0.258230	0.250976	0.255327	0.252618	0.256388	0.257507	0.249203	0.255632	0.255900	0.255237	0.256978	0.255900	0.256730	0.258972	0.255578	0.257003	0.257574	0.251605	0.258429	0.255474	0.259534	0.259853	0.260143	0.261255	0.259399	0.260001	0.262327	0.260473	0.260793	0.259109	0.260842	0.260435	0.259899	0.260333	0.259258	0.258906	0.258836	0.259878	0.261333	0.258857	0.261044	0.260244	0.258371	0.259507	0.258765	0.256160	0.258234	0.258385	0.253028	0.251583	0.254318	0.256295	0.253324	0.259561	0.258080	0.255345	0.257761	0.257623	0.259050	0.257827	0.253887	0.257846	0.258660	0.257720	0.257622	0.256972	0.252696	0.258761	0.255684	0.259029	0.256345	0.257837	0.258133	0.259265	0.249670	0.258967	0.259602	0.244587	0.255833	0.251688	0.253544	0.245027	0.257178	0.254730	0.263037	0.255095	0.249520	0.252398	0.245687	0.253689	0.253241	0.257677	0.256437	0.256070	0.243723	0.261819	0.259767	0.264007	0.263801	0.265818	0.258019	0.265369	0.258479	0.261847	0.263075	0.267689	0.264945	0.262858	0.266963	0.258529	0.252832	0.263727	0.263991	0.262421	0.267128	
0.233558	0.239883	0.000000	0.232287	0.222955	0.216893	0.209650	0.225376	0.224915	0.219687	0.219579	0.241103	0.212294	0.229320	0.211964	0.229522	0.256229	0.258998	0.256255	0.256227	0.258069	0.259321	0.257720	0.258147	0.256364	0.259640	0.256847	0.256696	0.257949	0.257276	0.257367	0.256083	0.257596	0.259355	0.257517	0.256954	0.257570	0.258395	0.257735	0.259756	0.261093	0.259383	0.260121	0.261778	0.258237	0.259131	0.261729	0.260550	0.259871	0.259996	0.260743	0.261048	0.260463	0.259812	0.261386	0.260492	0.259464	0.260267	0.258428	0.260809	0.262172	0.259810	0.261454	0.259598	0.259783	0.261026	0.257278	0.254767	0.258195	0.255862	0.259489	0.255480	0.260015	0.253746	0.257571	0.258778	0.261525	0.258910	0.260014	0.260249	0.258147	0.260315	0.258824	0.256468	0.260230	0.258383	0.259191	0.256418	0.260802	0.261308	0.259468	0.258804	0.261056	0.260234	0.261756	0.258688	0.248462	0.251388	0.252060	0.249604	0.248077	0.247911	0.245571	0.259027	0.255166	0.262051	0.248027	0.255273	0.251160	0.251940	0.242200	0.261088	0.250913	0.247712	0.251698	0.246644	0.268746	0.266777	0.264510	0.271196	0.267009	0.266129	0.269295	0.264343	0.268048	0.269492	0.269658	0.261793	0.266440	0.262128	0.264473	0.262075	0.260308	0.262619	0.264524	0.267127	
0.222459	0.239179	0.232287	0.000000	0.211081	0.226376	0.211154	0.239734	0.228383	0.237777	0.239073	0.229592	0.230692	0.222307	0.227185	0.239045	0.212501	0.258553	0.256274	0.255508	0.257439	0.256263	0.255780	0.253359	0.254982	0.256100	0.255690	0.251088	0.257154	0.255813	0.254419	0.255608	0.252401	0.255661	0.252621	0.256558	0.257447	0.255919	0.254441	0.257392	0.252895	0.259957	0.257635	0.259712	0.259636	0.259748	0.259883	0.259933	0.258494	0.259938	0.257199	0.259859	0.260013	0.259148	0.259639	0.259207	0.258810	0.259063	0.257834	0.258771	0.259896	0.259715	0.260268	0.259322	0.259476	0.258751	0.257581	0.254595	0.258193	0.253726	0.258609	0.257646	0.259427	0.255454	0.258491	0.256537	0.256804	0.256583	0.258314	0.255988	0.258827	0.257275	0.256771	0.253138	0.256715	0.256373	0.257811	0.256545	0.254847	0.258162	0.257387	0.258149	0.260083	0.258498	0.258287	0.252833	0.255727	0.253058	0.256812	0.251792	0.261963	0.247490	0.258188	0.253227	0.252290	0.257811	0.257870	0.255283	0.247743	0.255340	0.243055	0.263642	0.256302	0.247542	0.259664	0.253076	0.267581	0.266733	0.258878	0.263825	0.264855	0.265558	0.267025	0.265864	0.267002	0.266017	0.265661	0.263927	0.265926	0.266043	0.257920	0.257751	0.256071	0.260149	0.264094	0.266950	
0.207078	0.239726	0.222955	0.211081	0.000000	0.190304	0.194659	0.237832	0.233514	0.228524	0.235362	0.243780	0.229366	0.207505	0.230372	0.241009	0.212830	0.257204	0.255635	0.256306	0.256233	0.255850	0.251185	0.256901	0.254003	0.258940	0.257262	0.257589	0.254788	0.255155	0.255476	0.257291	0.254794	0.256128	0.255752	0.256128	0.259446	0.256234	0.255655	0.257787	0.254144	0.257184	0.258009	0.259247	0.256146	0.258032	0.259044	0.259452	0.259378	0.258800	0.258765	0.261076	0.258967	0.258198	0.258138	0.258786	0.258306	0.260719	0.259122	0.260189	0.258564	0.258665	0.261073	0.258477	0.257644	0.259135	0.258497	0.255781	0.256686	0.257200	0.260281	0.257078	0.260631	0.254892	0.258119	0.255443	0.260216	0.257407	0.258483	0.260090	0.258593	0.257696	0.257770	0.258960	0.258813	0.258180	0.258305	0.258323	0.256208	0.257831	0.259240	0.256397	0.258647	0.258751	0.256956	0.253487	0.246555	0.255387	0.261252	0.255927	0.262431	0.259421	0.263984	0.248812	0.248975	0.258540	0.253933	0.255756	0.263721	0.252184	0.255858	0.261927	0.260817	0.253435	0.260036	0.256409	0.268013	0.267623	0.259504	0.264449	0.260100	0.264026	0.264595	0.259824	0.267555	0.264776	0.268196	0.262658	0.268098	0.262645	0.264095	0.258208	0.264025	0.261751	0.268151	0.266180	
0.192814	0.224591	0.216893	0.226376	0.190304	0.000000	0.191342	0.210830	0.235155	0.223647	0.228133	0.221609	0.231626	0.212425	0.213327	0.217948	0.220966	0.257416	0.256270	0.256650	0.256614	0.257607	0.256781	0.255970	0.254488	0.258173	0.257202	0.255607	0.255717	0.255965	0.255600	0.256917	0.253748	0.255293	0.255933	0.255928	0.257697	0.256000	0.256742	0.256817	0.257743	0.257477	0.258079	0.260170	0.257585	0.259000	0.258294	0.259430	0.260125	0.259873	0.258236	0.260053	0.260674	0.260024	0.259955	0.258710	0.258884	0.259288	0.259198	0.260204	0.258674	0.260177	0.259877	0.258286	0.257845	0.258692	0.257013	0.258668	0.256442	0.258457	0.258017	0.258203	0.257454	0.254232	0.257780	0.256943	0.255542	0.258540	0.257495	0.260497	0.257569	0.258520	0.258022	0.258446	0.257872	0.256721	0.258377	0.256730	0.256249	0.257349	0.260209	0.255374	0.258551	0.257272	0.257287	0.251745	0.253725	0.251258	0.260583	0.258638	0.256301	0.257855	0.252933	0.256369	0.249138	0.257018	0.253534	0.251456	0.259451	0.258252	0.246909	0.255906	0.256188	0.254184	0.258780	0.253282	0.267229	0.266983	0.261751	0.267841	0.263733	0.261804	0.266028	0.259524	0.265045	0.267752	0.265878	0.260488	0.263075	0.264029	0.259205	0.255946	0.258791	0.265334	0.259590	0.267158	
0.185712	0.235929	0.209650	0.211154	0.194659	0.191342	0.000000	0.225022	0.227103	0.229096	0.240492	0.235989	0.248567	0.208204	0.215377	0.239945	0.207304	0.252057	0.255449	0.256575	0.256826	0.256952	0.254338	0.254780	0.255635	0.257223	0.254232	0.257058	0.254066	0.253196	0.253954	0.253057	0.253001	0.256672	0.253914	0.255124	0.254245	0.255567	0.254203	0.256006	0.256376	0.256705	0.257763	0.258850	0.255834	0.257182	0.257619	0.255754	0.256768	0.256541	0.256714	0.257000	0.256416	0.257732	0.258030	0.256770	0.256942	0.255717	0.255133	0.256503	0.256891	0.256296	0.258563	0.255913	0.257177	0.256735	0.258106	0.255253	0.257386	0.256549	0.257310	0.253578	0.257762	0.253527	0.255198	0.254451	0.253720	0.256415	0.255411	0.258163	0.255603	0.256939	0.257388	0.255676	0.256880	0.254301	0.255184	0.256760	0.255261	0.256709	0.256837	0.255892	0.255716	0.255093	0.255903	0.253342	0.250971	0.254235	0.260398	0.255018	0.263594	0.258572	0.253036	0.256034	0.247188	0.255333	0.251483	0.251450	0.258104	0.250500	0.256318	0.257795	0.261078	0.254997	0.253958	0.247883	0.268363	0.265868	0.255316	0.264641	0.261312	0.260584	0.263733	0.255707	0.263249	0.263039	0.262702	0.256227	0.259907	0.259035	0.254730	0.253845	0.252339	0.258317	0.261412	0.260815	
0.207017	0.187876	0.225376	0.239734	0.237832	0.210830	0.225022	0.000000	0.199476	0.198350	0.187759	0.194435	0.219924	0.218366	0.215664	0.189867	0.210425	0.260336	0.253899	0.258771	0.256826	0.259240	0.259508	0.256318	0.259672	0.258682	0.257325	0.245358	0.255323	0.255755	0.255241	0.255572	0.255981	0.257968	0.256896	0.258997	0.258503	0.257689	0.259110	0.258091	0.261328	0.259257	0.259153	0.259913	0.259396	0.258545	0.260577	0.262187	0.260962	0.261318	0.260040	0.261693	0.260379	0.259649	0.261895	0.260867	0.259422	0.258016	0.260302	0.261948	0.261210	0.261422	0.260145	0.260710	0.260507	0.260691	0.258281	0.260062	0.259159	0.256137	0.250738	0.258302	0.253375	0.255233	0.259980	0.259395	0.253581	0.259270	0.258514	0.259800	0.258627	0.257817	0.261111	0.258534	0.258506	0.259290	0.257831	0.256823	0.257991	0.253979	0.258555	0.257543	0.259101	0.258344	0.259786	0.258067	0.255329	0.262643	0.247301	0.254262	0.247626	0.252025	0.246468	0.259220	0.252908	0.258878	0.250646	0.252555	0.251611	0.253118	0.251662	0.247735	0.252496	0.258729	0.253215	0.248910	0.262087	0.263771	0.262427	0.270176	0.266762	0.260594	0.267742	0.259881	0.262224	0.266847	0.270811	0.262281	0.259299	0.270100	0.253248	0.254382	0.261117	0.264145	0.258908	0.270442	
0.211252	0.208443	0.224915	0.228383	0.233514	0.235155	0.227103	0.199476	0.000000	0.197562	0.209001	0.199784	0.210212	0.228482	0.235582	0.212497	0.220251	0.259364	0.258018	0.261224	0.261058	0.259056	0.260540	0.253373	0.256379	0.260177	0.259551	0.254271	0.257326	0.257059	0.258299	0.258092	0.257254	0.257787	0.256349	0.257360	0.260135	0.260214	0.261124	0.257851	0.260590	0.260122	0.261198	0.263381	0.262765	0.261332	0.262134	0.263557	0.261002	0.260301	0.260888	0.264023	0.262116	0.261030	0.263728	0.263452	0.260952	0.261229	0.262172	0.263741	0.262094	0.263350	0.262711	0.261682	0.261899	0.259802	0.259464	0.260828	0.259564	0.258631	0.260234	0.256978	0.261665	0.253527	0.260128	0.261246	0.256918	0.259726	0.259369	0.260762	0.259488	0.260544	0.261673	0.259539	0.260520	0.259185	0.260351	0.261017	0.261759	0.262451	0.261584	0.260201	0.259910	0.259658	0.262440	0.258330	0.249170	0.261399	0.251516	0.251197	0.259399	0.255437	0.250756	0.258874	0.253356	0.257297	0.253231	0.250870	0.248347	0.250004	0.252391	0.257438	0.258900	0.254412	0.257789	0.253187	0.270372	0.271571	0.265109	0.269412	0.270428	0.268864	0.270821	0.267422	0.272499	0.269997	0.273613	0.264215	0.266877	0.270009	0.258609	0.258899	0.261249	0.263783	0.260761	0.270502	
0.202908	0.206566	0.219687	0.237777	0.228524	0.223647	0.229096	0.198350	0.197562	0.000000	0.217528	0.201443	0.220160	0.223268	0.227329	0.203149	0.225546	0.257542	0.252089	0.256082	0.255425	0.256006	0.255532	0.252627	0.254845	0.258406	0.256379	0.246465	0.256683	0.254202	0.253443	0.256216	0.251894	0.253811	0.256109	0.254405	0.256030	0.258972	0.257018	0.255626	0.257346	0.257194	0.258089	0.258186	0.256250	0.255962	0.258169	0.258983	0.256067	0.258794	0.257280	0.259280	0.259217	0.259453	0.259254	0.257806	0.256578	0.256464	0.257607	0.259188	0.260636	0.258817	0.257957	0.257334	0.259610	0.257296	0.258618	0.257424	0.257340	0.254402	0.255083	0.256926	0.256827	0.252357	0.258033	0.257105	0.255073	0.256798	0.255868	0.256086	0.255354	0.257476	0.256522	0.257370	0.255710	0.257074	0.258247	0.253908	0.257773	0.256422	0.255693	0.256609	0.257616	0.255008	0.256361	0.253995	0.253710	0.258380	0.250564	0.255365	0.257280	0.256924	0.246595	0.257559	0.246855	0.252662	0.247478	0.251480	0.248060	0.243253	0.250637	0.250100	0.253129	0.252424	0.257306	0.251289	0.266060	0.266845	0.261239	0.262692	0.261209	0.266434	0.266012	0.261947	0.267514	0.261877	0.270411	0.256732	0.263916	0.263577	0.255814	0.257249	0.259200	0.261347	0.259055	0.265759	
0.224853	0.198363	0.219579	0.239073	0.235362	0.228133	0.240492	0.187759	0.209001	0.217528	0.000000	0.207074	0.186398	0.201592	0.219296	0.206801	0.220129	0.261198	0.257817	0.260461	0.260659	0.260501	0.261646	0.259378	0.256239	0.259942	0.260840	0.251491	0.256854	0.257087	0.258129	0.257915	0.257103	0.256900	0.258460	0.258222	0.259819	0.261330	0.261470	0.256172	0.260664	0.262614	0.259799	0.263793	0.261205	0.260887	0.262141	0.263688	0.262699	0.262597	0.262287	0.263249	0.261278	0.261742	0.262427	0.262964	0.261964	0.262392	0.262027	0.263091	0.263534	0.263852	0.262269	0.262949	0.263561	0.263314	0.261384	0.261287	0.259669	0.256747	0.252522	0.257898	0.255563	0.256941	0.259884	0.261743	0.259938	0.260961	0.260123	0.260495	0.259028	0.260101	0.261425	0.260405	0.260195	0.261092	0.262357	0.256977	0.259544	0.258856	0.262120	0.259157	0.261429	0.261785	0.261837	0.258308	0.252604	0.261374	0.239001	0.247135	0.241953	0.254796	0.241115	0.257617	0.260243	0.259941	0.252085	0.255843	0.248986	0.242476	0.243654	0.249695	0.249522	0.252104	0.260187	0.239815	0.265554	0.268372	0.268840	0.271705	0.270393	0.264681	0.271518	0.263917	0.266803	0.270921	0.273829	0.266911	0.264492	0.270743	0.261960	0.266119	0.265336	0.266713	0.267844	0.271831	
0.219381	0.201936	0.241103	0.229592	0.243780	0.221609	0.235989	0.194435	0.199784	0.201443	0.207074	0.000000	0.220807	0.220160	0.203862	0.184858	0.207762	0.258670	0.254638	0.257776	0.255259	0.259034	0.255220	0.253315	0.255907	0.257659	0.256541	0.245738	0.255147	0.256416	0.253433	0.256677	0.252686	0.256234	0.253736	0.255527	0.257588	0.258523	0.254444	0.257179	0.259052	0.256933	0.256577	0.260140	0.260463	0.259816	0.258248	0.260954	0.260134	0.257631	0.258785	0.261031	0.260052	0.258642	0.259737	0.259615	0.259193	0.256349	0.257357	0.258790	0.259000	0.260783	0.260068	0.258645	0.259331	0.257827	0.254167	0.258575	0.256834	0.256811	0.252410	0.257591	0.250387	0.254664	0.258111	0.258786	0.253772	0.256844	0.258325	0.256933	0.257170	0.258126	0.258150	0.254596	0.257155	0.256008	0.258077	0.256585	0.256778	0.251438	0.257363	0.256090	0.258459	0.258251	0.257353	0.255064	0.254193	0.258396	0.252772	0.248511	0.250376	0.257176	0.253246	0.256646	0.248189	0.259921	0.250254	0.251672	0.260761	0.256796	0.255045	0.250896	0.254355	0.255657	0.258307	0.256711	0.266606	0.264138	0.259366	0.267638	0.264546	0.262798	0.267756	0.259835	0.261235	0.265869	0.267266	0.265680	0.261495	0.266105	0.253965	0.256494	0.259668	0.267621	0.260685	0.267512	
0.230726	0.212406	0.212294	0.230692	0.229366	0.231626	0.248567	0.219924	0.210212	0.220160	0.186398	0.220807	0.000000	0.219026	0.227176	0.197666	0.240658	0.260763	0.257057	0.259155	0.255639	0.256502	0.257742	0.254770	0.255578	0.256728	0.257043	0.254722	0.256521	0.257015	0.257044	0.257044	0.256076	0.256561	0.256543	0.254992	0.257343	0.258682	0.257753	0.256867	0.256996	0.257938	0.258306	0.262098	0.259819	0.260583	0.260111	0.261623	0.259697	0.259436	0.259613	0.261478	0.261684	0.259788	0.260484	0.261137	0.259503	0.260337	0.258875	0.260396	0.261254	0.261252	0.260105	0.259449	0.259961	0.259766	0.255582	0.260144	0.258295	0.249099	0.254813	0.255991	0.259254	0.252243	0.259194	0.259872	0.258907	0.257611	0.257125	0.257170	0.258276	0.258581	0.257630	0.256887	0.258237	0.257943	0.258543	0.252520	0.257708	0.258645	0.259995	0.258119	0.260668	0.259365	0.261040	0.256362	0.245413	0.254441	0.243343	0.238827	0.242877	0.259715	0.248950	0.259769	0.252339	0.259659	0.245589	0.251972	0.244282	0.244438	0.245132	0.258448	0.241980	0.255780	0.256355	0.244458	0.268452	0.268698	0.261611	0.267328	0.265800	0.267149	0.268572	0.265231	0.269232	0.267001	0.269267	0.263531	0.265339	0.264409	0.258031	0.264155	0.257787	0.262784	0.266621	0.267812	
0.200662	0.203517	0.229320	0.222307	0.207505	0.212425	0.208204	0.218366	0.228482	0.223268	0.201592	0.220160	0.219026	0.000000	0.237548	0.233188	0.190828	0.254349	0.252128	0.253653	0.254812	0.257362	0.257552	0.253088	0.254671	0.256677	0.255536	0.256977	0.253340	0.252817	0.251657	0.257306	0.254445	0.253761	0.251371	0.251666	0.257670	0.255622	0.258572	0.255835	0.256637	0.257279	0.256019	0.259928	0.256042	0.257615	0.257932	0.260359	0.259440	0.257676	0.257746	0.257718	0.259071	0.258899	0.259504	0.257694	0.257585	0.255978	0.256178	0.259898	0.258982	0.259156	0.258546	0.257864	0.257728	0.259035	0.257029	0.253780	0.257757	0.253655	0.254493	0.257114	0.260263	0.251596	0.257134	0.255848	0.255700	0.255398	0.256343	0.258159	0.255471	0.258370	0.257126	0.257365	0.256010	0.255911	0.256284	0.256015	0.257703	0.257536	0.257432	0.255751	0.257264	0.256556	0.258235	0.256072	0.256568	0.255548	0.259794	0.255034	0.259916	0.256255	0.258724	0.257584	0.250577	0.260294	0.254152	0.260893	0.261412	0.252572	0.252639	0.260520	0.265276	0.260045	0.256406	0.253463	0.264886	0.264282	0.257917	0.266898	0.259879	0.257091	0.265801	0.255133	0.258906	0.265003	0.265481	0.261562	0.262400	0.262279	0.262666	0.261001	0.254529	0.262962	0.264525	0.263591	
0.232502	0.223376	0.211964	0.227185	0.230372	0.213327	0.215377	0.215664	0.235582	0.227329	0.219296	0.203862	0.227176	0.237548	0.000000	0.221589	0.235144	0.258090	0.256136	0.258143	0.257651	0.256839	0.250208	0.253823	0.251717	0.256733	0.256079	0.250408	0.254112	0.256084	0.255205	0.253516	0.252456	0.256478	0.258429	0.257159	0.257156	0.257801	0.251773	0.255842	0.255233	0.258033	0.258493	0.260933	0.258780	0.259224	0.259205	0.260457	0.260206	0.259669	0.259317	0.261450	0.260691	0.260218	0.260110	0.260830	0.258539	0.258725	0.258359	0.258894	0.261266	0.259488	0.261277	0.258207	0.259356	0.259375	0.257612	0.258326	0.257753	0.254740	0.251577	0.256149	0.254835	0.258243	0.256342	0.257472	0.256941	0.255302	0.258120	0.260228	0.258721	0.255254	0.257678	0.253663	0.257005	0.256039	0.259325	0.258860	0.260153	0.253077	0.259591	0.258097	0.259155	0.258221	0.259378	0.249581	0.257797	0.257217	0.249513	0.249387	0.254065	0.259014	0.250938	0.260578	0.251307	0.261500	0.252773	0.248906	0.252478	0.253866	0.249596	0.259642	0.250270	0.262211	0.257626	0.250922	0.267718	0.266545	0.263298	0.266408	0.262155	0.266302	0.269722	0.265131	0.267465	0.263010	0.265730	0.269110	0.263650	0.265560	0.261158	0.259933	0.255631	0.266310	0.267190	0.269069	
0.225173	0.214119	0.229522	0.239045	0.241009	0.217948	0.239945	0.189867	0.212497	0.203149	0.206801	0.184858	0.197666	0.233188	0.221589	0.000000	0.216373	0.257280	0.255057	0.258901	0.257617	0.257766	0.256390	0.256728	0.254443	0.257857	0.255409	0.252842	0.254548	0.254942	0.255678	0.258032	0.256703	0.255812	0.259268	0.255996	0.255259	0.259608	0.256890	0.256802	0.260364	0.258259	0.260444	0.260113	0.260622	0.259936	0.261247	0.260343	0.259901	0.258727	0.260878	0.261899	0.261122	0.259346	0.261293	0.259877	0.259046	0.257998	0.259450	0.261353	0.261120	0.260036	0.258416	0.258750	0.260566	0.259790	0.257900	0.258735	0.258028	0.255821	0.252752	0.257267	0.256853	0.255196	0.258998	0.258471	0.254789	0.257978	0.260389	0.258334	0.257709	0.259558	0.259580	0.256673	0.258086	0.257684	0.258930	0.255796	0.256653	0.256220	0.261444	0.259448	0.258043	0.256762	0.260008	0.254015	0.250271	0.255413	0.249422	0.249324	0.244204	0.251147	0.250859	0.257745	0.246818	0.258376	0.247739	0.246143	0.246287	0.255233	0.242715	0.251245	0.251797	0.251535	0.254495	0.248761	0.270126	0.268644	0.265521	0.269861	0.266724	0.267254	0.270643	0.265038	0.270241	0.267881	0.270836	0.262748	0.262252	0.269347	0.257421	0.261957	0.260814	0.267683	0.255398	0.269826	
0.193777	0.216005	0.256229	0.212501	0.212830	0.220966	0.207304	0.210425	0.220251	0.225546	0.220129	0.207762	0.240658	0.190828	0.235144	0.216373	0.000000	0.257710	0.251889	0.258537	0.257949	0.259320	0.254211	0.256539	0.253841	0.257614	0.257108	0.248814	0.255510	0.257055	0.255476	0.258160	0.257074	0.255625	0.253869	0.257188	0.258856	0.258842	0.254023	0.255256	0.256254	0.259468	0.257517	0.259408	0.257716	0.260570	0.258065	0.261152	0.261211	0.259750	0.258999	0.261049	0.260579	0.258834	0.261040	0.259980	0.260086	0.259589	0.257334	0.260423	0.259931	0.260652	0.260158	0.260066	0.259133	0.259341	0.258783	0.259164	0.259628	0.259534	0.255031	0.257697	0.258359	0.257602	0.259137	0.257024	0.251853	0.257322	0.259033	0.260605	0.258565	0.257490	0.259196	0.259829	0.258159	0.258400	0.259711	0.257320	0.256851	0.255893	0.258968	0.256438	0.259104	0.258689	0.257466	0.253829	0.257690	0.259070	0.256800	0.258545	0.260101	0.260300	0.255980	0.256875	0.249312	0.262618	0.258003	0.259266	0.257080	0.259326	0.257683	0.257326	0.261132	0.264436	0.256690	0.255387	0.263764	0.265686	0.262344	0.262524	0.263070	0.261563	0.265470	0.262391	0.264635	0.263353	0.270152	0.263110	0.262436	0.269448	0.258162	0.255509	0.257596	0.264423	0.257831	0.270040	
0.258309	0.255427	0.258998	0.258553	0.257204	0.257416	0.252057	0.260336	0.259364	0.257542	0.261198	0.258670	0.260763	0.254349	0.258090	0.257280	0.257710	0.000000	0.246049	0.241736	0.246400	0.244918	0.246311	0.245655	0.247929	0.246433	0.244659	0.251021	0.245436	0.243746	0.244481	0.244228	0.245337	0.244415	0.247655	0.245142	0.245874	0.245423	0.246803	0.244934	0.246317	0.247454	0.249210	0.249162	0.247793	0.246067	0.245613	0.247290	0.246765	0.246067	0.247529	0.247405	0.246875	0.246529	0.247177	0.248442	0.245670	0.247750	0.247548	0.248291	0.248302	0.248194	0.248536	0.247454	0.248031	0.247151	0.246625	0.246234	0.249076	0.247040	0.248755	0.245867	0.249978	0.247116	0.248091	0.246015	0.246377	0.243725	0.247080	0.248491	0.245495	0.245207	0.247494	0.246908	0.245842	0.247785	0.246235	0.245597	0.245490	0.245790	0.244909	0.247370	0.246164	0.246509	0.246207	0.249731	0.256022	0.255530	0.261390	0.258422	0.260412	0.258930	0.256667	0.258688	0.254129	0.256407	0.258903	0.256165	0.261084	0.258420	0.258308	0.256687	0.263060	0.261092	0.258195	0.256008	0.260086	0.256634	0.256201	0.257709	0.256774	0.256253	0.257461	0.256374	0.259209	0.259903	0.256391	0.258714	0.257617	0.259229	0.258687	0.260144	0.259781	0.258926	0.260549	0.259164	
0.252308	0.254259	0.256255	0.256274	0.255635	0.256270	0.255449	0.253899	0.258018	0.252089	0.257817	0.254638	0.257057	0.252128	0.256136	0.255057	0.251889	0.246049	0.000000	0.243427	0.242658	0.245025	0.243778	0.245271	0.246148	0.245049	0.245011	0.245194	0.244116	0.243754	0.241581	0.243441	0.243626	0.243603	0.245423	0.245335	0.242559	0.243286	0.245353	0.244534	0.247000	0.244734	0.244689	0.247716	0.244407	0.245134	0.246586	0.246521	0.245207	0.245555	0.248166	0.246956	0.245116	0.246086	0.246543	0.246839	0.245132	0.245906	0.245202	0.246033	0.245058	0.247207	0.247269	0.246327	0.247374	0.246586	0.249003	0.246332	0.246730	0.245381	0.247052	0.247248	0.244933	0.245298	0.245932	0.245830	0.246970	0.246613	0.244050	0.245713	0.245422	0.246685	0.244893	0.244712	0.243604	0.245183	0.245856	0.244835	0.243603	0.246246	0.245027	0.245748	0.246363	0.245210	0.244246	0.247297	0.256165	0.255823	0.260634	0.259426	0.258229	0.258797	0.255929	0.257189	0.254871	0.256798	0.257235	0.253463	0.259596	0.256255	0.257927	0.256352	0.257340	0.262360	0.256786	0.253884	0.255847	0.255360	0.254212	0.255835	0.254860	0.254887	0.256413	0.255477	0.258066	0.257806	0.259089	0.256574	0.256485	0.261514	0.259619	0.258573	0.258607	0.258882	0.257428	0.258728	
0.256483	0.259227	0.256227	0.255508	0.256306	0.256650	0.256575	0.258771	0.261224	0.256082	0.260461	0.257776	0.259155	0.253653	0.258143	0.258901	0.258537	0.241736	0.243427	0.000000	0.246701	0.245073	0.247868	0.244901	0.247327	0.244367	0.245158	0.249811	0.245140	0.244325	0.244612	0.245560	0.244529	0.245273	0.247384	0.240563	0.245939	0.245234	0.246881	0.246830	0.246419	0.246586	0.246998	0.246859	0.248541	0.246523	0.249004	0.248805	0.246865	0.247146	0.245623	0.247727	0.248364	0.247145	0.248029	0.247410	0.246587	0.248871	0.246527	0.249616	0.248172	0.249232	0.247382	0.248467	0.247258	0.248414	0.249573	0.241822	0.246791	0.247684	0.249100	0.245570	0.249032	0.245591	0.246018	0.245709	0.248479	0.246726	0.248521	0.248201	0.247575	0.247642	0.246920	0.248179	0.247206	0.246851	0.247338	0.245311	0.246718	0.247511	0.248653	0.245995	0.247739	0.247608	0.246700	0.249867	0.251600	0.256646	0.259485	0.260895	0.261912	0.258712	0.258500	0.256643	0.254252	0.258629	0.258487	0.258512	0.261154	0.257844	0.257900	0.258466	0.261126	0.259139	0.257608	0.257822	0.259751	0.257692	0.256349	0.259165	0.257994	0.258892	0.260083	0.258511	0.259798	0.260627	0.259967	0.259651	0.261051	0.260672	0.261918	0.257891	0.259963	0.258357	0.262615	0.261986	
0.258280	0.255369	0.258069	0.257439	0.256233	0.256614	0.256826	0.256826	0.261058	0.255425	0.260659	0.255259	0.255639	0.254812	0.257651	0.257617	0.257949	0.246400	0.242658	0.246701	0.000000	0.243519	0.245694	0.245480	0.246469	0.243941	0.243517	0.248209	0.245073	0.244501	0.244057	0.243817	0.242961	0.243668	0.248434	0.245875	0.245471	0.244271	0.246780	0.244750	0.244360	0.247271	0.246178	0.249588	0.245545	0.244993	0.245644	0.248196	0.246318	0.245866	0.249008	0.245997	0.247859	0.246071	0.248023	0.246982	0.246706	0.247717	0.245347	0.249023	0.246972	0.248332	0.247543	0.246865	0.245924	0.246013	0.248385	0.246504	0.246246	0.247415	0.248155	0.246540	0.248497	0.246793	0.247865	0.245422	0.244899	0.246598	0.245925	0.246664	0.245531	0.246445	0.245183	0.246286	0.245702	0.246345	0.246488	0.248372	0.245354	0.245932	0.247485	0.245397	0.245201	0.248054	0.248067	0.249241	0.255496	0.256072	0.259366	0.259211	0.261755	0.260477	0.257716	0.258437	0.257041	0.258524	0.256611	0.256253	0.261021	0.258558	0.257761	0.258835	0.260288	0.261310	0.258318	0.256083	0.259584	0.256476	0.254866	0.256728	0.256381	0.256373	0.259659	0.256876	0.259570	0.259424	0.263173	0.257550	0.260241	0.260940	0.261794	0.259570	0.258184	0.258722	0.262402	0.261087	
0.258614	0.258230	0.259321	0.256263	0.255850	0.257607	0.256952	0.259240	0.259056	0.256006	0.260501	0.259034	0.256502	0.257362	0.256839	0.257766	0.259320	0.244918	0.245025	0.245073	0.243519	0.000000	0.245363	0.244703	0.246218	0.244249	0.243276	0.248984	0.245195	0.244325	0.242925	0.244460	0.242107	0.243411	0.246940	0.244063	0.244818	0.244252	0.245007	0.246112	0.245659	0.246160	0.247145	0.247201	0.246131	0.247653	0.247898	0.248179	0.246400	0.248033	0.246707	0.247072	0.247156	0.247548	0.245918	0.247444	0.246805	0.246892	0.246197	0.248590	0.247922	0.247303	0.247696	0.246956	0.245900	0.248407	0.247459	0.248145	0.246565	0.245845	0.249861	0.246980	0.249190	0.244766	0.246852	0.246224	0.245850	0.245091	0.246865	0.246327	0.247945	0.247020	0.246913	0.247239	0.245213	0.245829	0.247003	0.246942	0.248454	0.247770	0.246054	0.245310	0.247297	0.246578	0.245935	0.249422	0.255385	0.256095	0.259727	0.259607	0.259892	0.257804	0.260202	0.257830	0.255899	0.256522	0.258450	0.257808	0.261274	0.259156	0.258046	0.256949	0.259816	0.261852	0.257942	0.256744	0.258528	0.256750	0.254582	0.255639	0.254526	0.254992	0.257784	0.255844	0.259380	0.257287	0.261634	0.258594	0.259631	0.261711	0.259958	0.260063	0.259125	0.257563	0.260952	0.260686	
0.258570	0.250976	0.257720	0.255780	0.251185	0.256781	0.254338	0.259508	0.260540	0.255532	0.261646	0.255220	0.257742	0.257552	0.250208	0.256390	0.254211	0.246311	0.243778	0.247868	0.245694	0.245363	0.000000	0.246976	0.240008	0.246114	0.247011	0.251159	0.245451	0.245806	0.245045	0.245985	0.245959	0.247468	0.246778	0.246119	0.246696	0.247685	0.240785	0.247385	0.243782	0.247946	0.248553	0.250878	0.247435	0.248549	0.249059	0.250151	0.249234	0.247930	0.249820	0.248692	0.248627	0.250205	0.248011	0.248429	0.248867	0.248379	0.248225	0.250579	0.250008	0.247970	0.250733	0.249182	0.249371	0.248665	0.249601	0.249940	0.248732	0.246705	0.251905	0.247408	0.251497	0.247368	0.249622	0.247195	0.249329	0.246723	0.244670	0.248021	0.247938	0.246329	0.247773	0.249674	0.246733	0.247614	0.248925	0.247972	0.248829	0.247270	0.247905	0.249434	0.248846	0.246083	0.246561	0.246721	0.256711	0.255994	0.253196	0.260980	0.258343	0.256873	0.257794	0.255232	0.257369	0.259604	0.258828	0.255478	0.260575	0.256955	0.259356	0.259261	0.257239	0.262077	0.258162	0.249657	0.260229	0.258549	0.257994	0.259994	0.258632	0.259606	0.260261	0.258863	0.263080	0.258273	0.264152	0.257255	0.261674	0.259269	0.262216	0.254390	0.261883	0.255712	0.263090	0.264529	
0.253462	0.255327	0.258147	0.253359	0.256901	0.255970	0.254780	0.256318	0.253373	0.252627	0.259378	0.253315	0.254770	0.253088	0.253823	0.256728	0.256539	0.245655	0.245271	0.244901	0.245480	0.244703	0.246976	0.000000	0.248064	0.246610	0.245143	0.248129	0.244021	0.245534	0.243303	0.247687	0.244289	0.244626	0.248036	0.245715	0.244268	0.246481	0.246441	0.245828	0.247324	0.247862	0.248263	0.249385	0.247456	0.247343	0.246601	0.248832	0.247926	0.248530	0.246997	0.248459	0.248941	0.246955	0.247737	0.247805	0.248067	0.247455	0.246699	0.250159	0.248460	0.249055	0.249122	0.247950	0.246964	0.249814	0.247833	0.246472	0.247791	0.246303	0.246749	0.247858	0.249687	0.244709	0.249623	0.247376	0.247467	0.247750	0.247051	0.246233	0.247451	0.246107	0.248816	0.245377	0.244591	0.245254	0.248047	0.246478	0.247821	0.247501	0.247969	0.246966	0.247843	0.247945	0.246630	0.248423	0.252423	0.252229	0.255187	0.255225	0.255789	0.259024	0.257488	0.255506	0.248427	0.256422	0.251792	0.253685	0.253329	0.253287	0.253669	0.257863	0.256289	0.258304	0.255525	0.255443	0.256606	0.255942	0.251690	0.259060	0.256746	0.255482	0.258298	0.258686	0.258622	0.260226	0.259587	0.259378	0.260133	0.257135	0.256563	0.257015	0.255874	0.260276	0.261900	0.257159	
0.255160	0.252618	0.256364	0.254982	0.254003	0.254488	0.255635	0.259672	0.256379	0.254845	0.256239	0.255907	0.255578	0.254671	0.251717	0.254443	0.253841	0.247929	0.246148	0.247327	0.246469	0.246218	0.240008	0.248064	0.000000	0.246304	0.246842	0.250272	0.246910	0.245264	0.245790	0.246309	0.245083	0.245756	0.248956	0.245972	0.245949	0.246233	0.243004	0.246624	0.247856	0.247943	0.247428	0.249884	0.248210	0.246271	0.248256	0.249887	0.249141	0.247845	0.248599	0.249396	0.248344	0.248515	0.249902	0.250108	0.248507	0.249739	0.247652	0.250267	0.249929	0.250171	0.248892	0.248902	0.248028	0.248674	0.250229	0.248800	0.247287	0.248345	0.249107	0.249841	0.248467	0.245056	0.247878	0.248706	0.246762	0.249004	0.250185	0.246994	0.248199	0.249271	0.249219	0.247845	0.246227	0.247500	0.248906	0.248093	0.248408	0.248934	0.249188	0.249863	0.248290	0.248280	0.247863	0.244312	0.256584	0.253660	0.259548	0.259697	0.258199	0.259223	0.257263	0.255219	0.256196	0.256784	0.255631	0.255241	0.261430	0.256094	0.256831	0.260325	0.259832	0.261686	0.256982	0.252135	0.260018	0.257629	0.256844	0.261576	0.258527	0.257804	0.260061	0.259366	0.259810	0.260436	0.261362	0.255745	0.261532	0.257213	0.260776	0.258482	0.259429	0.256240	0.262894	0.261411	
0.257463	0.256388	0.259640	0.256100	0.258940	0.258173	0.257223	0.258682	0.260177	0.258406	0.259942	0.257659	0.256728	0.256677	0.256733	0.257857	0.257614	0.246433	0.245049	0.244367	0.243941	0.244249	0.246114	0.246610	0.246304	0.000000	0.246197	0.246477	0.243642	0.243858	0.242668	0.244368	0.243004	0.242407	0.247825	0.242567	0.243719	0.244586	0.244614	0.243677	0.246401	0.245797	0.245398	0.246785	0.245091	0.245781	0.247268	0.247092	0.244555	0.246136	0.245847	0.244848	0.246525	0.245394	0.246079	0.245745	0.245649	0.245010	0.244057	0.246268	0.245896	0.248068	0.247272	0.245837	0.245531	0.246408	0.247889	0.246693	0.244915	0.243905	0.248421	0.246588	0.247415	0.246305	0.244461	0.244512	0.244817	0.245010	0.245822	0.246389	0.246373	0.245080	0.246726	0.246586	0.246341	0.245325	0.246242	0.245714	0.246131	0.247329	0.245934	0.244502	0.247223	0.243728	0.246535	0.246879	0.255058	0.256178	0.259133	0.259250	0.262740	0.258842	0.259138	0.256948	0.256198	0.256086	0.256627	0.255673	0.261012	0.258490	0.257465	0.256507	0.261751	0.261748	0.256868	0.257080	0.257998	0.255175	0.254366	0.258314	0.257370	0.254745	0.257266	0.256848	0.258724	0.258139	0.260440	0.257844	0.260070	0.260568	0.259671	0.259828	0.257017	0.258097	0.258707	0.259718	
0.257289	0.257507	0.256847	0.255690	0.257262	0.257202	0.254232	0.257325	0.259551	0.256379	0.260840	0.256541	0.257043	0.255536	0.256079	0.255409	0.257108	0.244659	0.245011	0.245158	0.243517	0.243276	0.247011	0.245143	0.246842	0.246197	0.000000	0.248319	0.242734	0.242076	0.242766	0.243871	0.241437	0.245516	0.244888	0.243590	0.243491	0.245930	0.245136	0.243546	0.244559	0.245443	0.246174	0.248675	0.246426	0.245961	0.246962	0.246669	0.246008	0.246379	0.245377	0.247207	0.247586	0.245214	0.246303	0.245526	0.245882	0.244975	0.245854	0.249052	0.244971	0.246562	0.247678	0.245186	0.245421	0.246422	0.248171	0.245201	0.244463	0.243565	0.248293	0.244820	0.246320	0.245850	0.244448	0.245643	0.244750	0.245306	0.246132	0.245310	0.246394	0.246221	0.247123	0.246260	0.244109	0.245566	0.244987	0.244865	0.245508	0.245732	0.246571	0.245572	0.245069	0.245347	0.245202	0.247492	0.254318	0.254022	0.259916	0.259429	0.260163	0.259855	0.258063	0.256392	0.255949	0.257406	0.255218	0.255964	0.260587	0.252879	0.257444	0.255948	0.261049	0.259735	0.256263	0.255357	0.259680	0.254875	0.256050	0.257697	0.255914	0.255862	0.255888	0.257165	0.257856	0.258684	0.256911	0.256267	0.258923	0.258800	0.257323	0.260704	0.257605	0.256859	0.259963	0.259809	
0.249919	0.249203	0.256696	0.251088	0.257589	0.255607	0.257058	0.245358	0.254271	0.246465	0.251491	0.245738	0.254722	0.256977	0.250408	0.252842	0.248814	0.251021	0.245194	0.249811	0.248209	0.248984	0.251159	0.248129	0.250272	0.246477	0.248319	0.000000	0.248294	0.247279	0.249819	0.249624	0.246421	0.247656	0.250863	0.248791	0.249699	0.250259	0.250689	0.249108	0.250968	0.251454	0.251376	0.252125	0.252782	0.251250	0.250835	0.252696	0.251325	0.250985	0.250399	0.252563	0.252551	0.250302	0.251887	0.250547	0.250458	0.251305	0.250122	0.253027	0.252157	0.251591	0.252310	0.249911	0.250987	0.250592	0.250935	0.250562	0.250302	0.248369	0.250988	0.250494	0.247495	0.248635	0.250891	0.250272	0.250612	0.250195	0.250308	0.246822	0.250375	0.250633	0.251642	0.250097	0.248227	0.250340	0.251374	0.250915	0.251091	0.246828	0.249522	0.252011	0.249901	0.249370	0.251256	0.248873	0.258787	0.250854	0.256748	0.260505	0.258824	0.259974	0.257057	0.260235	0.258660	0.254175	0.257462	0.257428	0.262025	0.259067	0.258452	0.254944	0.256152	0.260147	0.259754	0.256586	0.251544	0.253532	0.250950	0.244865	0.250198	0.249974	0.250388	0.253390	0.252775	0.248256	0.263925	0.262001	0.262560	0.262042	0.258903	0.260623	0.261001	0.256709	0.260741	0.262896	
0.255959	0.255632	0.257949	0.257154	0.254788	0.255717	0.254066	0.255323	0.257326	0.256683	0.256854	0.255147	0.256521	0.253340	0.254112	0.254548	0.255510	0.245436	0.244116	0.245140	0.245073	0.245195	0.245451	0.244021	0.246910	0.243642	0.242734	0.248294	0.000000	0.243077	0.242267	0.244022	0.243726	0.241598	0.246619	0.242609	0.244545	0.242888	0.244996	0.243195	0.244383	0.246474	0.244818	0.246936	0.244568	0.243125	0.245233	0.246724	0.245431	0.247017	0.246413	0.244124	0.245857	0.245858	0.245084	0.248230	0.244089	0.245499	0.244103	0.247362	0.245915	0.247115	0.245866	0.244441	0.244513	0.243665	0.246316	0.245922	0.246539	0.244864	0.246234	0.245887	0.247511	0.246590	0.245946	0.245512	0.245635	0.244555	0.245730	0.247172	0.244731	0.245328	0.247154	0.243761	0.244281	0.242190	0.244268	0.243583	0.246293	0.244229	0.244049	0.245922	0.244236	0.245701	0.244563	0.246504	0.254628	0.255069	0.257738	0.259235	0.259766	0.258705	0.257890	0.258184	0.253773	0.256779	0.256545	0.254479	0.260413	0.254974	0.257168	0.257015	0.260346	0.260908	0.256135	0.256075	0.254765	0.251949	0.253131	0.256717	0.253786	0.254579	0.256645	0.256890	0.255176	0.255579	0.259988	0.258228	0.258818	0.258981	0.257669	0.257145	0.256460	0.258556	0.260431	0.258399	
0.256043	0.255900	0.257276	0.255813	0.255155	0.255965	0.253196	0.255755	0.257059	0.254202	0.257087	0.256416	0.257015	0.252817	0.256084	0.254942	0.257055	0.243746	0.243754	0.244325	0.244501	0.244325	0.245806	0.245534	0.245264	0.243858	0.242076	0.247279	0.243077	0.000000	0.243077	0.244767	0.243280	0.243166	0.246672	0.242696	0.244379	0.243790	0.244094	0.244242	0.245001	0.243566	0.245050	0.245902	0.243911	0.245824	0.245094	0.246346	0.245238	0.245654	0.244301	0.245134	0.247890	0.245403	0.246324	0.247064	0.243870	0.246097	0.244872	0.244627	0.246006	0.245436	0.247988	0.245812	0.244944	0.245620	0.245901	0.245667	0.245015	0.242754	0.246269	0.245286	0.245759	0.243894	0.244454	0.245173	0.243926	0.244131	0.244077	0.244948	0.244132	0.244794	0.246442	0.244459	0.243669	0.243782	0.243401	0.244895	0.245967	0.245306	0.245158	0.244751	0.243398	0.244424	0.243689	0.246617	0.255157	0.253877	0.256789	0.259528	0.261208	0.256410	0.259185	0.255066	0.255474	0.256339	0.256293	0.256741	0.260704	0.254948	0.255428	0.256815	0.260813	0.259868	0.255808	0.255792	0.257668	0.255235	0.255462	0.257445	0.256644	0.254554	0.256224	0.257209	0.258006	0.256182	0.259643	0.256119	0.258108	0.260866	0.257689	0.257837	0.256339	0.258235	0.261174	0.259853	
0.255429	0.255237	0.257367	0.254419	0.255476	0.255600	0.253954	0.255241	0.258299	0.253443	0.258129	0.253433	0.257044	0.251657	0.255205	0.255678	0.255476	0.244481	0.241581	0.244612	0.244057	0.242925	0.245045	0.243303	0.245790	0.242668	0.242766	0.249819	0.242267	0.243077	0.000000	0.243637	0.241769	0.243385	0.244067	0.244402	0.243139	0.244150	0.247613	0.244895	0.246008	0.247066	0.244282	0.246867	0.243770	0.244560	0.245226	0.246150	0.245403	0.244777	0.245247	0.245449	0.246045	0.246316	0.245375	0.246320	0.244692	0.245317	0.245308	0.244683	0.245933	0.244668	0.246025	0.244322	0.244707	0.246245	0.246457	0.245963	0.245924	0.243832	0.248184	0.245371	0.248030	0.243589	0.246957	0.242544	0.244840	0.244614	0.243917	0.243937	0.243931	0.246711	0.244807	0.244574	0.242207	0.244613	0.245822	0.244569	0.243913	0.245163	0.244744	0.245969	0.244358	0.246410	0.244790	0.247736	0.253604	0.254716	0.257507	0.259085	0.261036	0.258281	0.258633	0.255963	0.255520	0.254935	0.256148	0.253515	0.257915	0.255619	0.254388	0.256124	0.260415	0.260689	0.256661	0.253552	0.255635	0.256555	0.253478	0.256166	0.254910	0.255889	0.256622	0.256279	0.257093	0.256982	0.259082	0.256766	0.259097	0.258885	0.257978	0.258603	0.256204	0.256579	0.258053	0.260385	
0.256774	0.256978	0.256083	0.255608	0.257291	0.256917	0.253057	0.255572	0.258092	0.256216	0.257915	0.256677	0.257044	0.257306	0.253516	0.258032	0.258160	0.244228	0.243441	0.245560	0.243817	0.244460	0.245985	0.247687	0.246309	0.244368	0.243871	0.249624	0.244022	0.244767	0.243637	0.000000	0.243872	0.245838	0.246471	0.242970	0.246781	0.246054	0.247797	0.242819	0.243088	0.245827	0.246040	0.248307	0.246419	0.244407	0.247287	0.247985	0.245357	0.246102	0.244609	0.246788	0.247636	0.247420	0.246022	0.248410	0.245631	0.245853	0.244930	0.247535	0.246496	0.247414	0.246643	0.246374	0.246408	0.247928	0.248335	0.245799	0.246556	0.245776	0.247961	0.246557	0.249249	0.245889	0.246317	0.246226	0.246979	0.244658	0.245236	0.244377	0.246260	0.244615	0.245962	0.243731	0.244604	0.245239	0.247008	0.245586	0.246947	0.245982	0.247068	0.245218	0.247659	0.246782	0.245555	0.248288	0.255832	0.257570	0.257404	0.258594	0.258239	0.257751	0.256484	0.256808	0.257230	0.257336	0.258071	0.255383	0.260290	0.255396	0.254702	0.255828	0.260204	0.260465	0.258985	0.251371	0.258174	0.257196	0.257864	0.256769	0.258387	0.259102	0.259395	0.259576	0.260191	0.258702	0.261361	0.254787	0.259026	0.259351	0.257574	0.257752	0.254596	0.255626	0.261326	0.260231	
