1.001419	0.191368	0.075920	0.113788	0.172956	0.223210	0.242263	0.169909	0.162943	0.183220	0.107564	0.128261	0.085029	0.190270	0.076979	0.102965	0.226242	-0.032358	-0.015951	-0.024795	-0.029141	-0.032380	-0.032456	-0.016323	-0.019558	-0.031449	-0.032900	-0.000134	-0.028342	-0.028147	-0.025657	-0.028932	-0.032635	-0.029205	-0.029184	-0.028742	-0.031321	-0.027197	-0.029693	-0.025672	-0.026470	-0.031095	-0.030006	-0.032084	-0.034476	-0.033425	-0.035680	-0.036167	-0.035560	-0.035469	-0.034154	-0.037223	-0.034076	-0.034088	-0.035771	-0.034533	-0.033449	-0.028662	-0.032031	-0.037557	-0.031202	-0.033497	-0.033337	-0.032807	-0.033286	-0.030378	-0.031495	-0.033552	-0.032317	-0.032659	-0.028739	-0.028935	-0.032512	-0.019258	-0.027866	-0.029246	-0.028764	-0.031348	-0.031702	-0.032462	-0.031981	-0.034302	-0.028393	-0.035629	-0.037830	-0.027803	-0.034693	-0.025477	-0.033436	-0.032256	-0.027995	-0.019469	-0.030009	-0.029029	-0.032319	-0.012693	-0.011354	-0.018145	-0.023769	-0.002827	-0.026563	-0.005625	0.010650	-0.016504	0.007984	-0.007295	0.005815	0.012906	-0.002749	-0.016864	-0.004945	-0.018266	-0.007747	-0.004029	-0.010153	-0.006890	-0.022675	-0.038277	-0.022203	-0.028284	-0.038631	-0.036836	-0.031695	-0.006284	-0.035306	-0.018393	-0.028999	-0.017785	-0.028912	-0.028803	-0.004895	-0.001648	-0.019407	-0.019756	-0.002560	-0.031677	
0.191368	0.986786	0.052102	0.054914	0.054710	0.099347	0.055022	0.232108	0.167388	0.161950	0.196675	0.183294	0.145758	0.174636	0.111849	0.135910	0.133288	-0.024882	-0.019259	-0.034879	-0.024086	-0.033144	-0.002471	-0.025323	-0.009783	-0.031225	-0.031064	0.003914	-0.029426	-0.028829	-0.028248	-0.031022	-0.030712	-0.031944	-0.034838	-0.024962	-0.028803	-0.031907	-0.005508	-0.034927	-0.017801	-0.034957	-0.037618	-0.034672	-0.042855	-0.035507	-0.034336	-0.038660	-0.036057	-0.037976	-0.032650	-0.038024	-0.035220	-0.036853	-0.037365	-0.032887	-0.034024	-0.032745	-0.036951	-0.037541	-0.032756	-0.035656	-0.035190	-0.031069	-0.035647	-0.031898	-0.021638	-0.031686	-0.029527	-0.022861	-0.007861	-0.018529	-0.021200	-0.019570	-0.035419	-0.032792	-0.021951	-0.030154	-0.030779	-0.035797	-0.031037	-0.018436	-0.026830	-0.033567	-0.034158	-0.031465	-0.027863	-0.019745	-0.035145	-0.022196	-0.030863	-0.023861	-0.031484	-0.030341	-0.034939	0.004140	-0.019636	-0.021019	0.035178	-0.006660	0.015868	0.005222	0.035541	-0.006872	-0.010129	-0.033812	-0.004492	0.013968	0.010268	0.025170	-0.004190	-0.000304	-0.002416	-0.000865	-0.008076	0.032946	-0.024240	-0.023536	-0.037058	-0.028706	-0.039618	-0.023606	-0.036936	-0.017177	-0.024955	-0.026532	-0.040010	-0.035463	-0.025569	-0.034070	-0.013204	0.010143	-0.030772	-0.029334	-0.017982	-0.037820	
0.075920	0.052102	1.032310	0.084490	0.124512	0.141590	0.156893	0.107524	0.121264	0.126213	0.135729	0.048113	0.159752	0.089239	0.166591	0.093056	-0.003409	-0.029061	-0.026628	-0.019969	-0.027687	-0.031407	-0.025104	-0.028388	-0.017809	-0.034060	-0.024897	-0.018297	-0.030958	-0.027147	-0.030513	-0.024924	-0.031105	-0.032515	-0.021068	-0.025597	-0.026428	-0.026119	-0.024516	-0.034473	-0.032874	-0.029212	-0.033228	-0.033583	-0.026498	-0.030188	-0.037379	-0.026419	-0.032536	-0.031676	-0.033869	-0.032300	-0.031873	-0.030295	-0.036442	-0.030377	-0.029222	-0.031534	-0.026152	-0.030427	-0.035441	-0.028108	-0.033634	-0.030609	-0.031144	-0.036129	-0.018070	-0.012793	-0.026192	-0.025425	-0.032298	-0.011244	-0.029097	-0.017460	-0.021899	-0.028405	-0.037161	-0.029713	-0.030381	-0.032723	-0.025976	-0.032727	-0.026712	-0.020551	-0.035490	-0.030241	-0.028745	-0.023736	-0.034203	-0.034573	-0.027460	-0.030215	-0.034181	-0.031634	-0.035624	-0.022611	0.031009	0.014288	0.020200	0.030344	0.041812	0.040205	0.043082	-0.005945	-0.003644	-0.016529	0.029589	0.003847	0.026733	0.012331	0.052473	-0.022027	0.032995	0.041508	0.015974	0.031225	-0.041999	-0.041221	-0.034974	-0.051705	-0.037587	-0.041603	-0.044264	-0.029452	-0.042231	-0.041881	-0.040299	-0.018161	-0.032882	-0.013417	-0.025011	-0.015776	-0.016927	-0.016742	-0.019055	-0.034528	
0.113788	0.054914	0.084490	1.011944	0.166032	0.099409	0.155853	0.052442	0.105911	0.057601	0.063934	0.084490	0.084893	0.116802	0.103402	0.058141	0.161988	-0.032827	-0.027531	-0.017783	-0.030046	-0.023939	-0.016073	-0.016651	-0.017213	-0.025132	-0.022606	-0.000981	-0.028793	-0.027035	-0.025148	-0.025848	-0.016150	-0.026160	-0.005787	-0.024224	-0.028254	-0.022011	-0.010775	-0.025652	-0.010063	-0.032681	-0.025841	-0.027850	-0.029742	-0.031596	-0.031837	-0.026924	-0.027793	-0.030769	-0.023204	-0.030814	-0.030952	-0.029392	-0.030268	-0.027023	-0.029210	-0.028986	-0.026203	-0.027276	-0.027376	-0.028328	-0.031840	-0.029055	-0.029610	-0.030405	-0.022422	-0.013430	-0.028327	-0.016989	-0.024564	-0.025002	-0.026910	-0.024430	-0.028073	-0.023358	-0.023648	-0.022410	-0.027565	-0.019950	-0.031751	-0.023049	-0.020875	-0.007998	-0.027031	-0.025740	-0.024614	-0.025461	-0.018895	-0.026429	-0.023055	-0.025702	-0.032387	-0.026964	-0.025952	-0.002798	-0.001349	0.005536	0.000055	0.012807	-0.016301	0.042279	-0.006581	0.011392	0.006648	-0.009460	-0.009014	-0.000877	0.042899	-0.004096	0.046665	-0.034077	0.005290	0.043215	-0.019157	0.002110	-0.041990	-0.041123	-0.015600	-0.023397	-0.034253	-0.040687	-0.037382	-0.037440	-0.035000	-0.030262	-0.030055	-0.028477	-0.028557	-0.030003	-0.006541	-0.002435	0.000975	-0.014914	-0.016589	-0.036758	
0.172956	0.054710	0.124512	0.166032	1.015621	0.237274	0.209363	0.056820	0.082790	0.084473	0.077778	0.037881	0.090950	0.171669	0.093824	0.051065	0.157037	-0.028768	-0.023783	-0.021685	-0.022723	-0.023152	-0.002428	-0.025452	-0.011596	-0.030632	-0.031479	-0.023580	-0.022307	-0.022441	-0.023555	-0.027630	-0.023016	-0.026128	-0.017733	-0.025508	-0.031604	-0.020870	-0.014732	-0.027131	-0.013454	-0.024535	-0.027375	-0.026038	-0.020716	-0.029095	-0.028125	-0.025292	-0.027361	-0.027944	-0.028845	-0.034675	-0.026005	-0.026106	-0.026793	-0.026316	-0.026531	-0.032863	-0.033228	-0.024799	-0.028704	-0.024840	-0.035255	-0.027849	-0.026426	-0.029188	-0.026420	-0.014092	-0.022440	-0.032872	-0.031774	-0.023726	-0.034097	-0.020404	-0.025113	-0.017565	-0.035515	-0.025175	-0.031004	-0.031319	-0.028348	-0.023501	-0.025618	-0.032644	-0.032620	-0.029434	-0.028699	-0.030030	-0.020983	-0.026708	-0.032321	-0.020552	-0.027559	-0.028767	-0.027287	-0.005275	0.037449	-0.000963	-0.016004	0.006130	-0.009986	-0.009750	-0.026839	0.026063	0.023372	-0.009753	0.004845	-0.001048	-0.016621	0.013001	-0.001370	-0.023166	-0.007211	0.020618	-0.018438	-0.005298	-0.042363	-0.047285	-0.018830	-0.025726	-0.015068	-0.035972	-0.028227	-0.017799	-0.036948	-0.025889	-0.035018	-0.022361	-0.036138	-0.016621	-0.024631	-0.003467	-0.024911	-0.019907	-0.031778	-0.030916	
0.223210	0.099347	0.141590	0.099409	0.237274	0.996406	0.222866	0.147775	0.071298	0.102967	0.092200	0.109787	0.079627	0.149397	0.147523	0.127182	0.118174	-0.029656	-0.024557	-0.024837	-0.024644	-0.031895	-0.027812	-0.029081	-0.016666	-0.031699	-0.029895	-0.018434	-0.026431	-0.028612	-0.031545	-0.030535	-0.022062	-0.028223	-0.022573	-0.028924	-0.031004	-0.027010	-0.027673	-0.027837	-0.029981	-0.027022	-0.029874	-0.032037	-0.028209	-0.034323	-0.028845	-0.031122	-0.034359	-0.035103	-0.031105	-0.033877	-0.035420	-0.034296	-0.035409	-0.029149	-0.031972	-0.031215	-0.033294	-0.032116	-0.028180	-0.032262	-0.032662	-0.028413	-0.029886	-0.030252	-0.026695	-0.029356	-0.024192	-0.033694	-0.026021	-0.027721	-0.021098	-0.019539	-0.027944	-0.028375	-0.022041	-0.031713	-0.028155	-0.034664	-0.030866	-0.031411	-0.027856	-0.031420	-0.030816	-0.027869	-0.029946	-0.028868	-0.026063	-0.024386	-0.036129	-0.020890	-0.031548	-0.024825	-0.027666	-0.004900	0.005439	0.008496	-0.019278	-0.007273	0.005157	-0.006179	0.012595	-0.001307	0.014397	-0.007244	0.003228	0.009071	-0.006174	-0.015728	0.027801	-0.004808	0.006280	0.013265	-0.016223	0.000582	-0.042324	-0.043359	-0.028197	-0.042270	-0.033948	-0.031939	-0.035499	-0.017281	-0.032117	-0.040046	-0.027436	-0.016519	-0.020546	-0.023509	-0.013410	0.000335	-0.015367	-0.035130	-0.007304	-0.038008	
0.242263	0.055022	0.156893	0.155853	0.209363	0.222866	0.981791	0.093584	0.098611	0.074057	0.048214	0.051703	0.014413	0.153719	0.133449	0.040870	0.167034	-0.013520	-0.028162	-0.028913	-0.029517	-0.029966	-0.026394	-0.028051	-0.023115	-0.032674	-0.029709	-0.029179	-0.026546	-0.025247	-0.023314	-0.020516	-0.024507	-0.031806	-0.018067	-0.024307	-0.024730	-0.027914	-0.020839	-0.028149	-0.030122	-0.027789	-0.032146	-0.029987	-0.027210	-0.031355	-0.032453	-0.023227	-0.028214	-0.026800	-0.028228	-0.027635	-0.026302	-0.030187	-0.032834	-0.028237	-0.026572	-0.023634	-0.024199	-0.022519	-0.027358	-0.024946	-0.030905	-0.027241	-0.030707	-0.027687	-0.029854	-0.022751	-0.030170	-0.031990	-0.028936	-0.014176	-0.031103	-0.024291	-0.019611	-0.023375	-0.021026	-0.026044	-0.023057	-0.030684	-0.026891	-0.031761	-0.029272	-0.026454	-0.031788	-0.022186	-0.025462	-0.033042	-0.026741	-0.027915	-0.029042	-0.022760	-0.026424	-0.025739	-0.027787	-0.012919	0.010801	-0.010918	-0.019851	-0.000137	-0.028235	-0.016738	0.009926	-0.006773	0.015660	-0.005667	0.007417	0.007582	-0.009318	0.008531	-0.013141	-0.019440	-0.018901	0.004463	-0.003319	0.016209	-0.047631	-0.045512	-0.009781	-0.035268	-0.027214	-0.031286	-0.032312	-0.008837	-0.032194	-0.031185	-0.026644	-0.006001	-0.014865	-0.011279	-0.003085	0.002953	0.004362	-0.014741	-0.019586	-0.020622	
0.169909	0.232108	0.107524	0.052442	0.056820	0.147775	0.093584	0.989139	0.209276	0.193011	0.243251	0.209559	0.123880	0.122076	0.135781	0.227060	0.161496	-0.039192	-0.021344	-0.033718	-0.027294	-0.035281	-0.035266	-0.025253	-0.035639	-0.035256	-0.029440	0.017564	-0.028374	-0.029920	-0.029491	-0.025675	-0.031475	-0.035776	-0.027688	-0.035545	-0.032925	-0.032577	-0.035297	-0.031261	-0.040653	-0.035372	-0.035456	-0.033343	-0.036363	-0.035273	-0.037980	-0.038996	-0.037693	-0.039795	-0.037561	-0.040504	-0.034416	-0.034966	-0.041999	-0.038497	-0.034446	-0.028945	-0.037693	-0.037569	-0.037162	-0.038968	-0.034625	-0.036377	-0.037652	-0.034613	-0.030934	-0.034972	-0.036839	-0.030137	-0.002360	-0.028555	-0.007642	-0.026360	-0.034972	-0.035063	-0.015108	-0.035694	-0.033181	-0.035463	-0.034686	-0.031924	-0.037644	-0.033580	-0.036523	-0.036529	-0.029640	-0.029550	-0.032841	-0.014894	-0.029565	-0.030320	-0.035087	-0.031818	-0.036919	-0.029739	-0.001378	-0.035373	0.025096	0.005778	0.030421	0.010221	0.029734	-0.016103	-0.004988	-0.017398	0.016176	0.003252	0.017243	-0.001942	0.007752	0.022584	0.016540	-0.004819	0.003039	0.018886	-0.024387	-0.035064	-0.030493	-0.051036	-0.043170	-0.026964	-0.044862	-0.021492	-0.026355	-0.039419	-0.048369	-0.023840	-0.013669	-0.049206	0.003812	0.003808	-0.025011	-0.029310	-0.004125	-0.047771	
0.162943	0.167388	0.121264	0.105911	0.082790	0.071298	0.098611	0.209276	1.021261	0.207650	0.180948	0.203755	0.168882	0.099188	0.072134	0.154761	0.131465	-0.025657	-0.028841	-0.031983	-0.033781	-0.028719	-0.034512	-0.006512	-0.015122	-0.034391	-0.032959	-0.003540	-0.029931	-0.026042	-0.029989	-0.025986	-0.029636	-0.028468	-0.015281	-0.023854	-0.030150	-0.030940	-0.035888	-0.025106	-0.030525	-0.032907	-0.036293	-0.035383	-0.038191	-0.034834	-0.036346	-0.034748	-0.032650	-0.029981	-0.031925	-0.039132	-0.032699	-0.032915	-0.038677	-0.035607	-0.030591	-0.034022	-0.036982	-0.035640	-0.031626	-0.038044	-0.035377	-0.033283	-0.034864	-0.026964	-0.026677	-0.031353	-0.029212	-0.032477	-0.029262	-0.015952	-0.031306	-0.014112	-0.029983	-0.034462	-0.019265	-0.028922	-0.029335	-0.032670	-0.028824	-0.033017	-0.033434	-0.028160	-0.034172	-0.030231	-0.034270	-0.035949	-0.035867	-0.037358	-0.034201	-0.029280	-0.030009	-0.029869	-0.036098	-0.019032	0.034467	-0.025857	0.020251	0.028778	-0.000018	0.011692	0.024709	-0.009094	0.004433	-0.006200	0.014050	0.020626	0.038608	0.019719	0.016513	-0.005317	0.003357	0.021986	-0.007098	0.007778	-0.043953	-0.051836	-0.032588	-0.039879	-0.043731	-0.051101	-0.045011	-0.035812	-0.052289	-0.038183	-0.049242	-0.024775	-0.031413	-0.037593	-0.004745	-0.005917	-0.017163	-0.017743	-0.002693	-0.041719	
0.183220	0.161950	0.126213	0.057601	0.084473	0.102967	0.074057	0.193011	0.207650	0.982957	0.133745	0.186857	0.115816	0.101589	0.091897	0.177889	0.096691	-0.030307	-0.017784	-0.026281	-0.025361	-0.030645	-0.025818	-0.014053	-0.020340	-0.035506	-0.031787	0.011932	-0.033076	-0.023977	-0.025201	-0.026003	-0.025994	-0.025830	-0.025328	-0.024435	-0.028824	-0.034958	-0.031278	-0.026392	-0.031614	-0.029299	-0.033558	-0.030424	-0.029295	-0.028299	-0.032651	-0.032277	-0.029381	-0.034462	-0.031828	-0.032017	-0.034434	-0.034880	-0.034842	-0.031373	-0.027439	-0.027252	-0.031633	-0.031918	-0.037310	-0.030752	-0.030917	-0.030535	-0.038007	-0.029218	-0.033906	-0.030678	-0.030405	-0.028127	-0.022061	-0.028321	-0.025170	-0.018084	-0.031964	-0.030686	-0.022785	-0.034268	-0.030648	-0.025635	-0.026408	-0.033823	-0.027283	-0.031577	-0.028528	-0.031751	-0.032544	-0.022718	-0.033139	-0.026183	-0.025973	-0.027941	-0.031809	-0.025238	-0.031273	-0.014529	-0.002016	-0.022388	0.013733	-0.002445	-0.004530	-0.010638	0.024357	-0.014022	0.015810	0.004883	0.019868	0.001733	0.023453	0.030533	0.011235	0.011313	0.009608	0.020027	-0.017245	0.002430	-0.039893	-0.047991	-0.028873	-0.026805	-0.027248	-0.051371	-0.040650	-0.033067	-0.046525	-0.024838	-0.050583	-0.010516	-0.028125	-0.026958	-0.009563	-0.012728	-0.023935	-0.022744	-0.009486	-0.037650	
0.107564	0.196675	0.135729	0.063934	0.077778	0.092200	0.048214	0.243251	0.180948	0.133745	1.010688	0.171298	0.254528	0.183098	0.140034	0.173967	0.123752	-0.036270	-0.028891	-0.035190	-0.032211	-0.037289	-0.038703	-0.034926	-0.017323	-0.035145	-0.033271	0.001759	-0.033170	-0.032431	-0.032971	-0.031080	-0.032195	-0.031218	-0.024596	-0.029207	-0.035407	-0.037258	-0.036149	-0.024631	-0.035004	-0.037244	-0.033590	-0.039775	-0.036842	-0.037614	-0.039072	-0.038257	-0.037563	-0.038516	-0.039113	-0.037631	-0.035712	-0.036936	-0.038064	-0.038061	-0.036436	-0.037437	-0.041557	-0.035938	-0.039213	-0.041092	-0.038537	-0.039039	-0.043174	-0.039634	-0.032919	-0.037061	-0.030948	-0.024816	-0.004855	-0.023807	-0.011705	-0.024261	-0.028667	-0.039047	-0.033085	-0.036013	-0.031915	-0.031528	-0.031380	-0.034190	-0.036724	-0.036389	-0.038649	-0.037052	-0.039763	-0.024303	-0.033386	-0.023879	-0.037866	-0.030984	-0.039789	-0.038241	-0.035950	-0.021374	0.017392	-0.025430	0.062342	0.038523	0.058863	0.002095	0.052675	-0.003233	-0.022729	-0.011253	0.013805	0.000145	0.028548	0.044428	0.042209	0.019236	0.033242	0.022914	-0.017376	0.052867	-0.033952	-0.046342	-0.049594	-0.050930	-0.050213	-0.036843	-0.048662	-0.030006	-0.037191	-0.044030	-0.053348	-0.037954	-0.022334	-0.037723	-0.021454	-0.030231	-0.031289	-0.031463	-0.033942	-0.047824	
0.128261	0.183294	0.048113	0.084490	0.037881	0.109787	0.051703	0.209559	0.203755	0.186857	0.171298	0.990433	0.112326	0.111435	0.177532	0.248409	0.165035	-0.032433	-0.024978	-0.032934	-0.021931	-0.033687	-0.020224	-0.017757	-0.020718	-0.035479	-0.034152	0.013181	-0.028200	-0.029771	-0.026318	-0.030407	-0.019509	-0.030596	-0.013159	-0.027969	-0.032730	-0.036092	-0.022088	-0.029989	-0.035284	-0.029967	-0.030515	-0.033409	-0.037921	-0.039082	-0.029885	-0.037840	-0.037427	-0.031453	-0.035262	-0.038565	-0.035395	-0.033497	-0.036739	-0.034736	-0.034889	-0.025912	-0.031581	-0.029541	-0.032183	-0.036309	-0.035515	-0.031736	-0.036177	-0.031090	-0.018360	-0.031183	-0.028513	-0.031514	-0.012162	-0.031282	-0.002312	-0.024033	-0.031191	-0.033768	-0.017194	-0.029594	-0.032018	-0.027228	-0.027870	-0.034488	-0.029535	-0.020294	-0.031876	-0.028838	-0.030339	-0.028319	-0.028469	-0.006177	-0.029577	-0.023687	-0.034632	-0.031460	-0.029461	-0.016988	-0.000296	-0.022338	0.006464	0.026604	0.020950	-0.008597	0.006083	-0.010062	0.012224	-0.021758	0.016655	0.005976	-0.013261	-0.013612	-0.003748	0.009789	0.006499	0.007633	-0.016281	-0.011012	-0.042650	-0.037141	-0.021861	-0.041694	-0.039322	-0.037114	-0.045096	-0.020944	-0.027267	-0.038841	-0.035368	-0.034422	-0.017541	-0.033751	0.002293	-0.004112	-0.019797	-0.040883	-0.009842	-0.038236	
0.085029	0.145758	0.159752	0.084893	0.090950	0.079627	0.014413	0.123880	0.168882	0.115816	0.254528	0.112326	1.011592	0.120393	0.102188	0.204380	0.052841	-0.038584	-0.028100	-0.034236	-0.022359	-0.026544	-0.028433	-0.022256	-0.020199	-0.026029	-0.028382	-0.013349	-0.031186	-0.030492	-0.030858	-0.032752	-0.028909	-0.029241	-0.022585	-0.023385	-0.024522	-0.033995	-0.028564	-0.026509	-0.029169	-0.027852	-0.031195	-0.036276	-0.034673	-0.035567	-0.034247	-0.034744	-0.033632	-0.030393	-0.034323	-0.037672	-0.037285	-0.031741	-0.034095	-0.036334	-0.033431	-0.035608	-0.032153	-0.034165	-0.036380	-0.034058	-0.031255	-0.032089	-0.036332	-0.031729	-0.015872	-0.034208	-0.030673	-0.005525	-0.018565	-0.020999	-0.028138	-0.015919	-0.030135	-0.035274	-0.033310	-0.025924	-0.026854	-0.026875	-0.031142	-0.032427	-0.025890	-0.025561	-0.033061	-0.029663	-0.029536	-0.018155	-0.028261	-0.029682	-0.034568	-0.029041	-0.038319	-0.033158	-0.038520	-0.017780	0.039491	-0.002054	0.047283	0.066806	0.055487	-0.015819	0.022080	-0.017977	0.001390	-0.015056	0.032723	0.008035	0.045793	0.029272	0.035920	-0.013301	0.065332	0.005112	-0.006661	0.030291	-0.043405	-0.045725	-0.027229	-0.039384	-0.037294	-0.045545	-0.042493	-0.036825	-0.047216	-0.037166	-0.040930	-0.028455	-0.032354	-0.022922	-0.007781	-0.033243	-0.010441	-0.022984	-0.032071	-0.039634	
0.190270	0.174636	0.089239	0.116802	0.171669	0.149397	0.153719	0.122076	0.099188	0.101589	0.183098	0.111435	0.120393	0.984180	0.056812	0.068352	0.237029	-0.022797	-0.016603	-0.013400	-0.022155	-0.029111	-0.032081	-0.018740	-0.018629	-0.027437	-0.024917	-0.025194	-0.022109	-0.017296	-0.020924	-0.028470	-0.026364	-0.023444	-0.004517	-0.014311	-0.028813	-0.023247	-0.033671	-0.027511	-0.028377	-0.027327	-0.023990	-0.030316	-0.025800	-0.029258	-0.029436	-0.030856	-0.033438	-0.028985	-0.027197	-0.025866	-0.029697	-0.032379	-0.030783	-0.028216	-0.025509	-0.020685	-0.025869	-0.031987	-0.030523	-0.031300	-0.027352	-0.028089	-0.027583	-0.029122	-0.027255	-0.012745	-0.028086	-0.021367	-0.016297	-0.025855	-0.035552	-0.014322	-0.025506	-0.022815	-0.023514	-0.025461	-0.025384	-0.028714	-0.023196	-0.031919	-0.025381	-0.031555	-0.025902	-0.024765	-0.026547	-0.026562	-0.030710	-0.024724	-0.025334	-0.022068	-0.029952	-0.024233	-0.029472	-0.019502	-0.006739	-0.011654	-0.021243	-0.002181	-0.016518	-0.002849	-0.015910	-0.014556	0.013918	-0.024839	-0.003921	-0.027462	-0.021148	0.003593	0.001676	-0.025635	-0.030726	-0.011302	-0.010864	-0.000942	-0.033184	-0.034416	-0.018145	-0.040454	-0.018545	-0.018764	-0.036705	-0.004068	-0.014666	-0.032006	-0.031379	-0.023851	-0.019932	-0.019032	-0.026536	-0.020183	0.000002	-0.024883	-0.028351	-0.025172	
0.076979	0.111849	0.166591	0.103402	0.093824	0.147523	0.133449	0.135781	0.072134	0.091897	0.140034	0.177532	0.102188	0.056812	1.009465	0.120264	0.069408	-0.029133	-0.029395	-0.030673	-0.028658	-0.028204	0.003353	-0.019221	-0.002795	-0.026385	-0.025145	0.002732	-0.019648	-0.027204	-0.027830	-0.017160	-0.016720	-0.028392	-0.027159	-0.026238	-0.025008	-0.028076	-0.002560	-0.023916	-0.018795	-0.029315	-0.030692	-0.030014	-0.030320	-0.033602	-0.030278	-0.029783	-0.032657	-0.030783	-0.031723	-0.034273	-0.032932	-0.032687	-0.034214	-0.035038	-0.027963	-0.029300	-0.031175	-0.024983	-0.035562	-0.028928	-0.034755	-0.026945	-0.030135	-0.030200	-0.022924	-0.026610	-0.026663	-0.017334	-0.003478	-0.018541	-0.012214	-0.032450	-0.020307	-0.026824	-0.024697	-0.021078	-0.030024	-0.034630	-0.031248	-0.015632	-0.024807	-0.011992	-0.025313	-0.023716	-0.031789	-0.031862	-0.035667	-0.009193	-0.031146	-0.027353	-0.031431	-0.028946	-0.031673	0.007268	-0.005058	-0.014646	0.024638	0.027798	0.016493	-0.008456	0.022762	-0.015708	0.009872	-0.019920	0.013380	0.020396	0.023784	0.003611	0.020207	-0.020420	0.029005	-0.015471	-0.010646	0.011065	-0.040525	-0.039393	-0.031498	-0.033926	-0.025057	-0.044278	-0.046595	-0.035360	-0.038001	-0.022095	-0.029232	-0.043901	-0.022659	-0.025603	-0.017910	-0.007771	-0.000765	-0.035623	-0.031776	-0.040889	
0.102965	0.135910	0.093056	0.058141	0.051065	0.127182	0.040870	0.227060	0.154761	0.177889	0.173967	0.248409	0.204380	0.068352	0.120264	1.003747	0.135844	-0.030492	-0.029239	-0.034680	-0.032385	-0.032623	-0.020055	-0.028327	-0.012587	-0.030585	-0.025047	-0.006852	-0.029211	-0.025450	-0.031226	-0.032264	-0.032152	-0.028859	-0.029126	-0.029168	-0.023815	-0.038879	-0.026718	-0.026651	-0.037339	-0.029926	-0.036714	-0.032216	-0.038045	-0.035641	-0.039349	-0.033295	-0.032320	-0.029103	-0.038296	-0.038775	-0.036133	-0.033126	-0.036465	-0.033552	-0.033581	-0.029316	-0.034157	-0.035361	-0.035840	-0.034838	-0.030290	-0.032740	-0.038662	-0.033460	-0.029158	-0.030870	-0.029832	-0.024819	-0.014262	-0.026061	-0.021824	-0.024766	-0.033433	-0.033703	-0.018156	-0.029848	-0.036605	-0.032149	-0.030918	-0.035545	-0.033574	-0.027449	-0.031858	-0.030049	-0.033408	-0.028439	-0.026993	-0.022835	-0.039780	-0.032769	-0.032253	-0.026659	-0.036990	-0.009965	0.021961	-0.008662	0.018207	0.023773	0.044780	0.014630	0.010334	-0.010025	0.018792	-0.011611	0.025068	0.030107	0.036428	-0.009877	0.046605	0.011055	0.019408	0.023781	-0.000487	0.016599	-0.050820	-0.047843	-0.038007	-0.047547	-0.040706	-0.046963	-0.049833	-0.036535	-0.050777	-0.042316	-0.045288	-0.026048	-0.024053	-0.043377	-0.009353	-0.022275	-0.022299	-0.038926	0.007410	-0.044245	
0.226242	0.133288	-0.003409	0.161988	0.157037	0.118174	0.167034	0.161496	0.131465	0.096691	0.123752	0.165035	0.052841	0.237029	0.069408	0.135844	1.014029	-0.028320	-0.012804	-0.030796	-0.028428	-0.029396	-0.012365	-0.023909	-0.013148	-0.030033	-0.028691	0.009968	-0.023779	-0.029265	-0.025727	-0.026953	-0.029912	-0.025190	-0.010617	-0.027255	-0.031060	-0.031281	-0.013849	-0.023770	-0.017507	-0.031145	-0.026981	-0.025600	-0.026905	-0.036155	-0.029509	-0.033756	-0.035143	-0.031645	-0.032248	-0.034346	-0.031267	-0.031025	-0.034576	-0.030100	-0.034119	-0.031183	-0.026764	-0.032855	-0.029586	-0.031239	-0.032505	-0.034996	-0.030341	-0.026813	-0.028786	-0.030593	-0.031204	-0.036729	-0.014479	-0.023545	-0.025301	-0.030292	-0.029232	-0.021416	-0.004816	-0.025433	-0.030348	-0.032970	-0.030975	-0.022817	-0.029270	-0.035621	-0.030057	-0.029539	-0.031246	-0.028864	-0.024650	-0.018827	-0.029120	-0.019842	-0.029488	-0.028137	-0.026452	-0.007702	-0.005848	-0.017206	-0.001165	-0.005532	-0.009785	-0.009044	0.001868	-0.000323	0.016437	-0.023738	-0.008334	-0.016489	0.004195	-0.014496	-0.006095	-0.007019	-0.010668	-0.020679	-0.005204	-0.001766	-0.028982	-0.040529	-0.028142	-0.020811	-0.028482	-0.028783	-0.032521	-0.025811	-0.029507	-0.023688	-0.039979	-0.022934	-0.019049	-0.040465	-0.007689	0.003417	-0.004984	-0.026910	0.001815	-0.044140	
-0.032358	-0.024882	-0.029061	-0.032827	-0.028768	-0.029656	-0.013520	-0.039192	-0.025657	-0.030307	-0.036270	-0.032433	-0.038584	-0.022797	-0.029133	-0.030492	-0.028320	0.962364	-0.001907	0.015300	-0.000210	0.007081	-0.002023	0.001062	-0.003288	-0.000241	0.004710	-0.013786	0.001184	0.001799	0.004696	0.004454	0.000654	0.003219	-0.002108	0.005955	0.002613	-0.000104	0.001434	0.004877	0.000279	0.001594	-0.005798	0.001405	0.001500	0.001695	0.004572	0.004096	0.005113	0.005895	-0.001175	0.001653	0.007923	0.004143	0.000541	0.002190	0.003492	0.000836	-0.001151	0.000453	-0.000329	0.001807	-0.000699	0.002189	-0.001100	0.003346	0.003816	0.003477	-0.006153	-0.002639	-0.004329	0.006478	-0.007982	-0.005414	0.000812	0.001772	0.004278	0.011915	0.001105	-0.003808	0.006029	0.006690	0.000350	-0.000535	-0.000221	-0.004694	0.005940	0.001494	0.005948	0.003087	0.009704	0.000094	0.002858	0.001611	0.003527	-0.004942	-0.014884	-0.017634	-0.030318	-0.021675	-0.021117	-0.021639	-0.012120	-0.023379	-0.011562	-0.016005	-0.025035	-0.019484	-0.024973	-0.027221	-0.023904	-0.018658	-0.029984	-0.021411	-0.021142	-0.014022	-0.024193	-0.017174	-0.016288	-0.017369	-0.016886	-0.019930	-0.015906	-0.015108	-0.019958	-0.021427	-0.005415	-0.018889	-0.009876	-0.015053	-0.020276	-0.021622	-0.026631	-0.017132	-0.017903	-0.017696	
-0.015951	-0.019259	-0.026628	-0.027531	-0.023783	-0.024557	-0.028162	-0.021344	-0.028841	-0.017784	-0.028891	-0.024978	-0.028100	-0.016603	-0.029395	-0.029239	-0.012804	-0.001907	0.944767	0.009158	0.009691	0.000472	0.008179	-0.000445	0.000085	0.001219	0.000061	0.003221	0.001954	0.002907	0.008151	0.003884	0.001767	-0.000027	-0.000358	-0.003822	0.007210	0.006537	0.000535	0.003019	-0.002503	0.003016	0.002273	-0.000062	0.005823	0.002530	-0.000300	0.003916	0.003182	0.005247	-0.004961	-0.001398	0.007484	0.000356	0.000744	0.000923	0.001154	0.001505	0.002002	0.005468	0.008432	0.001848	-0.000265	0.002445	-0.003727	-0.000941	-0.004383	-0.002034	-0.001020	-0.003283	-0.001891	-0.003625	0.008369	-0.003190	0.000537	0.000017	-0.003945	-0.001099	0.006110	-0.000770	0.000502	-0.003272	0.005201	0.003098	0.004340	-0.001173	-0.000267	0.001124	0.005820	-0.002626	0.003316	0.003007	-0.000901	0.003479	0.005300	-0.001378	-0.020832	-0.023236	-0.030783	-0.028359	-0.020059	-0.027349	-0.014750	-0.022047	-0.020118	-0.021198	-0.024363	-0.015226	-0.024944	-0.022078	-0.028005	-0.021105	-0.016152	-0.030695	-0.023301	-0.017455	-0.010711	-0.016905	-0.016033	-0.015141	-0.016793	-0.019256	-0.012636	-0.014445	-0.021126	-0.019632	-0.019569	-0.016993	-0.012974	-0.026528	-0.024249	-0.024207	-0.025755	-0.021925	-0.015450	-0.021654	
-0.024795	-0.034879	-0.019969	-0.017783	-0.021685	-0.024837	-0.028913	-0.033718	-0.031983	-0.026281	-0.035190	-0.032934	-0.034236	-0.013400	-0.030673	-0.034680	-0.030796	0.015300	0.009158	0.964768	0.003383	0.007330	0.000340	0.003444	0.001134	0.006328	0.001204	-0.007525	0.002183	0.006016	0.003575	0.000779	0.003141	0.001925	-0.001275	0.014450	0.001710	0.007685	0.000576	-0.002909	0.001303	0.005187	-0.001060	0.007710	-0.002453	0.002629	-0.002858	0.003000	0.004060	0.002423	0.007427	0.002862	0.000851	0.003268	0.000153	0.001983	0.006744	-0.002040	0.000780	-0.001776	0.000998	0.000246	0.002829	-0.000693	-0.000448	-0.000643	-0.005578	0.023555	0.001711	-0.006273	-0.003647	0.005995	-0.000757	0.004375	0.006409	0.005125	-0.004827	0.002491	-0.002330	-0.003194	-0.002944	-0.001330	0.003577	-0.003089	-0.002983	0.000822	0.001632	0.004254	0.003303	-0.001439	-0.001532	0.005304	-0.002117	-0.000592	0.003494	-0.004849	0.003461	-0.020235	-0.024488	-0.025951	-0.030884	-0.017085	-0.021786	-0.014290	-0.012762	-0.019639	-0.022268	-0.024552	-0.025264	-0.025210	-0.022695	-0.023457	-0.022537	-0.015130	-0.020906	-0.024263	-0.019329	-0.019400	-0.018011	-0.018688	-0.017051	-0.023293	-0.019602	-0.020972	-0.018669	-0.021000	-0.014325	-0.020203	-0.020810	-0.020664	-0.031038	-0.013474	-0.023678	-0.016775	-0.022772	-0.023338	
-0.029141	-0.024086	-0.027687	-0.030046	-0.022723	-0.024644	-0.029517	-0.027294	-0.033781	-0.025361	-0.032211	-0.021931	-0.022359	-0.022155	-0.028658	-0.032385	-0.028428	-0.000210	0.009691	0.003383	0.955876	0.010604	0.002602	0.002958	0.002226	0.007481	0.009099	-0.003191	0.000070	0.000560	0.001818	0.006722	0.004072	0.005352	-0.003488	0.002976	0.003643	0.010161	0.000340	0.003915	0.007572	-0.003014	0.001816	-0.001563	0.004375	0.005686	0.005656	0.000304	0.004962	0.006363	-0.004561	0.004390	0.000961	0.004615	0.002786	0.003303	-0.000182	-0.001358	0.003393	-0.002999	0.005252	-0.000910	0.001625	0.003548	0.006513	0.004439	-0.003328	0.001645	0.001005	-0.001748	-0.000493	-0.000095	-0.001652	-0.000910	0.001597	0.005763	0.004786	-0.000893	0.007399	0.001340	0.004108	0.004272	0.008249	-0.000104	0.003640	0.000480	0.004491	-0.007299	0.003315	0.006050	0.001094	0.004081	0.004864	-0.004646	-0.001794	-0.006374	-0.015519	-0.022667	-0.024590	-0.022584	-0.024753	-0.025297	-0.018186	-0.022693	-0.023003	-0.021271	-0.016919	-0.018120	-0.024648	-0.025782	-0.023162	-0.026025	-0.019798	-0.026535	-0.024297	-0.018325	-0.020360	-0.019290	-0.014880	-0.013525	-0.015101	-0.018522	-0.020240	-0.016749	-0.020981	-0.018410	-0.027032	-0.016454	-0.020663	-0.023397	-0.031308	-0.020760	-0.018549	-0.020585	-0.026028	-0.026489	
-0.032380	-0.033144	-0.031407	-0.023939	-0.023152	-0.031895	-0.029966	-0.035281	-0.028719	-0.030645	-0.037289	-0.033687	-0.026544	-0.029111	-0.028204	-0.032623	-0.029396	0.007081	0.000472	0.007330	0.010604	0.960548	0.005303	0.003865	0.002215	0.005300	0.009134	-0.005076	0.002571	0.003118	0.003112	0.005434	0.008824	0.006964	0.002509	0.006716	0.003494	0.008394	0.005224	0.002812	0.004930	0.005645	-0.000225	0.006947	0.001601	-0.001148	0.000400	0.003226	0.004533	0.000118	0.000491	0.003422	0.005069	0.000610	0.005765	0.002610	0.002796	0.003691	0.004523	0.002156	0.002997	0.004196	0.002921	0.004152	0.004970	-0.001007	-0.000261	-0.001547	0.001775	0.000711	-0.002545	0.002245	-0.004180	0.003016	0.001548	0.004555	0.004197	0.006058	0.000059	0.004757	0.000086	-0.000463	0.001959	-0.000145	0.003383	0.001286	0.000205	-0.001143	-0.004261	-0.003653	0.005276	0.005345	-0.001089	0.001223	0.003823	-0.004011	-0.016745	-0.020352	-0.025406	-0.025518	-0.022726	-0.019760	-0.026432	-0.020937	-0.021409	-0.019768	-0.022612	-0.022676	-0.027488	-0.029895	-0.025586	-0.020615	-0.019842	-0.028671	-0.022458	-0.020905	-0.022342	-0.018114	-0.013546	-0.008622	-0.010710	-0.016478	-0.015540	-0.016903	-0.023847	-0.013406	-0.021459	-0.018935	-0.018206	-0.022765	-0.024376	-0.024637	-0.023821	-0.014683	-0.022813	-0.023042	
-0.032456	-0.002471	-0.025104	-0.016073	-0.002428	-0.027812	-0.026394	-0.035266	-0.034512	-0.025818	-0.038703	-0.020224	-0.028433	-0.032081	0.003353	-0.020055	-0.012365	-0.002023	0.008179	0.000340	0.002602	0.005303	0.977995	-0.004469	0.026358	-0.000514	-0.001116	-0.009753	0.000814	-0.000696	-0.002338	-0.000658	-0.001131	-0.005775	-0.001335	0.001019	-0.000229	-0.002580	0.024034	-0.003918	0.015520	0.001687	-0.003922	-0.003884	0.001143	-0.000690	-0.002760	-0.001187	-0.004582	-0.000176	-0.006387	-0.001796	-0.000896	-0.006285	-0.000418	-0.001134	-0.001933	-0.001990	-0.001459	-0.002629	-0.002544	0.004067	-0.004282	-0.001599	-0.003207	0.001494	-0.004640	-0.005815	-0.003017	-0.002218	-0.007938	-0.002201	-0.008705	-0.002482	-0.005464	-0.000573	-0.005334	0.001949	0.011300	-0.000093	-0.000210	0.007439	0.003892	-0.007118	0.000297	-0.000743	-0.005041	-0.005947	-0.002129	0.002283	0.000388	-0.005476	-0.003007	0.005271	0.004412	0.009147	-0.017419	-0.017644	0.000002	-0.025916	-0.013261	-0.010632	-0.018843	-0.006377	-0.022717	-0.023398	-0.023538	-0.013723	-0.021912	-0.019558	-0.027405	-0.023961	-0.004714	-0.024656	-0.022019	0.008721	-0.024914	-0.020860	-0.025307	-0.018869	-0.019982	-0.028567	-0.020692	-0.018151	-0.031951	-0.013130	-0.026236	-0.009250	-0.024879	-0.010534	-0.026805	0.003256	-0.031072	-0.000156	-0.025391	-0.033679	
-0.016323	-0.025323	-0.028388	-0.016651	-0.025452	-0.029081	-0.028051	-0.025253	-0.006512	-0.014053	-0.034926	-0.017757	-0.022256	-0.018740	-0.019221	-0.028327	-0.023909	0.001062	-0.000445	0.003444	0.002958	0.003865	-0.004469	0.959243	-0.007211	-0.003114	-0.000840	-0.004061	0.002161	-0.002433	0.002817	-0.007944	-0.000110	0.002329	-0.005503	-0.001896	0.005173	-0.000974	-0.005808	-0.000342	-0.004131	-0.003668	-0.003815	-0.004081	-0.002854	-0.003519	0.000881	-0.000122	-0.003690	-0.001522	0.000759	-0.001976	-0.002220	0.000779	-0.001367	-0.000634	-0.005112	-0.000697	-0.001626	-0.005935	-0.002949	-0.004501	-0.004886	-0.000715	-0.002293	-0.006584	-0.001985	0.002347	-0.006378	-0.001068	0.006427	-0.002890	-0.006421	0.004295	-0.008683	-0.002985	-0.006837	-0.004269	0.000189	0.001132	-0.003838	0.000806	-0.004971	0.004459	0.002199	0.002505	-0.002892	-0.004418	-0.004625	-0.002270	0.000378	0.000625	-0.003228	-0.004608	0.000297	-0.005433	-0.008374	-0.007374	-0.013000	-0.011208	-0.008471	-0.023345	-0.018885	-0.013247	0.003377	-0.019782	-0.003609	-0.010262	0.001416	-0.009475	-0.013507	-0.026566	-0.008292	-0.018135	-0.018578	-0.018869	-0.014127	-0.017405	-0.005210	-0.019913	-0.019429	-0.020620	-0.019705	-0.024185	-0.021850	-0.021751	-0.019003	-0.021335	-0.023529	-0.009373	-0.016618	-0.014306	-0.014549	-0.025473	-0.025545	-0.010740	
-0.019558	-0.009783	-0.017809	-0.017213	-0.011596	-0.016666	-0.023115	-0.035639	-0.015122	-0.020340	-0.017323	-0.020718	-0.020199	-0.018629	-0.002795	-0.012587	-0.013148	-0.003288	0.000085	0.001134	0.002226	0.002215	0.026358	-0.007211	0.965481	0.001650	-0.002029	-0.009243	-0.003368	0.002868	-0.002913	0.001492	0.001022	0.001663	-0.004142	0.002053	0.003204	0.000803	0.013360	-0.001188	0.000297	0.000555	-0.000570	-0.001623	-0.001800	0.003375	-0.001306	-0.001646	-0.005626	0.002461	-0.001599	-0.006283	-0.000226	-0.001370	-0.004631	-0.002690	-0.003955	-0.007283	-0.000939	-0.002152	-0.004382	-0.003522	-0.001178	-0.003891	0.000106	-0.000982	-0.009300	-0.002842	0.002014	-0.008755	-0.003104	-0.003917	-0.000797	0.007474	-0.000380	-0.002884	0.001153	-0.005387	-0.009090	0.000886	-0.000995	-0.006211	-0.004214	0.000389	-0.002484	-0.004304	-0.007177	-0.002650	-0.003204	-0.003593	-0.003915	-0.005649	-0.002058	-0.003479	0.000528	0.018052	-0.016119	-0.008233	-0.020297	-0.023184	-0.012821	-0.021092	-0.014261	-0.005794	-0.018439	-0.015955	-0.011911	-0.013442	-0.025048	-0.016744	-0.017878	-0.029988	-0.019268	-0.020895	-0.018165	-0.000888	-0.020957	-0.020494	-0.017071	-0.023054	-0.020909	-0.023109	-0.019247	-0.019699	-0.021321	-0.020532	-0.023295	-0.009665	-0.023990	-0.004762	-0.024413	-0.015004	-0.025082	-0.007487	-0.026197	-0.024286	
-0.031449	-0.031225	-0.034060	-0.025132	-0.030632	-0.031699	-0.032674	-0.035256	-0.034391	-0.035506	-0.035145	-0.035479	-0.026029	-0.027437	-0.026385	-0.030585	-0.030033	-0.000241	0.001219	0.006328	0.007481	0.005300	-0.000514	-0.003114	0.001650	0.944780	-0.001452	0.000018	0.005123	0.005327	0.004511	0.002953	0.004465	0.008640	-0.004494	0.007777	0.004611	0.005885	0.004832	0.007626	-0.000630	-0.000550	0.004429	0.005432	0.004414	0.001868	0.001274	0.004676	0.008662	0.005497	0.003668	0.008702	0.002139	0.006271	0.002551	0.004781	0.005205	0.007959	0.005006	0.004473	0.005457	0.000006	0.001218	0.006401	0.007161	0.006891	-0.004317	0.003111	0.006985	0.003285	-0.004114	0.000716	0.001911	-0.002043	0.006023	0.006785	0.007182	0.004086	0.003377	0.000360	0.003867	0.001925	0.000516	-0.003284	-0.001890	0.001358	0.000754	0.000847	0.000734	-0.001033	0.002590	0.006149	-0.002124	0.007438	0.002228	0.002245	-0.012283	-0.020513	-0.028647	-0.026513	-0.028638	-0.021348	-0.024686	-0.017687	-0.021557	-0.019984	-0.019480	-0.018033	-0.027666	-0.029268	-0.024853	-0.020032	-0.029557	-0.027440	-0.019087	-0.023399	-0.020546	-0.014606	-0.015738	-0.018496	-0.021649	-0.018771	-0.016831	-0.019525	-0.020237	-0.015158	-0.021477	-0.016297	-0.020354	-0.023637	-0.025705	-0.025742	-0.017505	-0.017441	-0.019238	-0.022925	
-0.032900	-0.031064	-0.024897	-0.022606	-0.031479	-0.029895	-0.029709	-0.029440	-0.032959	-0.031787	-0.033271	-0.034152	-0.028382	-0.024917	-0.025145	-0.025047	-0.028691	0.004710	0.000061	0.001204	0.009099	0.009134	-0.001116	-0.000840	-0.002029	-0.001452	0.954216	-0.005940	0.002498	0.004606	0.005556	0.002639	0.010148	-0.004680	0.006911	0.002186	0.005767	-0.002149	0.001401	0.004888	0.005763	0.003178	0.000844	-0.003817	0.000476	0.000185	-0.000173	0.003335	0.000417	0.001835	0.005138	0.000204	0.002288	0.003646	0.004211	0.006438	0.001098	0.004882	0.000202	-0.003136	0.006675	0.004969	0.000075	0.007212	0.005614	-0.000039	-0.004984	0.005440	0.006191	0.004440	-0.004210	0.005501	0.005316	-0.001933	0.006748	0.002556	0.002458	0.001367	0.001647	0.004342	-0.001173	-0.000557	0.000050	0.001069	0.001249	0.001681	0.004986	0.000222	-0.000490	0.002901	-0.000292	0.002231	0.004548	0.004162	0.004200	-0.002285	-0.018130	-0.017145	-0.029984	-0.027943	-0.027235	-0.027675	-0.024575	-0.017693	-0.025463	-0.021083	-0.016096	-0.021743	-0.027589	-0.009255	-0.025448	-0.018502	-0.028342	-0.021952	-0.018860	-0.019981	-0.025372	-0.018237	-0.017711	-0.019651	-0.016792	-0.020946	-0.013547	-0.019254	-0.020585	-0.019326	-0.006590	-0.016189	-0.020006	-0.016530	-0.018540	-0.026578	-0.019964	-0.014301	-0.019185	-0.022583	
-0.000134	0.003914	-0.018297	-0.000981	-0.023580	-0.018434	-0.029179	0.017564	-0.003540	0.011932	0.001759	0.013181	-0.013349	-0.025194	0.002732	-0.006852	0.009968	-0.013786	0.003221	-0.007525	-0.003191	-0.005076	-0.009753	-0.004061	-0.009243	0.000018	-0.005940	0.972309	-0.008253	-0.007143	-0.011696	-0.007109	-0.001888	-0.006198	-0.008750	-0.006214	-0.007159	-0.011359	-0.012932	-0.004950	-0.010272	-0.011381	-0.012783	-0.006867	-0.013939	-0.012082	-0.008740	-0.011065	-0.010980	-0.009295	-0.006346	-0.010873	-0.011737	-0.007302	-0.010139	-0.006224	-0.005688	-0.009029	-0.008374	-0.011862	-0.008643	-0.008452	-0.011274	-0.003373	-0.010855	-0.005510	-0.006172	-0.008009	-0.007245	-0.007546	-0.005300	-0.007796	0.005809	-0.007343	-0.005815	-0.008549	-0.009182	-0.009027	-0.007202	0.004946	-0.006584	-0.009044	-0.011333	-0.007933	-0.005478	-0.011234	-0.012782	-0.011425	-0.011861	0.003432	-0.003595	-0.013031	-0.005473	-0.006020	-0.009307	0.001592	-0.022374	0.003724	-0.009683	-0.022617	-0.010120	-0.021208	-0.010369	-0.021141	-0.024852	-0.002672	-0.013326	-0.019028	-0.023056	-0.021726	-0.024189	-0.006935	0.003177	-0.014431	-0.023070	-0.015094	0.011851	0.000323	0.006820	0.040859	0.010785	0.008973	0.017117	-0.000674	0.008215	0.027115	-0.027931	-0.024408	-0.024390	-0.021667	-0.015719	-0.021846	-0.024264	-0.006392	-0.015938	-0.028294	
-0.028342	-0.029426	-0.030958	-0.028793	-0.022307	-0.026431	-0.026546	-0.028374	-0.029931	-0.033076	-0.033170	-0.028200	-0.031186	-0.022109	-0.019648	-0.029211	-0.023779	0.001184	0.001954	0.002183	0.000070	0.002571	0.000814	0.002161	-0.003368	0.005123	0.002498	-0.008253	0.943689	0.004745	0.006686	0.000407	-0.000823	0.007781	-0.004918	0.007466	0.000938	0.008445	-0.000904	0.008055	0.004713	0.001308	0.002937	-0.000559	0.005425	0.006215	0.004574	0.001083	0.001773	-0.001616	0.000420	0.005060	0.002599	0.001074	0.006714	-0.003550	0.006264	0.003372	0.002963	0.000503	0.005431	0.000341	0.002261	0.006940	0.003367	0.007935	-0.000128	-0.000704	-0.003971	-0.001053	0.001857	-0.001265	-0.001680	-0.002243	0.001823	0.001070	0.001995	0.001322	0.001702	-0.001896	0.003922	-0.000707	-0.001488	0.006303	0.001999	0.010999	0.006729	0.003453	-0.004126	0.006215	0.006473	0.001664	0.003332	0.002232	0.004786	-0.000775	-0.015420	-0.020774	-0.022332	-0.027554	-0.024821	-0.024709	-0.025883	-0.026329	-0.017349	-0.021769	-0.020977	-0.018041	-0.027450	-0.022050	-0.023899	-0.024344	-0.028453	-0.028372	-0.020319	-0.025225	-0.013295	-0.006069	-0.012903	-0.015814	-0.011423	-0.017951	-0.018522	-0.020393	-0.012494	-0.010482	-0.022025	-0.021022	-0.023509	-0.021471	-0.022164	-0.020389	-0.018875	-0.021493	-0.025679	-0.021646	
-0.028147	-0.028829	-0.027147	-0.027035	-0.022441	-0.028612	-0.025247	-0.029920	-0.026042	-0.023977	-0.032431	-0.029771	-0.030492	-0.017296	-0.027204	-0.025450	-0.029265	0.001799	0.002907	0.006016	0.000560	0.003118	-0.000696	-0.002433	0.002868	0.005327	0.004606	-0.007143	0.004745	0.941493	0.001212	0.000426	0.004646	0.006128	-0.000053	0.007414	0.002062	0.004685	0.005526	0.002765	-0.000463	0.007515	0.001779	0.003465	0.006353	-0.001572	0.002300	0.005793	0.002670	0.003826	0.005306	0.002949	0.001803	0.002294	0.006528	-0.001201	0.006318	-0.000579	0.003854	0.008550	0.000250	0.005217	-0.003969	0.003562	0.005545	0.002384	-0.001695	0.001212	-0.000827	0.003534	-0.000033	0.000100	0.000343	0.002735	0.006151	0.002744	0.005666	0.002556	0.006774	0.001575	0.004975	0.002750	-0.000872	0.002230	0.003831	0.003292	0.006493	-0.001961	-0.001282	0.002237	0.005821	0.001686	0.005444	0.005835	0.005155	-0.003370	-0.019623	-0.021913	-0.023076	-0.026672	-0.028208	-0.018306	-0.029295	-0.015300	-0.021179	-0.022222	-0.022443	-0.023251	-0.030880	-0.023570	-0.021983	-0.022963	-0.026171	-0.027674	-0.018572	-0.020897	-0.021818	-0.019169	-0.018977	-0.019872	-0.021791	-0.019882	-0.017381	-0.019789	-0.023629	-0.014785	-0.022318	-0.015093	-0.018683	-0.023242	-0.018897	-0.020587	-0.020680	-0.021417	-0.027310	-0.023727	
