

----------------------------------------------------
STRUCTURE by Pritchard, Stephens and Donnelly (2000)
     and Falush, Stephens and Pritchard (2003)
       Code by Pritchard, Falush and Hubisz
             Version 2.3.4 (Jul 2012)
----------------------------------------------------



Command line arguments:   /programs/structure_2_3_4/bin/structure -K 4 -i /workdir/yc2644/CV_NYC_ddRAD/structure/n380_all_cor/threader_input/n380_all_SNP.DP3g95p10maf05.HWE.mod.biallelic.all_exGRV.n396_indep_50_1_0.2_pruned.nochr156invers.n380_refil.recode.strct_in -o /workdir/yc2644/CV_NYC_ddRAD/structure/n380_all_cor/str_K4_rep1 -D 3436064 -m /workdir/yc2644/CV_NYC_ddRAD/structure/n380_all_cor/threader_input/mainparams -e /workdir/yc2644/CV_NYC_ddRAD/structure/n380_all_cor/threader_input/extraparams 
Input File:    /workdir/yc2644/CV_NYC_ddRAD/structure/n380_all_cor/threader_input/n380_all_SNP.DP3g95p10maf05.HWE.mod.biallelic.all_exGRV.n396_indep_50_1_0.2_pruned.nochr156invers.n380_refil.recode.strct_in

Run parameters:
   380 individuals
   5625 loci
   4 populations assumed
   10000 Burn-in period
   20000 Reps
RANDOMIZE turned off


--------------------------------------------
Overall proportion of membership of the
sample in each of the 4 clusters

Inferred Clusters
  1      2      3      4    
0.279  0.397  0.077  0.247  

--------------------------------------------

Allele-freq. divergence among pops (Net nucleotide distance),
computed using point estimates of P.

      1       2       3       4      
 1      -    0.0004  0.0230  0.0003  
 2   0.0004     -    0.0236  0.0005  
 3   0.0230  0.0236     -    0.0230  
 4   0.0003  0.0005  0.0230     -    

Average distances (expected heterozygosity) between individuals in same cluster:
cluster  1  : 0.2553 
cluster  2  : 0.2541 
cluster  3  : 0.2212 
cluster  4  : 0.2552 

--------------------------------------------
Estimated Ln Prob of Data   = -1713425.8
Mean value of ln likelihood = -1704372.5
Variance of ln likelihood   = 18106.7
Mean value of alpha         = 0.0765

Mean value of Fst_1         = 0.0033
Mean value of Fst_2         = 0.0052
Mean value of Fst_3         = 0.2147
Mean value of Fst_4         = 0.0042


Inferred ancestry of individuals:
        Label (%Miss) :  Inferred clusters
  1 AB812s-002    (1)   :  0.984 0.010 0.002 0.005 
  2 AB812s-004    (0)   :  0.085 0.033 0.004 0.878 
  3 AB812s-005    (0)   :  0.787 0.039 0.029 0.145 
  4 AB812s-008    (1)   :  0.011 0.004 0.006 0.978 
  5 AB812s-009    (1)   :  0.033 0.662 0.003 0.302 
  6 AB812s-011    (0)   :  0.009 0.057 0.008 0.926 
  7 AB812s-012    (1)   :  0.866 0.079 0.001 0.053 
  8 AB812s-013    (0)   :  0.054 0.006 0.001 0.939 
  9 AB812s-014    (0)   :  0.147 0.107 0.001 0.745 
 10 AB812s-015    (0)   :  0.066 0.126 0.005 0.803 
 11 AB812s-017    (0)   :  0.956 0.007 0.002 0.035 
 12 AB812s-018    (0)   :  0.032 0.044 0.006 0.918 
 13 AB812s-019    (1)   :  0.949 0.022 0.002 0.026 
 14 AB812s-020    (1)   :  0.911 0.061 0.003 0.024 
 15 AB812s-021    (1)   :  0.019 0.048 0.002 0.931 
 16 AB812s-022    (0)   :  0.879 0.048 0.014 0.059 
 17 AB812s-024    (0)   :  0.075 0.026 0.010 0.889 
 18 AB812s-027    (0)   :  0.018 0.007 0.133 0.842 
 19 AB812s-029    (0)   :  0.606 0.061 0.016 0.317 
 20 AB812s-030    (0)   :  0.688 0.299 0.003 0.010 
 21 AB812s-031    (0)   :  0.792 0.117 0.051 0.041 
 22 AB812s-032    (0)   :  0.967 0.016 0.011 0.006 
 23 FI1012-001    (1)   :  0.000 0.000 1.000 0.000 
 24 FI1012-001r    (0)   :  0.000 0.000 0.999 0.000 
 25 FI1012-002    (0)   :  0.000 0.000 0.999 0.000 
 26 FI1012-005    (1)   :  0.001 0.001 0.997 0.001 
 27 FI1012-007    (1)   :  0.001 0.001 0.998 0.001 
 28 FI1012-010    (1)   :  0.000 0.000 1.000 0.000 
 29 FI1012-011    (1)   :  0.010 0.007 0.975 0.008 
 30 FI1012-012    (1)   :  0.000 0.000 0.999 0.000 
 31 FI1012-013    (0)   :  0.000 0.000 1.000 0.000 
 32 FI1012-014    (1)   :  0.000 0.000 0.999 0.000 
 33 FI1012-016    (1)   :  0.000 0.000 0.999 0.000 
 34 FI1012-019    (1)   :  0.005 0.006 0.972 0.016 
 35 FI1012-020    (0)   :  0.000 0.000 0.999 0.000 
 36 FIS1013a-00    (1)   :  0.013 0.021 0.884 0.082 
 37 FIS1013a-00    (1)   :  0.025 0.007 0.926 0.043 
 38 FIS1013a-00    (0)   :  0.002 0.006 0.706 0.286 
 39 FIS1013a-00    (1)   :  0.019 0.015 0.942 0.024 
 40 FIS1013a-00    (1)   :  0.105 0.018 0.833 0.044 
 41 FIS1013a-01    (0)   :  0.002 0.010 0.886 0.102 
 42 FIS1013a-01    (0)   :  0.049 0.027 0.881 0.043 
 43 FIS1013a-01    (1)   :  0.050 0.006 0.793 0.151 
 44 FIS1013a-01    (1)   :  0.163 0.016 0.693 0.128 
 45 FIS1013a-01    (1)   :  0.008 0.016 0.951 0.025 
 46 FIS1013a-02    (1)   :  0.005 0.005 0.988 0.002 
 47 FIS1013a-02    (1)   :  0.043 0.078 0.851 0.029 
 48 FIS1013a-02    (1)   :  0.080 0.021 0.874 0.025 
 49 FIS1013a-02    (1)   :  0.067 0.016 0.899 0.019 
 50 HH0512a-001    (1)   :  0.018 0.957 0.001 0.024 
 51 HH0512a-002    (0)   :  0.007 0.977 0.001 0.015 
 52 HH0512a-004    (0)   :  0.170 0.790 0.002 0.038 
 53 HH0512a-006    (0)   :  0.116 0.823 0.001 0.061 
 54 HH0512a-007    (1)   :  0.065 0.920 0.003 0.012 
 55 HH0512a-009    (0)   :  0.945 0.036 0.002 0.018 
 56 HH0512a-010    (0)   :  0.035 0.079 0.000 0.885 
 57 HH0512a-012    (0)   :  0.207 0.708 0.003 0.082 
 58 HH0512a-013    (1)   :  0.198 0.756 0.013 0.033 
 59 HH0512a-015    (0)   :  0.020 0.091 0.003 0.886 
 60 HH0512a-017    (0)   :  0.414 0.403 0.012 0.171 
 61 HH0512a-018    (1)   :  0.031 0.957 0.001 0.012 
 62 HH0512a-020    (1)   :  0.112 0.831 0.000 0.056 
 63 HH0512a-021    (1)   :  0.020 0.955 0.001 0.024 
 64 HH0512a-022    (0)   :  0.023 0.961 0.002 0.014 
 65 HH0512a-023    (0)   :  0.046 0.652 0.001 0.301 
 66 HH0512a-029    (0)   :  0.011 0.960 0.008 0.021 
 67 HH1013a-001    (1)   :  0.012 0.963 0.002 0.023 
 68 HH1013a-002    (0)   :  0.848 0.138 0.001 0.012 
 69 HH1013a-003    (0)   :  0.078 0.889 0.011 0.022 
 70 HH1013a-005    (0)   :  0.005 0.938 0.005 0.052 
 71 HH1013a-006    (0)   :  0.077 0.521 0.002 0.401 
 72 HH1013a-007    (0)   :  0.009 0.982 0.001 0.007 
 73 HH1013a-009    (0)   :  0.238 0.736 0.003 0.024 
 74 HH1013a-010    (0)   :  0.068 0.907 0.005 0.020 
 75 HH1013a-011    (1)   :  0.093 0.894 0.001 0.011 
 76 HH1013a-012    (0)   :  0.022 0.894 0.001 0.082 
 77 HH1013a-013    (0)   :  0.021 0.084 0.002 0.893 
 78 HH1013a-014    (1)   :  0.927 0.053 0.001 0.019 
 79 HH1013a-015    (1)   :  0.035 0.921 0.003 0.041 
 80 HH1013a-016    (0)   :  0.019 0.970 0.006 0.005 
 81 HH1013a-017    (0)   :  0.206 0.706 0.002 0.086 
 82 HH1013a-018    (1)   :  0.070 0.906 0.011 0.013 
 83 HH1013a-019    (0)   :  0.011 0.958 0.004 0.027 
 84 HH1013a-020    (0)   :  0.026 0.204 0.001 0.769 
 85 HH1013a-021    (0)   :  0.125 0.746 0.001 0.128 
 86 HH1013a-022    (0)   :  0.914 0.031 0.008 0.047 
 87 HH1013a-023    (1)   :  0.066 0.917 0.003 0.014 
 88 HH1013a-024    (1)   :  0.289 0.672 0.004 0.036 
 89 HH1013s-001    (1)   :  0.096 0.633 0.006 0.266 
 90 HH1013s-002    (1)   :  0.419 0.553 0.003 0.026 
 91 HH1013s-003    (0)   :  0.923 0.060 0.005 0.011 
 92 HH1013s-005    (1)   :  0.059 0.910 0.001 0.030 
 93 HH1013s-006    (1)   :  0.096 0.839 0.003 0.062 
 94 HH1013s-007    (0)   :  0.118 0.808 0.001 0.073 
 95 HH1013s-008    (0)   :  0.018 0.969 0.001 0.012 
 96 HH1013s-009    (1)   :  0.408 0.582 0.001 0.008 
 97 HH1013s-010    (1)   :  0.039 0.950 0.001 0.010 
 98 HH1013s-011    (1)   :  0.013 0.977 0.003 0.006 
 99 HH1013s-012    (1)   :  0.027 0.953 0.001 0.020 
100 HH1013s-013    (0)   :  0.054 0.922 0.000 0.023 
101 HH1013s-014    (0)   :  0.095 0.833 0.001 0.071 
102 HH1013s-016    (1)   :  0.054 0.828 0.002 0.117 
103 HH1013s-017    (1)   :  0.018 0.914 0.004 0.064 
104 HH1013s-018    (1)   :  0.026 0.452 0.001 0.522 
105 HH1013s-019    (0)   :  0.005 0.176 0.001 0.818 
106 HH1013s-020    (0)   :  0.355 0.607 0.006 0.033 
107 HH1013s-021    (1)   :  0.023 0.961 0.000 0.015 
108 HH1013s-022    (0)   :  0.047 0.935 0.001 0.017 
109 HH1013s-023    (0)   :  0.104 0.747 0.005 0.144 
110 HH1013s-024    (0)   :  0.014 0.933 0.002 0.050 
111 HH1013s-025    (1)   :  0.014 0.851 0.019 0.116 
112 HH812s-001    (1)   :  0.021 0.948 0.005 0.025 
113 HH812s-003    (1)   :  0.110 0.785 0.006 0.099 
114 HH812s-006    (0)   :  0.019 0.945 0.003 0.033 
115 HH812s-010    (1)   :  0.011 0.971 0.003 0.015 
116 HH812s-013    (0)   :  0.053 0.886 0.012 0.048 
117 HH812s-018    (0)   :  0.231 0.737 0.001 0.031 
118 HH812s-019    (1)   :  0.010 0.153 0.013 0.824 
119 HH812s-024    (0)   :  0.006 0.976 0.002 0.015 
120 HH812s-025    (0)   :  0.187 0.586 0.002 0.225 
121 HH812s-030    (0)   :  0.419 0.558 0.013 0.009 
122 HH812s-035    (0)   :  0.011 0.976 0.001 0.012 
123 HH812s-036    (1)   :  0.047 0.865 0.001 0.086 
124 HH812s-037    (0)   :  0.058 0.918 0.001 0.024 
125 HH812s-039    (1)   :  0.605 0.349 0.002 0.044 
126 HH812s-040    (0)   :  0.059 0.820 0.001 0.120 
127 HH812s-042    (0)   :  0.007 0.964 0.001 0.029 
128 HH812s-046    (0)   :  0.007 0.984 0.002 0.007 
129 HH812s-048    (0)   :  0.031 0.905 0.001 0.063 
130 HH812s-050    (1)   :  0.012 0.968 0.004 0.017 
131 HH812s-052    (1)   :  0.018 0.597 0.008 0.377 
132 HH812s-054    (1)   :  0.044 0.913 0.002 0.041 
133 HH812s-056    (1)   :  0.107 0.813 0.015 0.065 
134 HH912s-109    (0)   :  0.032 0.951 0.001 0.016 
135 HH912s-110    (0)   :  0.270 0.712 0.001 0.018 
136 HH912s-111    (0)   :  0.125 0.840 0.001 0.034 
137 HH912s-113    (0)   :  0.583 0.411 0.000 0.006 
138 HH912s-114    (0)   :  0.545 0.225 0.001 0.229 
139 HH912s-115    (0)   :  0.008 0.978 0.008 0.005 
140 HH912s-116    (1)   :  0.009 0.214 0.001 0.776 
141 HH912s-117    (0)   :  0.112 0.677 0.009 0.203 
142 HH912s-118    (1)   :  0.797 0.186 0.002 0.015 
143 HH912s-119    (1)   :  0.049 0.932 0.001 0.019 
144 HH912s-120    (0)   :  0.085 0.905 0.002 0.008 
145 HH912s-121    (0)   :  0.049 0.942 0.001 0.007 
146 HH912s-122    (1)   :  0.075 0.868 0.004 0.053 
147 HH912s-123    (0)   :  0.041 0.942 0.001 0.016 
148 HH912s-124    (0)   :  0.046 0.924 0.002 0.028 
149 HH912s-125    (0)   :  0.924 0.058 0.006 0.012 
150 HH912s-126    (0)   :  0.043 0.691 0.005 0.261 
151 HH912s-127    (0)   :  0.043 0.907 0.002 0.048 
152 HH912s-128    (0)   :  0.008 0.930 0.002 0.059 
153 HH912s-129    (0)   :  0.148 0.828 0.001 0.022 
154 HH912s-130    (0)   :  0.054 0.642 0.004 0.301 
155 HH912s-131    (0)   :  0.029 0.926 0.002 0.044 
156 HH912s-132    (0)   :  0.663 0.311 0.003 0.023 
157 IRV1012-001    (0)   :  0.780 0.206 0.008 0.005 
158 IRV1012-002    (0)   :  0.012 0.855 0.003 0.129 
159 IRV1012-003    (0)   :  0.010 0.969 0.002 0.019 
160 IRV1012-004    (1)   :  0.015 0.945 0.002 0.039 
161 IRV1012-006    (0)   :  0.014 0.979 0.001 0.006 
162 IRV1012-007    (0)   :  0.019 0.660 0.001 0.320 
163 IRV1012-008    (0)   :  0.887 0.070 0.003 0.040 
164 IRV1012-009    (1)   :  0.047 0.579 0.002 0.373 
165 IRV1012-010    (0)   :  0.212 0.768 0.002 0.019 
166 IRV1012-011    (0)   :  0.025 0.953 0.001 0.020 
167 IRV1012-012    (0)   :  0.186 0.148 0.002 0.664 
168 IRV1012-013    (0)   :  0.648 0.159 0.003 0.189 
169 IRV1012-014    (0)   :  0.021 0.922 0.001 0.056 
170 IRV1012-015    (0)   :  0.260 0.719 0.002 0.019 
171 IRV1012-016    (0)   :  0.044 0.851 0.001 0.104 
172 IRV1012-017    (0)   :  0.057 0.906 0.002 0.034 
173 IRV1012-018    (1)   :  0.351 0.625 0.003 0.022 
174 IRV1012-019    (0)   :  0.060 0.884 0.005 0.050 
175 IRV1012-020    (0)   :  0.778 0.092 0.001 0.130 
176 IRV1012-021    (0)   :  0.018 0.969 0.004 0.009 
177 IRV1012-022    (0)   :  0.016 0.975 0.001 0.008 
178 IRV1012-023    (0)   :  0.022 0.961 0.001 0.016 
179 IRV1012-024    (1)   :  0.681 0.302 0.008 0.010 
180 NTC1013a-00    (0)   :  0.181 0.055 0.020 0.744 
181 NTC1013a-00    (1)   :  0.835 0.012 0.003 0.150 
182 NTC1013a-00    (0)   :  0.869 0.040 0.002 0.089 
183 NTC1013a-00    (1)   :  0.936 0.032 0.008 0.024 
184 NTC1013a-00    (1)   :  0.718 0.031 0.041 0.210 
185 NTC1013a-00    (0)   :  0.011 0.065 0.002 0.922 
186 NTC1013a-00    (1)   :  0.285 0.037 0.011 0.668 
187 NTC1013a-00    (0)   :  0.052 0.029 0.036 0.883 
188 NTC1013a-01    (0)   :  0.007 0.041 0.054 0.898 
189 NTC1013a-01    (0)   :  0.967 0.007 0.003 0.022 
190 NTC1013a-01    (0)   :  0.939 0.009 0.030 0.022 
191 NTC1013a-01    (0)   :  0.038 0.013 0.196 0.752 
192 NTC1013a-01    (0)   :  0.539 0.028 0.002 0.431 
193 NTC1013a-01    (0)   :  0.288 0.042 0.004 0.666 
194 NTC1013a-01    (0)   :  0.061 0.015 0.004 0.920 
195 NTC1013a-01    (1)   :  0.018 0.101 0.003 0.878 
196 NTC1013a-01    (0)   :  0.103 0.031 0.003 0.864 
197 NTC1013a-01    (0)   :  0.554 0.115 0.001 0.330 
198 NTC1013a-02    (0)   :  0.819 0.041 0.004 0.137 
199 NTC1013a-02    (0)   :  0.962 0.005 0.002 0.031 
200 PM1012-01    (0)   :  0.067 0.883 0.001 0.048 
201 PM1012-02    (1)   :  0.012 0.975 0.002 0.010 
202 PM1012-04    (1)   :  0.381 0.529 0.001 0.090 
203 PM1012-06    (0)   :  0.067 0.886 0.008 0.039 
204 PM1012-07    (0)   :  0.064 0.851 0.001 0.084 
205 PM1012-09    (0)   :  0.583 0.394 0.004 0.018 
206 PM1012-10    (0)   :  0.021 0.963 0.001 0.015 
207 PM1012-13    (0)   :  0.010 0.853 0.001 0.136 
208 PM1012-14    (0)   :  0.012 0.228 0.005 0.754 
209 PM1012-16    (1)   :  0.099 0.882 0.001 0.018 
210 PM1012-17    (0)   :  0.914 0.076 0.000 0.009 
211 PM1012-23    (0)   :  0.008 0.973 0.002 0.017 
212 PM1012-24    (1)   :  0.116 0.801 0.000 0.083 
213 PM1012-25    (0)   :  0.134 0.833 0.001 0.032 
214 PM1012-26    (3)   :  0.017 0.973 0.003 0.006 
215 PM1012-27    (0)   :  0.105 0.624 0.025 0.245 
216 PRA1013a-00    (1)   :  0.395 0.554 0.001 0.050 
217 PRA1013a-00    (1)   :  0.052 0.843 0.003 0.102 
218 PRA1013a-00    (0)   :  0.052 0.919 0.001 0.027 
219 PRA1013a-00    (0)   :  0.015 0.966 0.001 0.018 
220 PRA1013a-00    (0)   :  0.007 0.983 0.005 0.005 
221 PRA1013a-00    (0)   :  0.948 0.022 0.001 0.029 
222 PRA1013a-00    (1)   :  0.546 0.433 0.001 0.020 
223 PRA1013a-01    (0)   :  0.006 0.004 0.265 0.725 
224 PRA1013a-01    (1)   :  0.876 0.038 0.001 0.084 
225 PRA1013a-01    (0)   :  0.713 0.265 0.005 0.017 
226 PRA1013a-01    (0)   :  0.036 0.926 0.001 0.037 
227 PRA1013a-01    (1)   :  0.359 0.013 0.004 0.625 
228 PRA1013a-02    (1)   :  0.067 0.913 0.003 0.017 
229 PRA1013a-02    (1)   :  0.067 0.903 0.002 0.028 
230 PRA1013a-02    (0)   :  0.007 0.938 0.001 0.053 
231 PRA1013a-03    (0)   :  0.150 0.679 0.006 0.165 
232 PRA1013a-03    (1)   :  0.005 0.987 0.001 0.007 
233 PRA1013a-03    (0)   :  0.010 0.983 0.002 0.006 
234 PRA1013a-03    (0)   :  0.023 0.959 0.006 0.012 
235 PRA1013a-03    (0)   :  0.212 0.541 0.004 0.244 
236 PRA1013a-03    (0)   :  0.024 0.960 0.003 0.013 
237 PRA1013a-03    (0)   :  0.049 0.881 0.003 0.068 
238 PRA1013a-03    (1)   :  0.005 0.867 0.014 0.114 
239 RI812s-001    (0)   :  0.167 0.074 0.049 0.709 
240 RI812s-002    (1)   :  0.679 0.019 0.063 0.239 
241 RI812s-003    (1)   :  0.477 0.120 0.020 0.383 
242 RI812s-005    (1)   :  0.964 0.009 0.012 0.015 
243 RI812s-006    (0)   :  0.944 0.013 0.001 0.042 
244 RI812s-007    (0)   :  0.947 0.026 0.003 0.024 
245 RI812s-009    (0)   :  0.002 0.014 0.077 0.908 
246 RI812s-010    (1)   :  0.128 0.070 0.046 0.756 
247 RI812s-011    (0)   :  0.921 0.027 0.042 0.010 
248 RI812s-013    (1)   :  0.250 0.627 0.002 0.121 
249 RI812s-014    (1)   :  0.962 0.008 0.003 0.026 
250 RI812s-015    (0)   :  0.811 0.034 0.002 0.153 
251 RI812s-016    (0)   :  0.021 0.005 0.232 0.742 
252 SV0512a-001    (0)   :  0.315 0.070 0.004 0.610 
253 SV0512a-002    (1)   :  0.959 0.018 0.004 0.019 
254 SV0512a-003    (0)   :  0.941 0.042 0.007 0.011 
255 SV0512a-005    (1)   :  0.228 0.146 0.003 0.623 
256 SV0512a-007    (1)   :  0.132 0.003 0.087 0.778 
257 SV0512a-008    (1)   :  0.006 0.006 0.056 0.932 
258 SV0512a-009    (1)   :  0.854 0.126 0.001 0.019 
259 SV0512a-010    (0)   :  0.021 0.028 0.006 0.944 
260 SV0512a-011    (0)   :  0.781 0.002 0.202 0.016 
261 SV0512a-013    (1)   :  0.013 0.765 0.001 0.221 
262 SV0512a-014    (6)   :  0.556 0.176 0.006 0.261 
263 SV0512a-016    (1)   :  0.954 0.011 0.001 0.033 
264 SV0512a-018    (4)   :  0.822 0.080 0.094 0.004 
265 SV0512a-021    (2)   :  0.944 0.014 0.008 0.034 
266 SV0512a-022    (0)   :  0.006 0.006 0.009 0.979 
267 SV0512a-023    (2)   :  0.033 0.011 0.002 0.953 
268 SV0512a-024    (0)   :  0.014 0.004 0.015 0.968 
269 SV0512a-025    (0)   :  0.947 0.035 0.002 0.016 
270 SV0512a-027    (0)   :  0.102 0.024 0.002 0.872 
271 SV0512a-028    (3)   :  0.063 0.492 0.051 0.395 
272 SV1013a-001    (0)   :  0.001 0.005 0.062 0.932 
273 SV1013a-002    (1)   :  0.342 0.102 0.001 0.555 
274 SV1013a-003    (0)   :  0.305 0.276 0.003 0.416 
275 SV1013a-005    (0)   :  0.006 0.004 0.024 0.966 
276 SV1013a-006    (0)   :  0.948 0.013 0.002 0.037 
277 SV1013a-007    (0)   :  0.968 0.008 0.002 0.022 
278 SV1013a-008    (0)   :  0.029 0.009 0.002 0.960 
279 SV1013a-009    (0)   :  0.649 0.006 0.051 0.295 
280 SV1013a-010    (1)   :  0.807 0.081 0.006 0.106 
281 SV1013a-011    (0)   :  0.949 0.038 0.001 0.013 
282 SV1013a-012    (0)   :  0.908 0.009 0.027 0.056 
283 SV1013a-013    (0)   :  0.031 0.035 0.004 0.929 
284 SV1013a-014    (0)   :  0.272 0.025 0.002 0.700 
285 SV1013a-015    (0)   :  0.182 0.014 0.001 0.803 
286 SV1013a-016    (0)   :  0.267 0.115 0.001 0.617 
287 SV1013a-017    (0)   :  0.630 0.339 0.018 0.013 
288 SV1013a-018    (0)   :  0.398 0.092 0.001 0.509 
289 SV1013a-019    (0)   :  0.081 0.007 0.014 0.898 
290 SV1013a-020    (0)   :  0.218 0.033 0.143 0.606 
291 SV1013a-021    (0)   :  0.865 0.030 0.001 0.104 
292 SV1013a-022    (1)   :  0.004 0.016 0.058 0.922 
293 SV1013a-023    (0)   :  0.844 0.011 0.006 0.139 
294 SV1013a-024    (0)   :  0.884 0.007 0.042 0.067 
295 SV812s-026    (1)   :  0.891 0.056 0.005 0.049 
296 SV812s-027    (0)   :  0.010 0.290 0.056 0.645 
297 SV812s-029    (0)   :  0.898 0.067 0.001 0.034 
298 SV812s-030    (0)   :  0.879 0.040 0.063 0.018 
299 SV812s-031    (0)   :  0.048 0.009 0.004 0.939 
300 SV812s-032    (0)   :  0.926 0.005 0.055 0.013 
301 SV812s-033    (0)   :  0.220 0.008 0.001 0.771 
302 SV812s-034    (0)   :  0.810 0.031 0.010 0.150 
303 SV812s-037    (0)   :  0.366 0.371 0.010 0.252 
304 SV812s-038    (0)   :  0.820 0.040 0.003 0.138 
305 SV812s-039    (0)   :  0.903 0.058 0.002 0.036 
306 SV812s-040    (0)   :  0.935 0.042 0.004 0.019 
307 SV812s-041    (0)   :  0.977 0.010 0.001 0.013 
308 SV812s-042    (0)   :  0.356 0.010 0.001 0.633 
309 SV812s-043    (1)   :  0.598 0.339 0.011 0.052 
310 SV812s-044    (0)   :  0.161 0.036 0.001 0.802 
311 SV812s-046    (0)   :  0.056 0.051 0.024 0.869 
312 SV812s-047    (0)   :  0.933 0.036 0.001 0.029 
313 SV812s-048    (1)   :  0.026 0.027 0.002 0.945 
314 SV812s-049    (0)   :  0.857 0.049 0.001 0.093 
315 SV812s-050    (1)   :  0.105 0.177 0.001 0.717 
316 SV812s-051    (0)   :  0.129 0.051 0.003 0.816 
317 SV812s-052    (0)   :  0.015 0.010 0.042 0.933 
318 SV912s-001    (1)   :  0.122 0.018 0.002 0.859 
319 SV912s-002    (0)   :  0.681 0.246 0.029 0.043 
320 SV912s-003    (0)   :  0.082 0.034 0.082 0.801 
321 SV912s-005    (1)   :  0.033 0.145 0.078 0.744 
322 SV912s-006    (1)   :  0.041 0.012 0.000 0.947 
323 SV912s-007    (0)   :  0.063 0.037 0.002 0.897 
324 SV912s-008    (1)   :  0.586 0.095 0.002 0.317 
325 SV912s-009    (0)   :  0.141 0.012 0.001 0.846 
326 SV912s-010    (1)   :  0.204 0.022 0.001 0.773 
327 SV912s-011    (1)   :  0.984 0.006 0.003 0.006 
328 SV912s-012    (1)   :  0.235 0.016 0.048 0.701 
329 SV912s-013    (0)   :  0.318 0.214 0.003 0.465 
330 SV912s-014    (1)   :  0.116 0.053 0.040 0.790 
331 SV912s-015    (0)   :  0.031 0.025 0.002 0.943 
332 SV912s-017    (0)   :  0.010 0.042 0.013 0.935 
333 SV912s-018    (1)   :  0.737 0.043 0.002 0.218 
334 SV912s-019    (1)   :  0.886 0.107 0.001 0.006 
335 SV912s-020    (1)   :  0.901 0.013 0.050 0.036 
336 SV912s-021    (0)   :  0.856 0.069 0.005 0.070 
337 SV912s-022    (0)   :  0.859 0.108 0.002 0.031 
338 SV912s-023    (0)   :  0.054 0.640 0.026 0.280 
339 SV912s-024    (0)   :  0.240 0.755 0.001 0.004 
340 SV912s-025    (1)   :  0.124 0.862 0.002 0.012 
341 TPZ0713-001    (1)   :  0.085 0.844 0.001 0.071 
342 TPZ0713-002    (1)   :  0.147 0.442 0.001 0.409 
343 TPZ0713-003    (0)   :  0.069 0.693 0.002 0.236 
344 TPZ0713-005    (0)   :  0.076 0.884 0.009 0.031 
345 TPZ0713-006    (1)   :  0.019 0.948 0.015 0.018 
346 TPZ0713-007    (1)   :  0.066 0.828 0.001 0.105 
347 TPZ0713-009    (1)   :  0.098 0.889 0.003 0.010 
348 TPZ0713-011    (1)   :  0.019 0.925 0.001 0.055 
349 TPZ0713-012    (1)   :  0.014 0.975 0.001 0.010 
350 TPZ0713-013    (0)   :  0.016 0.977 0.001 0.006 
351 TPZ0713-014    (1)   :  0.017 0.969 0.003 0.011 
352 TPZ0713-015    (0)   :  0.012 0.580 0.002 0.406 
353 TPZ0713-016    (0)   :  0.219 0.762 0.001 0.019 
354 TPZ0713-020    (1)   :  0.009 0.542 0.002 0.447 
355 TPZ0713-021    (1)   :  0.039 0.940 0.011 0.011 
356 TPZ0713-023    (0)   :  0.023 0.965 0.002 0.011 
357 TPZ0713-024    (1)   :  0.173 0.378 0.001 0.448 
358 TPZ0713-025    (1)   :  0.005 0.984 0.001 0.009 
359 TPZ0713-028    (1)   :  0.015 0.971 0.001 0.013 
360 TPZ0713-029    (1)   :  0.092 0.892 0.011 0.006 
361 WFM812s-049    (0)   :  0.188 0.042 0.001 0.769 
362 WFM812s-050    (1)   :  0.011 0.071 0.002 0.916 
363 WFM812s-051    (1)   :  0.028 0.012 0.001 0.959 
364 WFM812s-054    (0)   :  0.014 0.015 0.002 0.969 
365 WFM812s-056    (0)   :  0.974 0.017 0.001 0.009 
366 WFM812s-057    (1)   :  0.985 0.005 0.002 0.008 
367 WFM812s-058    (0)   :  0.912 0.070 0.003 0.015 
368 WFM812s-059    (0)   :  0.006 0.006 0.011 0.977 
369 WFM812s-060    (1)   :  0.002 0.002 0.215 0.782 
370 WFM812s-062    (0)   :  0.917 0.032 0.002 0.049 
371 WFM812s-063    (0)   :  0.503 0.317 0.005 0.175 
372 WFM812s-064    (0)   :  0.141 0.163 0.023 0.673 
373 WFM812s-065    (0)   :  0.027 0.013 0.002 0.957 
374 WFM812s-066    (0)   :  0.875 0.011 0.001 0.112 
375 WFM812s-067    (0)   :  0.844 0.013 0.006 0.137 
376 WFM812s-068    (1)   :  0.050 0.017 0.001 0.932 
377 WFM812s-069    (0)   :  0.776 0.138 0.001 0.085 
378 WFM812s-071    (0)   :  0.442 0.192 0.005 0.362 
379 WFM812s-072    (0)   :  0.905 0.011 0.008 0.077 
380 WFM812s-073    (1)   :  0.876 0.087 0.002 0.035 


Estimated Allele Frequencies in each cluster
First column gives estimated ancestral frequencies


Locus 1 : NC_035780.1:72 
2 alleles
1.1% missing data
   2   (0.799) 0.800 0.796 0.919 0.802 
   1   (0.201) 0.200 0.204 0.081 0.198 

Locus 2 : NC_035780.1:72 
2 alleles
1.1% missing data
   2   (0.890) 0.893 0.895 0.990 0.882 
   1   (0.110) 0.107 0.105 0.010 0.118 

Locus 3 : NC_035780.1:44 
2 alleles
0.3% missing data
   2   (0.930) 0.924 0.934 0.995 0.935 
   1   (0.070) 0.076 0.066 0.005 0.065 

Locus 4 : NC_035780.1:31 
2 alleles
0.0% missing data
   2   (0.901) 0.890 0.914 0.823 0.911 
   1   (0.099) 0.110 0.086 0.177 0.089 

Locus 5 : NC_035780.1:36 
2 alleles
0.0% missing data
   2   (0.667) 0.671 0.687 0.641 0.649 
   1   (0.333) 0.329 0.313 0.359 0.351 

Locus 6 : NC_035780.1:38 
2 alleles
0.0% missing data
   1   (0.177) 0.169 0.180 0.063 0.182 
   2   (0.823) 0.831 0.820 0.937 0.818 

Locus 7 : NC_035780.1:38 
2 alleles
0.0% missing data
   2   (0.790) 0.801 0.772 0.966 0.787 
   1   (0.210) 0.199 0.228 0.034 0.213 

Locus 8 : NC_035780.1:38 
2 alleles
0.0% missing data
   1   (0.111) 0.104 0.110 0.251 0.114 
   2   (0.889) 0.896 0.890 0.749 0.886 

Locus 9 : NC_035780.1:38 
2 alleles
0.0% missing data
   2   (0.913) 0.909 0.919 0.887 0.920 
   1   (0.087) 0.091 0.081 0.113 0.080 

Locus 10 : NC_035780.1:41 
2 alleles
3.2% missing data
   2   (0.830) 0.849 0.817 0.882 0.819 
   1   (0.170) 0.151 0.183 0.118 0.181 

Locus 11 : NC_035780.1:44 
2 alleles
0.0% missing data
   2   (0.902) 0.905 0.877 0.993 0.915 
   1   (0.098) 0.095 0.123 0.007 0.085 

Locus 12 : NC_035780.1:44 
2 alleles
0.0% missing data
   2   (0.906) 0.914 0.902 0.993 0.898 
   1   (0.094) 0.086 0.098 0.007 0.102 

Locus 13 : NC_035780.1:54 
2 alleles
3.7% missing data
   2   (0.911) 0.913 0.921 0.993 0.900 
   1   (0.089) 0.087 0.079 0.007 0.100 

Locus 14 : NC_035780.1:55 
2 alleles
0.3% missing data
   2   (0.932) 0.931 0.937 0.995 0.932 
   1   (0.068) 0.069 0.063 0.005 0.068 

Locus 15 : NC_035780.1:59 
2 alleles
0.0% missing data
   1   (0.406) 0.415 0.400 0.344 0.398 
   2   (0.594) 0.585 0.600 0.656 0.602 

Locus 16 : NC_035780.1:84 
2 alleles
1.8% missing data
   2   (0.910) 0.911 0.916 0.992 0.904 
   1   (0.090) 0.089 0.084 0.008 0.096 

Locus 17 : NC_035780.1:90 
2 alleles
1.3% missing data
   2   (0.913) 0.917 0.923 0.960 0.905 
   1   (0.087) 0.083 0.077 0.040 0.095 

Locus 18 : NC_035780.1:90 
2 alleles
1.3% missing data
   2   (0.936) 0.941 0.918 0.995 0.944 
   1   (0.064) 0.059 0.082 0.005 0.056 

Locus 19 : NC_035780.1:98 
2 alleles
0.0% missing data
   2   (0.845) 0.834 0.845 0.989 0.855 
   1   (0.155) 0.166 0.155 0.011 0.145 

Locus 20 : NC_035780.1:98 
2 alleles
0.0% missing data
   1   (0.493) 0.520 0.499 0.299 0.456 
   2   (0.507) 0.480 0.501 0.701 0.544 

Locus 21 : NC_035780.1:98 
2 alleles
0.0% missing data
   2   (0.818) 0.801 0.823 0.793 0.839 
   1   (0.182) 0.199 0.177 0.207 0.161 

Locus 22 : NC_035780.1:10 
2 alleles
3.9% missing data
   1   (0.264) 0.257 0.270 0.210 0.266 
   2   (0.736) 0.743 0.730 0.790 0.734 

Locus 23 : NC_035780.1:11 
2 alleles
0.0% missing data
   1   (0.157) 0.162 0.162 0.203 0.140 
   2   (0.843) 0.838 0.838 0.797 0.860 

Locus 24 : NC_035780.1:13 
2 alleles
0.0% missing data
   1   (0.196) 0.219 0.185 0.013 0.182 
   2   (0.804) 0.781 0.815 0.987 0.818 

Locus 25 : NC_035780.1:13 
2 alleles
0.0% missing data
   2   (0.725) 0.736 0.708 0.465 0.732 
   1   (0.275) 0.264 0.292 0.535 0.268 

Locus 26 : NC_035780.1:15 
2 alleles
0.3% missing data
   2   (0.943) 0.948 0.946 0.819 0.943 
   1   (0.057) 0.052 0.054 0.181 0.057 

Locus 27 : NC_035780.1:16 
2 alleles
0.0% missing data
   2   (0.911) 0.912 0.909 0.674 0.921 
   1   (0.089) 0.088 0.091 0.326 0.079 

Locus 28 : NC_035780.1:16 
2 alleles
0.0% missing data
   1   (0.172) 0.191 0.150 0.018 0.169 
   2   (0.828) 0.809 0.850 0.982 0.831 

Locus 29 : NC_035780.1:16 
2 alleles
5.8% missing data
   2   (0.924) 0.915 0.942 0.866 0.927 
   1   (0.076) 0.085 0.058 0.134 0.073 

Locus 30 : NC_035780.1:16 
2 alleles
5.8% missing data
   2   (0.941) 0.932 0.954 0.871 0.947 
   1   (0.059) 0.068 0.046 0.129 0.053 

Locus 31 : NC_035780.1:17 
2 alleles
0.0% missing data
   2   (0.904) 0.910 0.919 0.872 0.891 
   1   (0.096) 0.090 0.081 0.128 0.109 

Locus 32 : NC_035780.1:18 
2 alleles
0.3% missing data
   2   (0.922) 0.921 0.927 0.988 0.923 
   1   (0.078) 0.079 0.073 0.012 0.077 

Locus 33 : NC_035780.1:18 
2 alleles
1.3% missing data
   2   (0.939) 0.940 0.941 0.804 0.945 
   1   (0.061) 0.060 0.059 0.196 0.055 

Locus 34 : NC_035780.1:19 
2 alleles
0.0% missing data
   1   (0.282) 0.271 0.270 0.127 0.306 
   2   (0.718) 0.729 0.730 0.873 0.694 

Locus 35 : NC_035780.1:20 
2 alleles
0.5% missing data
   1   (0.461) 0.463 0.451 0.207 0.471 
   2   (0.539) 0.537 0.549 0.793 0.529 

Locus 36 : NC_035780.1:22 
2 alleles
1.6% missing data
   1   (0.210) 0.222 0.200 0.070 0.199 
   2   (0.790) 0.778 0.800 0.930 0.801 

Locus 37 : NC_035780.1:22 
2 alleles
1.6% missing data
   2   (0.880) 0.887 0.864 0.992 0.881 
   1   (0.120) 0.113 0.136 0.008 0.119 

Locus 38 : NC_035780.1:24 
2 alleles
0.0% missing data
   1   (0.466) 0.474 0.452 0.687 0.464 
   2   (0.534) 0.526 0.548 0.313 0.536 

Locus 39 : NC_035780.1:24 
2 alleles
0.0% missing data
   2   (0.859) 0.860 0.862 0.856 0.863 
   1   (0.141) 0.140 0.138 0.144 0.137 

Locus 40 : NC_035780.1:24 
2 alleles
0.0% missing data
   2   (0.889) 0.882 0.905 0.929 0.892 
   1   (0.111) 0.118 0.095 0.071 0.108 

Locus 41 : NC_035780.1:25 
2 alleles
0.3% missing data
   2   (0.815) 0.814 0.838 0.970 0.797 
   1   (0.185) 0.186 0.162 0.030 0.203 

Locus 42 : NC_035780.1:26 
2 alleles
0.8% missing data
   1   (0.350) 0.331 0.368 0.350 0.358 
   2   (0.650) 0.669 0.632 0.650 0.642 

Locus 43 : NC_035780.1:26 
2 alleles
0.8% missing data
   2   (0.816) 0.814 0.848 0.787 0.795 
   1   (0.184) 0.186 0.152 0.213 0.205 

Locus 44 : NC_035780.1:26 
2 alleles
0.0% missing data
   1   (0.298) 0.297 0.291 0.491 0.299 
   2   (0.702) 0.703 0.709 0.509 0.701 

Locus 45 : NC_035780.1:27 
2 alleles
0.0% missing data
   2   (0.908) 0.912 0.914 0.930 0.905 
   1   (0.092) 0.088 0.086 0.070 0.095 

Locus 46 : NC_035780.1:27 
2 alleles
0.0% missing data
   2   (0.963) 0.969 0.961 0.998 0.960 
   1   (0.037) 0.031 0.039 0.002 0.040 

Locus 47 : NC_035780.1:27 
2 alleles
3.4% missing data
   2   (0.869) 0.863 0.875 0.991 0.873 
   1   (0.131) 0.137 0.125 0.009 0.127 

Locus 48 : NC_035780.1:27 
2 alleles
3.4% missing data
   2   (0.878) 0.868 0.890 0.671 0.889 
   1   (0.122) 0.132 0.110 0.329 0.111 

Locus 49 : NC_035780.1:28 
2 alleles
3.9% missing data
   2   (0.959) 0.966 0.969 0.609 0.949 
   1   (0.041) 0.034 0.031 0.391 0.051 

Locus 50 : NC_035780.1:28 
2 alleles
3.9% missing data
   2   (0.910) 0.909 0.910 0.993 0.913 
   1   (0.090) 0.091 0.090 0.007 0.087 

Locus 51 : NC_035780.1:28 
2 alleles
0.0% missing data
   1   (0.480) 0.464 0.528 0.263 0.467 
   2   (0.520) 0.536 0.472 0.737 0.533 

Locus 52 : NC_035780.1:28 
2 alleles
0.0% missing data
   2   (0.907) 0.919 0.914 0.868 0.891 
   1   (0.093) 0.081 0.086 0.132 0.109 

Locus 53 : NC_035780.1:28 
2 alleles
1.1% missing data
   1   (0.179) 0.177 0.171 0.333 0.182 
   2   (0.821) 0.823 0.829 0.667 0.818 

Locus 54 : NC_035780.1:29 
2 alleles
0.0% missing data
   1   (0.195) 0.182 0.191 0.054 0.218 
   2   (0.805) 0.818 0.809 0.946 0.782 

Locus 55 : NC_035780.1:29 
2 alleles
0.0% missing data
   2   (0.945) 0.947 0.946 0.724 0.950 
   1   (0.055) 0.053 0.054 0.276 0.050 

Locus 56 : NC_035780.1:29 
2 alleles
0.0% missing data
   2   (0.828) 0.814 0.849 0.814 0.834 
   1   (0.172) 0.186 0.151 0.186 0.166 

Locus 57 : NC_035780.1:29 
2 alleles
0.0% missing data
   2   (0.904) 0.902 0.919 0.994 0.896 
   1   (0.096) 0.098 0.081 0.006 0.104 

Locus 58 : NC_035780.1:30 
2 alleles
0.3% missing data
   2   (0.932) 0.935 0.929 0.996 0.933 
   1   (0.068) 0.065 0.071 0.004 0.067 

Locus 59 : NC_035780.1:31 
2 alleles
0.8% missing data
   2   (0.894) 0.901 0.892 0.992 0.884 
   1   (0.106) 0.099 0.108 0.008 0.116 

Locus 60 : NC_035780.1:31 
2 alleles
0.8% missing data
   2   (0.639) 0.643 0.651 0.437 0.628 
   1   (0.361) 0.357 0.349 0.563 0.372 

Locus 61 : NC_035780.1:32 
2 alleles
0.0% missing data
   1   (0.366) 0.355 0.394 0.483 0.352 
   2   (0.634) 0.645 0.606 0.517 0.648 

Locus 62 : NC_035780.1:32 
2 alleles
0.0% missing data
   2   (0.726) 0.732 0.733 0.622 0.720 
   1   (0.274) 0.268 0.267 0.378 0.280 

Locus 63 : NC_035780.1:33 
2 alleles
3.4% missing data
   2   (0.946) 0.947 0.947 0.996 0.949 
   1   (0.054) 0.053 0.053 0.004 0.051 

Locus 64 : NC_035780.1:33 
2 alleles
3.4% missing data
   2   (0.831) 0.841 0.835 0.416 0.823 
   1   (0.169) 0.159 0.165 0.584 0.177 

Locus 65 : NC_035780.1:37 
2 alleles
0.3% missing data
   2   (0.921) 0.920 0.916 0.888 0.932 
   1   (0.079) 0.080 0.084 0.112 0.068 

Locus 66 : NC_035780.1:37 
2 alleles
0.3% missing data
   2   (0.875) 0.878 0.875 0.991 0.871 
   1   (0.125) 0.122 0.125 0.009 0.129 

Locus 67 : NC_035780.1:37 
2 alleles
0.0% missing data
   2   (0.922) 0.917 0.917 0.995 0.933 
   1   (0.078) 0.083 0.083 0.005 0.067 

Locus 68 : NC_035780.1:37 
2 alleles
0.0% missing data
   2   (0.804) 0.818 0.792 0.877 0.800 
   1   (0.196) 0.182 0.208 0.123 0.200 

Locus 69 : NC_035780.1:37 
2 alleles
0.0% missing data
   1   (0.141) 0.142 0.134 0.051 0.140 
   2   (0.859) 0.858 0.866 0.949 0.860 

Locus 70 : NC_035780.1:39 
2 alleles
0.0% missing data
   2   (0.925) 0.924 0.910 0.994 0.938 
   1   (0.075) 0.076 0.090 0.006 0.062 

Locus 71 : NC_035780.1:39 
2 alleles
0.0% missing data
   2   (0.843) 0.835 0.852 0.934 0.848 
   1   (0.157) 0.165 0.148 0.066 0.152 

Locus 72 : NC_035780.1:39 
2 alleles
0.0% missing data
   1   (0.307) 0.301 0.303 0.592 0.313 
   2   (0.693) 0.699 0.697 0.408 0.687 

Locus 73 : NC_035780.1:39 
2 alleles
0.0% missing data
   1   (0.129) 0.129 0.140 0.017 0.120 
   2   (0.871) 0.871 0.860 0.983 0.880 

Locus 74 : NC_035780.1:39 
2 alleles
2.9% missing data
   2   (0.668) 0.660 0.677 0.587 0.674 
   1   (0.332) 0.340 0.323 0.413 0.326 

Locus 75 : NC_035780.1:39 
2 alleles
0.3% missing data
   2   (0.878) 0.882 0.885 0.733 0.876 
   1   (0.122) 0.118 0.115 0.267 0.124 

Locus 76 : NC_035780.1:39 
2 alleles
0.3% missing data
   2   (0.886) 0.889 0.878 0.987 0.889 
   1   (0.114) 0.111 0.122 0.013 0.111 

Locus 77 : NC_035780.1:39 
2 alleles
0.3% missing data
   2   (0.540) 0.551 0.513 0.664 0.544 
   1   (0.460) 0.449 0.487 0.336 0.456 

Locus 78 : NC_035780.1:39 
2 alleles
0.3% missing data
   2   (0.970) 0.973 0.974 0.998 0.967 
   1   (0.030) 0.027 0.026 0.002 0.033 

Locus 79 : NC_035780.1:51 
2 alleles
0.3% missing data
   2   (0.962) 0.964 0.967 0.998 0.960 
   1   (0.038) 0.036 0.033 0.002 0.040 

Locus 80 : NC_035780.1:51 
2 alleles
1.3% missing data
   1   (0.325) 0.329 0.322 0.404 0.319 
   2   (0.675) 0.671 0.678 0.596 0.681 

Locus 81 : NC_035780.1:55 
2 alleles
0.0% missing data
   2   (0.905) 0.898 0.903 0.994 0.915 
   1   (0.095) 0.102 0.097 0.006 0.085 

Locus 82 : NC_035780.1:55 
2 alleles
2.1% missing data
   2   (0.782) 0.784 0.770 0.609 0.794 
   1   (0.218) 0.216 0.230 0.391 0.206 

Locus 83 : NC_035780.1:55 
2 alleles
0.5% missing data
   2   (0.855) 0.851 0.851 0.922 0.868 
   1   (0.145) 0.149 0.149 0.078 0.132 

Locus 84 : NC_035780.1:57 
2 alleles
0.0% missing data
   2   (0.949) 0.943 0.960 0.770 0.954 
   1   (0.051) 0.057 0.040 0.230 0.046 

Locus 85 : NC_035780.1:63 
2 alleles
2.1% missing data
   2   (0.948) 0.959 0.936 0.818 0.952 
   1   (0.052) 0.041 0.064 0.182 0.048 

Locus 86 : NC_035780.1:63 
2 alleles
1.3% missing data
   2   (0.895) 0.892 0.912 0.962 0.887 
   1   (0.105) 0.108 0.088 0.038 0.113 

Locus 87 : NC_035780.1:63 
2 alleles
1.3% missing data
   2   (0.737) 0.738 0.722 0.562 0.752 
   1   (0.263) 0.262 0.278 0.438 0.248 

Locus 88 : NC_035780.1:65 
2 alleles
0.0% missing data
   2   (0.861) 0.861 0.871 0.917 0.858 
   1   (0.139) 0.139 0.129 0.083 0.142 

Locus 89 : NC_035780.1:65 
2 alleles
0.0% missing data
   2   (0.959) 0.965 0.969 0.877 0.951 
   1   (0.041) 0.035 0.031 0.123 0.049 

Locus 90 : NC_035780.1:65 
2 alleles
0.0% missing data
   1   (0.230) 0.229 0.245 0.082 0.219 
   2   (0.770) 0.771 0.755 0.918 0.781 

Locus 91 : NC_035780.1:65 
2 alleles
0.0% missing data
   1   (0.253) 0.259 0.264 0.167 0.235 
   2   (0.747) 0.741 0.736 0.833 0.765 

Locus 92 : NC_035780.1:70 
2 alleles
2.4% missing data
   2   (0.924) 0.908 0.928 0.873 0.945 
   1   (0.076) 0.092 0.072 0.127 0.055 

Locus 93 : NC_035780.1:70 
2 alleles
0.3% missing data
   2   (0.957) 0.965 0.946 0.751 0.963 
   1   (0.043) 0.035 0.054 0.249 0.037 

Locus 94 : NC_035780.1:70 
2 alleles
0.3% missing data
   1   (0.212) 0.222 0.205 0.218 0.201 
   2   (0.788) 0.778 0.795 0.782 0.799 

Locus 95 : NC_035780.1:71 
2 alleles
1.6% missing data
   1   (0.416) 0.416 0.419 0.311 0.417 
   2   (0.584) 0.584 0.581 0.689 0.583 

Locus 96 : NC_035780.1:72 
2 alleles
0.0% missing data
   2   (0.934) 0.943 0.906 0.988 0.943 
   1   (0.066) 0.057 0.094 0.012 0.057 

Locus 97 : NC_035780.1:74 
2 alleles
1.1% missing data
   2   (0.948) 0.953 0.943 0.697 0.953 
   1   (0.052) 0.047 0.057 0.303 0.047 

Locus 98 : NC_035780.1:75 
2 alleles
0.5% missing data
   2   (0.794) 0.791 0.814 0.873 0.784 
   1   (0.206) 0.209 0.186 0.127 0.216 

Locus 99 : NC_035780.1:75 
2 alleles
0.5% missing data
   2   (0.869) 0.883 0.852 0.743 0.871 
   1   (0.131) 0.117 0.148 0.257 0.129 

Locus 100 : NC_035780.1:75 
2 alleles
1.1% missing data
   2   (0.926) 0.919 0.939 0.994 0.926 
   1   (0.074) 0.081 0.061 0.006 0.074 

Locus 101 : NC_035780.1:75 
2 alleles
0.0% missing data
   1   (0.473) 0.488 0.463 0.704 0.457 
   2   (0.527) 0.512 0.537 0.296 0.543 

Locus 102 : NC_035780.1:75 
2 alleles
0.3% missing data
   2   (0.899) 0.897 0.915 0.757 0.896 
   1   (0.101) 0.103 0.085 0.243 0.104 

Locus 103 : NC_035780.1:76 
2 alleles
2.9% missing data
   1   (0.337) 0.338 0.348 0.613 0.319 
   2   (0.663) 0.662 0.652 0.387 0.681 

Locus 104 : NC_035780.1:76 
2 alleles
2.9% missing data
   2   (0.935) 0.943 0.916 0.995 0.941 
   1   (0.065) 0.057 0.084 0.005 0.059 

Locus 105 : NC_035780.1:77 
2 alleles
4.5% missing data
   2   (0.844) 0.813 0.890 0.926 0.842 
   1   (0.156) 0.187 0.110 0.074 0.158 

Locus 106 : NC_035780.1:77 
2 alleles
4.5% missing data
   2   (0.903) 0.915 0.896 0.662 0.901 
   1   (0.097) 0.085 0.104 0.338 0.099 

Locus 107 : NC_035780.1:79 
2 alleles
0.0% missing data
   2   (0.925) 0.930 0.927 0.871 0.924 
   1   (0.075) 0.070 0.073 0.129 0.076 

Locus 108 : NC_035780.1:81 
2 alleles
0.0% missing data
   1   (0.459) 0.450 0.450 0.117 0.483 
   2   (0.541) 0.550 0.550 0.883 0.517 

Locus 109 : NC_035780.1:81 
2 alleles
0.0% missing data
   2   (0.882) 0.893 0.862 0.960 0.885 
   1   (0.118) 0.107 0.138 0.040 0.115 

Locus 110 : NC_035780.1:81 
2 alleles
0.0% missing data
   1   (0.383) 0.394 0.367 0.443 0.380 
   2   (0.617) 0.606 0.633 0.557 0.620 

Locus 111 : NC_035780.1:82 
2 alleles
0.0% missing data
   2   (0.926) 0.931 0.923 0.907 0.929 
   1   (0.074) 0.069 0.077 0.093 0.071 

Locus 112 : NC_035780.1:83 
2 alleles
3.4% missing data
   1   (0.162) 0.160 0.158 0.011 0.171 
   2   (0.838) 0.840 0.842 0.989 0.829 

Locus 113 : NC_035780.1:83 
2 alleles
3.4% missing data
   2   (0.937) 0.946 0.948 0.996 0.916 
   1   (0.063) 0.054 0.052 0.004 0.084 

Locus 114 : NC_035780.1:83 
2 alleles
0.0% missing data
   2   (0.932) 0.936 0.930 0.932 0.936 
   1   (0.068) 0.064 0.070 0.068 0.064 

Locus 115 : NC_035780.1:83 
2 alleles
0.0% missing data
   2   (0.876) 0.881 0.875 0.595 0.879 
   1   (0.124) 0.119 0.125 0.405 0.121 

Locus 116 : NC_035780.1:84 
2 alleles
0.0% missing data
   2   (0.907) 0.906 0.905 0.719 0.917 
   1   (0.093) 0.094 0.095 0.281 0.083 

Locus 117 : NC_035780.1:85 
2 alleles
0.3% missing data
   2   (0.891) 0.900 0.878 0.883 0.895 
   1   (0.109) 0.100 0.122 0.117 0.105 

Locus 118 : NC_035780.1:85 
2 alleles
0.3% missing data
   2   (0.585) 0.594 0.565 0.859 0.584 
   1   (0.415) 0.406 0.435 0.141 0.416 

Locus 119 : NC_035780.1:86 
2 alleles
0.0% missing data
   2   (0.911) 0.917 0.927 0.883 0.895 
   1   (0.089) 0.083 0.073 0.117 0.105 

Locus 120 : NC_035780.1:86 
2 alleles
0.0% missing data
   2   (0.596) 0.603 0.560 0.695 0.614 
   1   (0.404) 0.397 0.440 0.305 0.386 

Locus 121 : NC_035780.1:86 
2 alleles
0.0% missing data
   2   (0.959) 0.960 0.962 0.997 0.957 
   1   (0.041) 0.040 0.038 0.003 0.043 

Locus 122 : NC_035780.1:86 
2 alleles
0.0% missing data
   2   (0.955) 0.952 0.953 0.997 0.962 
   1   (0.045) 0.048 0.047 0.003 0.038 

Locus 123 : NC_035780.1:86 
2 alleles
0.0% missing data
   1   (0.185) 0.197 0.176 0.088 0.174 
   2   (0.815) 0.803 0.824 0.912 0.826 

Locus 124 : NC_035780.1:86 
2 alleles
0.0% missing data
   2   (0.914) 0.913 0.922 0.962 0.913 
   1   (0.086) 0.087 0.078 0.038 0.087 

Locus 125 : NC_035780.1:86 
2 alleles
0.0% missing data
   1   (0.156) 0.156 0.145 0.099 0.159 
   2   (0.844) 0.844 0.855 0.901 0.841 

Locus 126 : NC_035780.1:86 
2 alleles
0.0% missing data
   2   (0.912) 0.921 0.910 0.752 0.909 
   1   (0.088) 0.079 0.090 0.248 0.091 

Locus 127 : NC_035780.1:86 
2 alleles
0.0% missing data
   1   (0.177) 0.184 0.182 0.044 0.162 
   2   (0.823) 0.816 0.818 0.956 0.838 

Locus 128 : NC_035780.1:86 
2 alleles
0.0% missing data
   2   (0.908) 0.911 0.906 0.885 0.911 
   1   (0.092) 0.089 0.094 0.115 0.089 

Locus 129 : NC_035780.1:87 
2 alleles
0.3% missing data
   2   (0.801) 0.814 0.793 0.708 0.796 
   1   (0.199) 0.186 0.207 0.292 0.204 

Locus 130 : NC_035780.1:87 
2 alleles
0.0% missing data
