

----------------------------------------------------
STRUCTURE by Pritchard, Stephens and Donnelly (2000)
     and Falush, Stephens and Pritchard (2003)
       Code by Pritchard, Falush and Hubisz
             Version 2.3.4 (Jul 2012)
----------------------------------------------------



Command line arguments:   /programs/structure_2_3_4/bin/structure -K 4 -i /workdir/yc2644/CV_NYC_ddRAD/structure/n380_all_cor/threader_input/n380_all_SNP.DP3g95p10maf05.HWE.mod.biallelic.all_exGRV.n396_indep_50_1_0.2_pruned.nochr156invers.n380_refil.recode.strct_in -o /workdir/yc2644/CV_NYC_ddRAD/structure/n380_all_cor/str_K4_rep4 -D 9555008 -m /workdir/yc2644/CV_NYC_ddRAD/structure/n380_all_cor/threader_input/mainparams -e /workdir/yc2644/CV_NYC_ddRAD/structure/n380_all_cor/threader_input/extraparams 
Input File:    /workdir/yc2644/CV_NYC_ddRAD/structure/n380_all_cor/threader_input/n380_all_SNP.DP3g95p10maf05.HWE.mod.biallelic.all_exGRV.n396_indep_50_1_0.2_pruned.nochr156invers.n380_refil.recode.strct_in

Run parameters:
   380 individuals
   5625 loci
   4 populations assumed
   10000 Burn-in period
   20000 Reps
RANDOMIZE turned off


--------------------------------------------
Overall proportion of membership of the
sample in each of the 4 clusters

Inferred Clusters
  1      2      3      4    
0.254  0.279  0.390  0.077  

--------------------------------------------

Allele-freq. divergence among pops (Net nucleotide distance),
computed using point estimates of P.

      1       2       3       4      
 1      -    0.0003  0.0005  0.0229  
 2   0.0003     -    0.0004  0.0230  
 3   0.0005  0.0004     -    0.0235  
 4   0.0229  0.0230  0.0235     -    

Average distances (expected heterozygosity) between individuals in same cluster:
cluster  1  : 0.2552 
cluster  2  : 0.2551 
cluster  3  : 0.2542 
cluster  4  : 0.2214 

--------------------------------------------
Estimated Ln Prob of Data   = -1715740.8
Mean value of ln likelihood = -1704363.7
Variance of ln likelihood   = 22754.2
Mean value of alpha         = 0.0818

Mean value of Fst_1         = 0.0043
Mean value of Fst_2         = 0.0037
Mean value of Fst_3         = 0.0049
Mean value of Fst_4         = 0.2138


Inferred ancestry of individuals:
        Label (%Miss) :  Inferred clusters
  1 AB812s-002    (1)   :  0.005 0.983 0.009 0.004 
  2 AB812s-004    (0)   :  0.507 0.446 0.043 0.004 
  3 AB812s-005    (0)   :  0.034 0.932 0.006 0.029 
  4 AB812s-008    (1)   :  0.977 0.007 0.008 0.008 
  5 AB812s-009    (1)   :  0.243 0.012 0.741 0.004 
  6 AB812s-011    (0)   :  0.916 0.027 0.045 0.011 
  7 AB812s-012    (1)   :  0.056 0.884 0.059 0.001 
  8 AB812s-013    (0)   :  0.943 0.040 0.016 0.001 
  9 AB812s-014    (0)   :  0.899 0.013 0.088 0.001 
 10 AB812s-015    (0)   :  0.631 0.054 0.311 0.003 
 11 AB812s-017    (0)   :  0.557 0.415 0.026 0.002 
 12 AB812s-018    (0)   :  0.886 0.035 0.069 0.010 
 13 AB812s-019    (1)   :  0.097 0.871 0.028 0.003 
 14 AB812s-020    (1)   :  0.046 0.903 0.048 0.003 
 15 AB812s-021    (1)   :  0.909 0.028 0.059 0.004 
 16 AB812s-022    (0)   :  0.050 0.918 0.018 0.014 
 17 AB812s-024    (0)   :  0.516 0.454 0.019 0.010 
 18 AB812s-027    (0)   :  0.837 0.027 0.002 0.133 
 19 AB812s-029    (0)   :  0.725 0.172 0.088 0.015 
 20 AB812s-030    (0)   :  0.019 0.670 0.309 0.002 
 21 AB812s-031    (0)   :  0.013 0.751 0.178 0.058 
 22 AB812s-032    (0)   :  0.009 0.969 0.008 0.014 
 23 FI1012-001    (1)   :  0.000 0.000 0.000 1.000 
 24 FI1012-001r    (0)   :  0.000 0.000 0.000 0.999 
 25 FI1012-002    (0)   :  0.000 0.000 0.000 0.999 
 26 FI1012-005    (1)   :  0.001 0.001 0.001 0.997 
 27 FI1012-007    (1)   :  0.001 0.001 0.001 0.998 
 28 FI1012-010    (1)   :  0.000 0.000 0.000 0.999 
 29 FI1012-011    (1)   :  0.007 0.010 0.005 0.978 
 30 FI1012-012    (1)   :  0.000 0.000 0.000 0.999 
 31 FI1012-013    (0)   :  0.000 0.000 0.000 1.000 
 32 FI1012-014    (1)   :  0.000 0.000 0.000 0.999 
 33 FI1012-016    (1)   :  0.000 0.000 0.000 0.999 
 34 FI1012-019    (1)   :  0.012 0.004 0.007 0.977 
 35 FI1012-020    (0)   :  0.000 0.000 0.000 0.999 
 36 FIS1013a-00    (1)   :  0.037 0.032 0.041 0.890 
 37 FIS1013a-00    (1)   :  0.041 0.023 0.010 0.926 
 38 FIS1013a-00    (0)   :  0.284 0.008 0.002 0.706 
 39 FIS1013a-00    (1)   :  0.013 0.019 0.019 0.949 
 40 FIS1013a-00    (1)   :  0.052 0.097 0.014 0.837 
 41 FIS1013a-01    (0)   :  0.098 0.007 0.003 0.891 
 42 FIS1013a-01    (0)   :  0.050 0.057 0.009 0.884 
 43 FIS1013a-01    (1)   :  0.112 0.049 0.042 0.797 
 44 FIS1013a-01    (1)   :  0.196 0.108 0.004 0.693 
 45 FIS1013a-01    (1)   :  0.013 0.020 0.015 0.952 
 46 FIS1013a-02    (1)   :  0.003 0.006 0.003 0.988 
 47 FIS1013a-02    (1)   :  0.015 0.047 0.083 0.855 
 48 FIS1013a-02    (1)   :  0.020 0.075 0.030 0.876 
 49 FIS1013a-02    (1)   :  0.018 0.062 0.018 0.903 
 50 HH0512a-001    (1)   :  0.015 0.032 0.952 0.001 
 51 HH0512a-002    (0)   :  0.013 0.005 0.981 0.001 
 52 HH0512a-004    (0)   :  0.057 0.301 0.640 0.002 
 53 HH0512a-006    (0)   :  0.042 0.019 0.938 0.001 
 54 HH0512a-007    (1)   :  0.027 0.029 0.941 0.004 
 55 HH0512a-009    (0)   :  0.013 0.966 0.019 0.002 
 56 HH0512a-010    (0)   :  0.750 0.040 0.209 0.000 
 57 HH0512a-012    (0)   :  0.083 0.136 0.779 0.002 
 58 HH0512a-013    (1)   :  0.030 0.279 0.685 0.006 
 59 HH0512a-015    (0)   :  0.735 0.026 0.237 0.002 
 60 HH0512a-017    (0)   :  0.039 0.855 0.101 0.005 
 61 HH0512a-018    (1)   :  0.015 0.059 0.926 0.000 
 62 HH0512a-020    (1)   :  0.042 0.070 0.888 0.001 
 63 HH0512a-021    (1)   :  0.054 0.033 0.911 0.002 
 64 HH0512a-022    (0)   :  0.022 0.021 0.955 0.002 
 65 HH0512a-023    (0)   :  0.459 0.025 0.516 0.001 
 66 HH0512a-029    (0)   :  0.011 0.013 0.968 0.008 
 67 HH1013a-001    (1)   :  0.026 0.022 0.950 0.002 
 68 HH1013a-002    (0)   :  0.016 0.865 0.118 0.001 
 69 HH1013a-003    (0)   :  0.008 0.198 0.786 0.007 
 70 HH1013a-005    (0)   :  0.044 0.007 0.943 0.006 
 71 HH1013a-006    (0)   :  0.389 0.032 0.576 0.003 
 72 HH1013a-007    (0)   :  0.008 0.013 0.977 0.001 
 73 HH1013a-009    (0)   :  0.058 0.116 0.822 0.004 
 74 HH1013a-010    (0)   :  0.012 0.068 0.914 0.006 
 75 HH1013a-011    (1)   :  0.024 0.162 0.814 0.001 
 76 HH1013a-012    (0)   :  0.108 0.011 0.880 0.001 
 77 HH1013a-013    (0)   :  0.955 0.026 0.018 0.002 
 78 HH1013a-014    (1)   :  0.017 0.877 0.104 0.002 
 79 HH1013a-015    (1)   :  0.039 0.100 0.860 0.002 
 80 HH1013a-016    (0)   :  0.007 0.040 0.947 0.006 
 81 HH1013a-017    (0)   :  0.044 0.480 0.474 0.002 
 82 HH1013a-018    (1)   :  0.007 0.121 0.860 0.011 
 83 HH1013a-019    (0)   :  0.039 0.007 0.951 0.003 
 84 HH1013a-020    (0)   :  0.700 0.015 0.284 0.001 
 85 HH1013a-021    (0)   :  0.112 0.115 0.772 0.002 
 86 HH1013a-022    (0)   :  0.122 0.790 0.080 0.007 
 87 HH1013a-023    (1)   :  0.019 0.100 0.880 0.002 
 88 HH1013a-024    (1)   :  0.039 0.306 0.650 0.005 
 89 HH1013s-001    (1)   :  0.106 0.408 0.478 0.008 
 90 HH1013s-002    (1)   :  0.016 0.492 0.489 0.003 
 91 HH1013s-003    (0)   :  0.014 0.955 0.025 0.005 
 92 HH1013s-005    (1)   :  0.012 0.285 0.702 0.001 
 93 HH1013s-006    (1)   :  0.023 0.057 0.917 0.003 
 94 HH1013s-007    (0)   :  0.034 0.494 0.471 0.001 
 95 HH1013s-008    (0)   :  0.013 0.022 0.965 0.001 
 96 HH1013s-009    (1)   :  0.017 0.394 0.587 0.002 
 97 HH1013s-010    (1)   :  0.011 0.029 0.958 0.001 
 98 HH1013s-011    (1)   :  0.006 0.015 0.975 0.004 
 99 HH1013s-012    (1)   :  0.031 0.085 0.883 0.001 
100 HH1013s-013    (0)   :  0.016 0.070 0.912 0.001 
101 HH1013s-014    (0)   :  0.060 0.135 0.804 0.001 
102 HH1013s-016    (1)   :  0.114 0.040 0.845 0.001 
103 HH1013s-017    (1)   :  0.042 0.014 0.939 0.004 
104 HH1013s-018    (1)   :  0.369 0.016 0.614 0.001 
105 HH1013s-019    (0)   :  0.796 0.011 0.193 0.001 
106 HH1013s-020    (0)   :  0.095 0.072 0.828 0.005 
107 HH1013s-021    (1)   :  0.017 0.038 0.944 0.001 
108 HH1013s-022    (0)   :  0.024 0.043 0.933 0.001 
109 HH1013s-023    (0)   :  0.072 0.075 0.848 0.004 
110 HH1013s-024    (0)   :  0.025 0.017 0.956 0.002 
111 HH1013s-025    (1)   :  0.089 0.011 0.883 0.017 
112 HH812s-001    (1)   :  0.020 0.039 0.936 0.005 
113 HH812s-003    (1)   :  0.238 0.089 0.667 0.005 
114 HH812s-006    (0)   :  0.026 0.013 0.958 0.003 
115 HH812s-010    (1)   :  0.008 0.009 0.978 0.005 
116 HH812s-013    (0)   :  0.027 0.028 0.932 0.013 
117 HH812s-018    (0)   :  0.045 0.338 0.615 0.002 
118 HH812s-019    (1)   :  0.876 0.014 0.103 0.007 
119 HH812s-024    (0)   :  0.012 0.011 0.974 0.003 
120 HH812s-025    (0)   :  0.059 0.162 0.777 0.003 
121 HH812s-030    (0)   :  0.012 0.827 0.150 0.011 
122 HH812s-035    (0)   :  0.005 0.053 0.941 0.001 
123 HH812s-036    (1)   :  0.039 0.017 0.943 0.001 
124 HH812s-037    (0)   :  0.043 0.051 0.905 0.001 
125 HH812s-039    (1)   :  0.027 0.748 0.223 0.002 
126 HH812s-040    (0)   :  0.229 0.158 0.612 0.001 
127 HH812s-042    (0)   :  0.030 0.012 0.958 0.001 
128 HH812s-046    (0)   :  0.005 0.008 0.984 0.002 
129 HH812s-048    (0)   :  0.057 0.032 0.910 0.001 
130 HH812s-050    (1)   :  0.013 0.044 0.939 0.004 
131 HH812s-052    (1)   :  0.343 0.006 0.645 0.006 
132 HH812s-054    (1)   :  0.040 0.053 0.906 0.001 
133 HH812s-056    (1)   :  0.020 0.038 0.930 0.011 
134 HH912s-109    (0)   :  0.014 0.017 0.967 0.002 
135 HH912s-110    (0)   :  0.016 0.720 0.263 0.001 
136 HH912s-111    (0)   :  0.027 0.446 0.526 0.002 
137 HH912s-113    (0)   :  0.005 0.739 0.255 0.001 
138 HH912s-114    (0)   :  0.511 0.052 0.435 0.001 
139 HH912s-115    (0)   :  0.004 0.011 0.978 0.007 
140 HH912s-116    (1)   :  0.551 0.020 0.428 0.001 
141 HH912s-117    (0)   :  0.138 0.101 0.752 0.009 
142 HH912s-118    (1)   :  0.057 0.669 0.271 0.003 
143 HH912s-119    (1)   :  0.048 0.088 0.863 0.002 
144 HH912s-120    (0)   :  0.010 0.354 0.634 0.002 
145 HH912s-121    (0)   :  0.006 0.062 0.931 0.001 
146 HH912s-122    (1)   :  0.027 0.078 0.888 0.006 
147 HH912s-123    (0)   :  0.010 0.051 0.938 0.001 
148 HH912s-124    (0)   :  0.026 0.057 0.914 0.002 
149 HH912s-125    (0)   :  0.043 0.846 0.105 0.006 
150 HH912s-126    (0)   :  0.194 0.065 0.734 0.007 
151 HH912s-127    (0)   :  0.108 0.032 0.859 0.001 
152 HH912s-128    (0)   :  0.039 0.006 0.953 0.002 
153 HH912s-129    (0)   :  0.023 0.169 0.807 0.001 
154 HH912s-130    (0)   :  0.090 0.064 0.840 0.005 
155 HH912s-131    (0)   :  0.041 0.041 0.916 0.002 
156 HH912s-132    (0)   :  0.126 0.391 0.479 0.004 
157 IRV1012-001    (0)   :  0.008 0.576 0.401 0.015 
158 IRV1012-002    (0)   :  0.064 0.026 0.909 0.002 
159 IRV1012-003    (0)   :  0.014 0.010 0.974 0.002 
160 IRV1012-004    (1)   :  0.058 0.023 0.917 0.002 
161 IRV1012-006    (0)   :  0.010 0.033 0.956 0.001 
162 IRV1012-007    (0)   :  0.156 0.069 0.773 0.001 
163 IRV1012-008    (0)   :  0.062 0.793 0.143 0.003 
164 IRV1012-009    (1)   :  0.519 0.050 0.430 0.002 
165 IRV1012-010    (0)   :  0.035 0.151 0.811 0.003 
166 IRV1012-011    (0)   :  0.010 0.114 0.875 0.001 
167 IRV1012-012    (0)   :  0.637 0.128 0.234 0.001 
168 IRV1012-013    (0)   :  0.452 0.302 0.244 0.003 
169 IRV1012-014    (0)   :  0.027 0.022 0.949 0.001 
170 IRV1012-015    (0)   :  0.012 0.184 0.802 0.002 
171 IRV1012-016    (0)   :  0.187 0.056 0.756 0.001 
172 IRV1012-017    (0)   :  0.069 0.031 0.898 0.001 
173 IRV1012-018    (1)   :  0.011 0.671 0.316 0.002 
174 IRV1012-019    (0)   :  0.074 0.076 0.845 0.005 
175 IRV1012-020    (0)   :  0.093 0.617 0.288 0.001 
176 IRV1012-021    (0)   :  0.013 0.019 0.965 0.003 
177 IRV1012-022    (0)   :  0.007 0.012 0.980 0.001 
178 IRV1012-023    (0)   :  0.015 0.044 0.940 0.001 
179 IRV1012-024    (1)   :  0.016 0.743 0.233 0.007 
180 NTC1013a-00    (0)   :  0.244 0.682 0.046 0.027 
181 NTC1013a-00    (1)   :  0.282 0.703 0.012 0.003 
182 NTC1013a-00    (0)   :  0.063 0.923 0.012 0.003 
183 NTC1013a-00    (1)   :  0.020 0.879 0.089 0.011 
184 NTC1013a-00    (1)   :  0.044 0.889 0.017 0.050 
185 NTC1013a-00    (0)   :  0.931 0.007 0.058 0.004 
186 NTC1013a-00    (1)   :  0.711 0.187 0.095 0.008 
187 NTC1013a-00    (0)   :  0.896 0.027 0.042 0.035 
188 NTC1013a-01    (0)   :  0.857 0.013 0.074 0.057 
189 NTC1013a-01    (0)   :  0.044 0.937 0.015 0.004 
190 NTC1013a-01    (0)   :  0.081 0.878 0.009 0.032 
191 NTC1013a-01    (0)   :  0.727 0.068 0.007 0.198 
192 NTC1013a-01    (0)   :  0.810 0.162 0.025 0.003 
193 NTC1013a-01    (0)   :  0.671 0.263 0.063 0.003 
194 NTC1013a-01    (0)   :  0.806 0.156 0.032 0.006 
195 NTC1013a-01    (1)   :  0.901 0.047 0.047 0.004 
196 NTC1013a-01    (0)   :  0.907 0.063 0.028 0.003 
197 NTC1013a-01    (0)   :  0.375 0.552 0.071 0.002 
198 NTC1013a-02    (0)   :  0.387 0.544 0.062 0.007 
199 NTC1013a-02    (0)   :  0.014 0.979 0.006 0.001 
200 PM1012-01    (0)   :  0.035 0.025 0.938 0.002 
201 PM1012-02    (1)   :  0.025 0.014 0.959 0.002 
202 PM1012-04    (1)   :  0.045 0.846 0.107 0.001 
203 PM1012-06    (0)   :  0.036 0.044 0.913 0.007 
204 PM1012-07    (0)   :  0.062 0.012 0.925 0.001 
205 PM1012-09    (0)   :  0.089 0.395 0.513 0.003 
206 PM1012-10    (0)   :  0.022 0.027 0.951 0.001 
207 PM1012-13    (0)   :  0.142 0.008 0.849 0.001 
208 PM1012-14    (0)   :  0.714 0.012 0.271 0.003 
209 PM1012-16    (1)   :  0.017 0.252 0.729 0.001 
210 PM1012-17    (0)   :  0.010 0.896 0.093 0.001 
211 PM1012-23    (0)   :  0.024 0.009 0.965 0.002 
212 PM1012-24    (1)   :  0.070 0.135 0.794 0.001 
213 PM1012-25    (0)   :  0.020 0.415 0.564 0.001 
214 PM1012-26    (3)   :  0.013 0.029 0.955 0.004 
215 PM1012-27    (0)   :  0.199 0.050 0.723 0.028 
216 PRA1013a-00    (1)   :  0.064 0.622 0.313 0.001 
217 PRA1013a-00    (1)   :  0.086 0.029 0.883 0.002 
218 PRA1013a-00    (0)   :  0.021 0.107 0.871 0.002 
219 PRA1013a-00    (0)   :  0.014 0.016 0.969 0.001 
220 PRA1013a-00    (0)   :  0.002 0.005 0.987 0.006 
221 PRA1013a-00    (0)   :  0.025 0.918 0.056 0.001 
222 PRA1013a-00    (1)   :  0.074 0.223 0.703 0.001 
223 PRA1013a-01    (0)   :  0.724 0.003 0.003 0.270 
224 PRA1013a-01    (1)   :  0.017 0.951 0.031 0.001 
225 PRA1013a-01    (0)   :  0.050 0.818 0.128 0.004 
226 PRA1013a-01    (0)   :  0.019 0.093 0.888 0.001 
227 PRA1013a-01    (1)   :  0.692 0.279 0.023 0.006 
228 PRA1013a-02    (1)   :  0.021 0.090 0.886 0.003 
229 PRA1013a-02    (1)   :  0.050 0.136 0.812 0.001 
230 PRA1013a-02    (0)   :  0.026 0.003 0.969 0.002 
231 PRA1013a-03    (0)   :  0.135 0.066 0.795 0.004 
232 PRA1013a-03    (1)   :  0.007 0.005 0.986 0.001 
233 PRA1013a-03    (0)   :  0.006 0.010 0.981 0.003 
234 PRA1013a-03    (0)   :  0.005 0.026 0.965 0.004 
235 PRA1013a-03    (0)   :  0.462 0.079 0.454 0.005 
236 PRA1013a-03    (0)   :  0.015 0.022 0.960 0.003 
237 PRA1013a-03    (0)   :  0.070 0.226 0.701 0.004 
238 PRA1013a-03    (1)   :  0.050 0.009 0.921 0.020 
239 RI812s-001    (0)   :  0.713 0.144 0.086 0.057 
240 RI812s-002    (1)   :  0.232 0.664 0.035 0.068 
241 RI812s-003    (1)   :  0.771 0.099 0.113 0.017 
242 RI812s-005    (1)   :  0.024 0.952 0.010 0.013 
243 RI812s-006    (0)   :  0.089 0.901 0.008 0.001 
244 RI812s-007    (0)   :  0.079 0.875 0.044 0.002 
245 RI812s-009    (0)   :  0.913 0.005 0.002 0.079 
246 RI812s-010    (1)   :  0.798 0.022 0.134 0.046 
247 RI812s-011    (0)   :  0.023 0.908 0.024 0.045 
248 RI812s-013    (1)   :  0.142 0.247 0.609 0.002 
249 RI812s-014    (1)   :  0.199 0.787 0.010 0.004 
250 RI812s-015    (0)   :  0.216 0.772 0.008 0.003 
251 RI812s-016    (0)   :  0.718 0.041 0.009 0.232 
252 SV0512a-001    (0)   :  0.708 0.219 0.069 0.004 
253 SV0512a-002    (1)   :  0.034 0.939 0.022 0.005 
254 SV0512a-003    (0)   :  0.015 0.959 0.019 0.007 
255 SV0512a-005    (1)   :  0.634 0.287 0.076 0.003 
256 SV0512a-007    (1)   :  0.858 0.050 0.007 0.086 
257 SV0512a-008    (1)   :  0.924 0.008 0.008 0.061 
258 SV0512a-009    (1)   :  0.031 0.935 0.032 0.002 
259 SV0512a-010    (0)   :  0.950 0.027 0.018 0.005 
260 SV0512a-011    (0)   :  0.661 0.125 0.006 0.208 
261 SV0512a-013    (1)   :  0.449 0.005 0.544 0.002 
262 SV0512a-014    (6)   :  0.196 0.653 0.144 0.007 
263 SV0512a-016    (1)   :  0.047 0.940 0.009 0.003 
264 SV0512a-018    (4)   :  0.006 0.875 0.026 0.093 
265 SV0512a-021    (2)   :  0.035 0.938 0.016 0.012 
266 SV0512a-022    (0)   :  0.971 0.009 0.005 0.015 
267 SV0512a-023    (2)   :  0.963 0.028 0.006 0.002 
268 SV0512a-024    (0)   :  0.957 0.019 0.007 0.017 
269 SV0512a-025    (0)   :  0.102 0.782 0.113 0.003 
270 SV0512a-027    (0)   :  0.617 0.365 0.015 0.002 
271 SV0512a-028    (3)   :  0.324 0.475 0.161 0.039 
272 SV1013a-001    (0)   :  0.923 0.007 0.005 0.065 
273 SV1013a-002    (1)   :  0.693 0.186 0.120 0.001 
274 SV1013a-003    (0)   :  0.465 0.252 0.280 0.003 
275 SV1013a-005    (0)   :  0.958 0.005 0.005 0.032 
276 SV1013a-006    (0)   :  0.554 0.431 0.014 0.002 
277 SV1013a-007    (0)   :  0.018 0.969 0.010 0.002 
278 SV1013a-008    (0)   :  0.934 0.056 0.008 0.002 
279 SV1013a-009    (0)   :  0.850 0.070 0.032 0.047 
280 SV1013a-010    (1)   :  0.108 0.779 0.106 0.007 
281 SV1013a-011    (0)   :  0.028 0.943 0.029 0.001 
282 SV1013a-012    (0)   :  0.100 0.856 0.010 0.033 
283 SV1013a-013    (0)   :  0.945 0.027 0.024 0.004 
284 SV1013a-014    (0)   :  0.707 0.240 0.051 0.002 
285 SV1013a-015    (0)   :  0.905 0.079 0.015 0.001 
286 SV1013a-016    (0)   :  0.082 0.867 0.050 0.001 
287 SV1013a-017    (0)   :  0.026 0.629 0.333 0.012 
288 SV1013a-018    (0)   :  0.489 0.281 0.229 0.001 
289 SV1013a-019    (0)   :  0.939 0.030 0.017 0.014 
290 SV1013a-020    (0)   :  0.830 0.007 0.018 0.145 
291 SV1013a-021    (0)   :  0.119 0.839 0.040 0.001 
292 SV1013a-022    (1)   :  0.918 0.005 0.016 0.060 
293 SV1013a-023    (0)   :  0.435 0.491 0.058 0.015 
294 SV1013a-024    (0)   :  0.030 0.887 0.033 0.051 
295 SV812s-026    (1)   :  0.030 0.921 0.043 0.006 
296 SV812s-027    (0)   :  0.591 0.122 0.235 0.052 
297 SV812s-029    (0)   :  0.023 0.911 0.065 0.001 
298 SV812s-030    (0)   :  0.012 0.896 0.029 0.064 
299 SV812s-031    (0)   :  0.925 0.044 0.027 0.004 
300 SV812s-032    (0)   :  0.028 0.896 0.011 0.064 
301 SV812s-033    (0)   :  0.848 0.134 0.016 0.002 
302 SV812s-034    (0)   :  0.171 0.787 0.034 0.008 
303 SV812s-037    (0)   :  0.476 0.290 0.227 0.007 
304 SV812s-038    (0)   :  0.278 0.697 0.022 0.003 
305 SV812s-039    (0)   :  0.157 0.713 0.127 0.002 
306 SV812s-040    (0)   :  0.057 0.861 0.078 0.004 
307 SV812s-041    (0)   :  0.033 0.956 0.009 0.001 
308 SV812s-042    (0)   :  0.700 0.290 0.008 0.002 
309 SV812s-043    (1)   :  0.052 0.572 0.364 0.012 
310 SV812s-044    (0)   :  0.831 0.109 0.058 0.002 
311 SV812s-046    (0)   :  0.389 0.388 0.191 0.032 
312 SV812s-047    (0)   :  0.015 0.957 0.027 0.002 
313 SV812s-048    (1)   :  0.965 0.007 0.025 0.002 
314 SV812s-049    (0)   :  0.250 0.670 0.078 0.001 
315 SV812s-050    (1)   :  0.759 0.034 0.205 0.002 
316 SV812s-051    (0)   :  0.711 0.206 0.076 0.006 
317 SV812s-052    (0)   :  0.919 0.036 0.011 0.034 
318 SV912s-001    (1)   :  0.917 0.036 0.044 0.003 
319 SV912s-002    (0)   :  0.015 0.808 0.148 0.029 
320 SV912s-003    (0)   :  0.704 0.138 0.079 0.080 
321 SV912s-005    (1)   :  0.823 0.039 0.061 0.077 
322 SV912s-006    (1)   :  0.940 0.043 0.016 0.001 
323 SV912s-007    (0)   :  0.874 0.089 0.034 0.003 
324 SV912s-008    (1)   :  0.118 0.781 0.099 0.002 
325 SV912s-009    (0)   :  0.976 0.008 0.014 0.001 
326 SV912s-010    (1)   :  0.728 0.205 0.065 0.001 
327 SV912s-011    (1)   :  0.010 0.977 0.008 0.005 
328 SV912s-012    (1)   :  0.762 0.117 0.066 0.056 
329 SV912s-013    (0)   :  0.120 0.823 0.055 0.002 
330 SV912s-014    (1)   :  0.636 0.262 0.062 0.040 
331 SV912s-015    (0)   :  0.881 0.059 0.056 0.004 
332 SV912s-017    (0)   :  0.840 0.054 0.089 0.017 
333 SV912s-018    (1)   :  0.282 0.686 0.030 0.003 
334 SV912s-019    (1)   :  0.006 0.864 0.129 0.001 
335 SV912s-020    (1)   :  0.085 0.860 0.006 0.049 
336 SV912s-021    (0)   :  0.202 0.715 0.078 0.005 
337 SV912s-022    (0)   :  0.035 0.923 0.041 0.002 
338 SV912s-023    (0)   :  0.484 0.019 0.465 0.033 
339 SV912s-024    (0)   :  0.006 0.359 0.634 0.001 
340 SV912s-025    (1)   :  0.033 0.374 0.591 0.002 
341 TPZ0713-001    (1)   :  0.124 0.025 0.850 0.001 
342 TPZ0713-002    (1)   :  0.223 0.040 0.735 0.002 
343 TPZ0713-003    (0)   :  0.287 0.050 0.662 0.001 
344 TPZ0713-005    (0)   :  0.020 0.059 0.909 0.011 
345 TPZ0713-006    (1)   :  0.009 0.013 0.964 0.014 
346 TPZ0713-007    (1)   :  0.044 0.161 0.794 0.001 
347 TPZ0713-009    (1)   :  0.019 0.097 0.882 0.003 
348 TPZ0713-011    (1)   :  0.063 0.087 0.849 0.001 
349 TPZ0713-012    (1)   :  0.013 0.010 0.975 0.002 
350 TPZ0713-013    (0)   :  0.008 0.019 0.972 0.001 
351 TPZ0713-014    (1)   :  0.009 0.005 0.983 0.002 
352 TPZ0713-015    (0)   :  0.266 0.012 0.719 0.002 
353 TPZ0713-016    (0)   :  0.011 0.533 0.455 0.001 
354 TPZ0713-020    (1)   :  0.400 0.014 0.584 0.002 
355 TPZ0713-021    (1)   :  0.006 0.064 0.921 0.009 
356 TPZ0713-023    (0)   :  0.015 0.025 0.959 0.002 
357 TPZ0713-024    (1)   :  0.569 0.059 0.372 0.001 
358 TPZ0713-025    (1)   :  0.007 0.008 0.983 0.002 
359 TPZ0713-028    (1)   :  0.024 0.028 0.947 0.001 
360 TPZ0713-029    (1)   :  0.008 0.146 0.837 0.010 
361 WFM812s-049    (0)   :  0.814 0.155 0.031 0.001 
362 WFM812s-050    (1)   :  0.879 0.009 0.111 0.001 
363 WFM812s-051    (1)   :  0.891 0.097 0.011 0.001 
364 WFM812s-054    (0)   :  0.966 0.012 0.018 0.004 
365 WFM812s-056    (0)   :  0.021 0.936 0.041 0.002 
366 WFM812s-057    (1)   :  0.012 0.982 0.004 0.002 
367 WFM812s-058    (0)   :  0.020 0.953 0.024 0.003 
368 WFM812s-059    (0)   :  0.975 0.004 0.006 0.015 
369 WFM812s-060    (1)   :  0.768 0.009 0.011 0.212 
370 WFM812s-062    (0)   :  0.024 0.948 0.027 0.001 
371 WFM812s-063    (0)   :  0.497 0.039 0.455 0.009 
372 WFM812s-064    (0)   :  0.885 0.013 0.084 0.018 
373 WFM812s-065    (0)   :  0.961 0.015 0.022 0.002 
374 WFM812s-066    (0)   :  0.057 0.935 0.006 0.002 
375 WFM812s-067    (0)   :  0.238 0.731 0.024 0.007 
376 WFM812s-068    (1)   :  0.948 0.019 0.032 0.001 
377 WFM812s-069    (0)   :  0.067 0.720 0.211 0.001 
378 WFM812s-071    (0)   :  0.104 0.777 0.112 0.007 
379 WFM812s-072    (0)   :  0.225 0.749 0.018 0.009 
380 WFM812s-073    (1)   :  0.027 0.894 0.075 0.004 


Estimated Allele Frequencies in each cluster
First column gives estimated ancestral frequencies


Locus 1 : NC_035780.1:72 
2 alleles
1.1% missing data
   2   (0.799) 0.796 0.805 0.797 0.920 
   1   (0.201) 0.204 0.195 0.203 0.080 

Locus 2 : NC_035780.1:72 
2 alleles
1.1% missing data
   2   (0.890) 0.884 0.894 0.892 0.990 
   1   (0.110) 0.116 0.106 0.108 0.010 

Locus 3 : NC_035780.1:44 
2 alleles
0.3% missing data
   2   (0.929) 0.930 0.926 0.934 0.995 
   1   (0.071) 0.070 0.074 0.066 0.005 

Locus 4 : NC_035780.1:31 
2 alleles
0.0% missing data
   2   (0.903) 0.912 0.894 0.911 0.822 
   1   (0.097) 0.088 0.106 0.089 0.178 

Locus 5 : NC_035780.1:36 
2 alleles
0.0% missing data
   2   (0.669) 0.646 0.679 0.682 0.641 
   1   (0.331) 0.354 0.321 0.318 0.359 

Locus 6 : NC_035780.1:38 
2 alleles
0.0% missing data
   1   (0.177) 0.181 0.170 0.180 0.063 
   2   (0.823) 0.819 0.830 0.820 0.937 

Locus 7 : NC_035780.1:38 
2 alleles
0.0% missing data
   2   (0.789) 0.785 0.803 0.773 0.965 
   1   (0.211) 0.215 0.197 0.227 0.035 

Locus 8 : NC_035780.1:38 
2 alleles
0.0% missing data
   1   (0.111) 0.115 0.100 0.111 0.251 
   2   (0.889) 0.885 0.900 0.889 0.749 

Locus 9 : NC_035780.1:38 
2 alleles
0.0% missing data
   2   (0.913) 0.919 0.911 0.918 0.887 
   1   (0.087) 0.081 0.089 0.082 0.113 

Locus 10 : NC_035780.1:41 
2 alleles
3.2% missing data
   2   (0.830) 0.819 0.852 0.816 0.882 
   1   (0.170) 0.181 0.148 0.184 0.118 

Locus 11 : NC_035780.1:44 
2 alleles
0.0% missing data
   2   (0.901) 0.915 0.907 0.874 0.993 
   1   (0.099) 0.085 0.093 0.126 0.007 

Locus 12 : NC_035780.1:44 
2 alleles
0.0% missing data
   2   (0.904) 0.897 0.911 0.905 0.993 
   1   (0.096) 0.103 0.089 0.095 0.007 

Locus 13 : NC_035780.1:54 
2 alleles
3.7% missing data
   2   (0.911) 0.904 0.908 0.922 0.993 
   1   (0.089) 0.096 0.092 0.078 0.007 

Locus 14 : NC_035780.1:55 
2 alleles
0.3% missing data
   2   (0.932) 0.935 0.927 0.938 0.995 
   1   (0.068) 0.065 0.073 0.062 0.005 

Locus 15 : NC_035780.1:59 
2 alleles
0.0% missing data
   1   (0.405) 0.397 0.417 0.398 0.343 
   2   (0.595) 0.603 0.583 0.602 0.657 

Locus 16 : NC_035780.1:84 
2 alleles
1.8% missing data
   2   (0.910) 0.904 0.912 0.917 0.993 
   1   (0.090) 0.096 0.088 0.083 0.007 

Locus 17 : NC_035780.1:90 
2 alleles
1.3% missing data
   2   (0.913) 0.907 0.915 0.923 0.960 
   1   (0.087) 0.093 0.085 0.077 0.040 

Locus 18 : NC_035780.1:90 
2 alleles
1.3% missing data
   2   (0.935) 0.942 0.941 0.918 0.995 
   1   (0.065) 0.058 0.059 0.082 0.005 

Locus 19 : NC_035780.1:98 
2 alleles
0.0% missing data
   2   (0.845) 0.853 0.837 0.842 0.989 
   1   (0.155) 0.147 0.163 0.158 0.011 

Locus 20 : NC_035780.1:98 
2 alleles
0.0% missing data
   1   (0.492) 0.456 0.522 0.498 0.300 
   2   (0.508) 0.544 0.478 0.502 0.700 

Locus 21 : NC_035780.1:98 
2 alleles
0.0% missing data
   2   (0.819) 0.839 0.801 0.823 0.794 
   1   (0.181) 0.161 0.199 0.177 0.206 

Locus 22 : NC_035780.1:10 
2 alleles
3.9% missing data
   1   (0.264) 0.268 0.256 0.268 0.210 
   2   (0.736) 0.732 0.744 0.732 0.790 

Locus 23 : NC_035780.1:11 
2 alleles
0.0% missing data
   1   (0.156) 0.138 0.164 0.162 0.203 
   2   (0.844) 0.862 0.836 0.838 0.797 

Locus 24 : NC_035780.1:13 
2 alleles
0.0% missing data
   1   (0.197) 0.188 0.221 0.181 0.014 
   2   (0.803) 0.812 0.779 0.819 0.986 

Locus 25 : NC_035780.1:13 
2 alleles
0.0% missing data
   2   (0.723) 0.735 0.730 0.710 0.466 
   1   (0.277) 0.265 0.270 0.290 0.534 

Locus 26 : NC_035780.1:15 
2 alleles
0.3% missing data
   2   (0.943) 0.941 0.948 0.947 0.819 
   1   (0.057) 0.059 0.052 0.053 0.181 

Locus 27 : NC_035780.1:16 
2 alleles
0.0% missing data
   2   (0.912) 0.925 0.912 0.907 0.673 
   1   (0.088) 0.075 0.088 0.093 0.327 

Locus 28 : NC_035780.1:16 
2 alleles
0.0% missing data
   1   (0.171) 0.167 0.195 0.148 0.018 
   2   (0.829) 0.833 0.805 0.852 0.982 

Locus 29 : NC_035780.1:16 
2 alleles
5.8% missing data
   2   (0.924) 0.921 0.920 0.942 0.867 
   1   (0.076) 0.079 0.080 0.058 0.133 

Locus 30 : NC_035780.1:16 
2 alleles
5.8% missing data
   2   (0.942) 0.946 0.936 0.952 0.871 
   1   (0.058) 0.054 0.064 0.048 0.129 

Locus 31 : NC_035780.1:17 
2 alleles
0.0% missing data
   2   (0.906) 0.892 0.914 0.917 0.871 
   1   (0.094) 0.108 0.086 0.083 0.129 

Locus 32 : NC_035780.1:18 
2 alleles
0.3% missing data
   2   (0.923) 0.922 0.925 0.924 0.988 
   1   (0.077) 0.078 0.075 0.076 0.012 

Locus 33 : NC_035780.1:18 
2 alleles
1.3% missing data
   2   (0.940) 0.945 0.942 0.940 0.804 
   1   (0.060) 0.055 0.058 0.060 0.196 

Locus 34 : NC_035780.1:19 
2 alleles
0.0% missing data
   1   (0.283) 0.307 0.272 0.270 0.128 
   2   (0.717) 0.693 0.728 0.730 0.872 

Locus 35 : NC_035780.1:20 
2 alleles
0.5% missing data
   1   (0.462) 0.469 0.468 0.450 0.209 
   2   (0.538) 0.531 0.532 0.550 0.791 

Locus 36 : NC_035780.1:22 
2 alleles
1.6% missing data
   1   (0.209) 0.204 0.222 0.197 0.070 
   2   (0.791) 0.796 0.778 0.803 0.930 

Locus 37 : NC_035780.1:22 
2 alleles
1.6% missing data
   2   (0.880) 0.882 0.890 0.862 0.992 
   1   (0.120) 0.118 0.110 0.138 0.008 

Locus 38 : NC_035780.1:24 
2 alleles
0.0% missing data
   1   (0.465) 0.461 0.475 0.452 0.687 
   2   (0.535) 0.539 0.525 0.548 0.313 

Locus 39 : NC_035780.1:24 
2 alleles
0.0% missing data
   2   (0.860) 0.865 0.858 0.863 0.856 
   1   (0.140) 0.135 0.142 0.137 0.144 

Locus 40 : NC_035780.1:24 
2 alleles
0.0% missing data
   2   (0.890) 0.892 0.882 0.905 0.929 
   1   (0.110) 0.108 0.118 0.095 0.071 

Locus 41 : NC_035780.1:25 
2 alleles
0.3% missing data
   2   (0.816) 0.801 0.812 0.837 0.969 
   1   (0.184) 0.199 0.188 0.163 0.031 

Locus 42 : NC_035780.1:26 
2 alleles
0.8% missing data
   1   (0.351) 0.354 0.334 0.368 0.350 
   2   (0.649) 0.646 0.666 0.632 0.650 

Locus 43 : NC_035780.1:26 
2 alleles
0.8% missing data
   2   (0.817) 0.793 0.819 0.846 0.787 
   1   (0.183) 0.207 0.181 0.154 0.213 

Locus 44 : NC_035780.1:26 
2 alleles
0.0% missing data
   1   (0.299) 0.300 0.300 0.289 0.491 
   2   (0.701) 0.700 0.700 0.711 0.509 

Locus 45 : NC_035780.1:27 
2 alleles
0.0% missing data
   2   (0.908) 0.904 0.914 0.913 0.931 
   1   (0.092) 0.096 0.086 0.087 0.069 

Locus 46 : NC_035780.1:27 
2 alleles
0.0% missing data
   2   (0.963) 0.960 0.971 0.960 0.998 
   1   (0.037) 0.040 0.029 0.040 0.002 

Locus 47 : NC_035780.1:27 
2 alleles
3.4% missing data
   2   (0.870) 0.872 0.865 0.875 0.991 
   1   (0.130) 0.128 0.135 0.125 0.009 

Locus 48 : NC_035780.1:27 
2 alleles
3.4% missing data
   2   (0.878) 0.886 0.869 0.889 0.672 
   1   (0.122) 0.114 0.131 0.111 0.328 

Locus 49 : NC_035780.1:28 
2 alleles
3.9% missing data
   2   (0.960) 0.949 0.968 0.968 0.612 
   1   (0.040) 0.051 0.032 0.032 0.388 

Locus 50 : NC_035780.1:28 
2 alleles
3.9% missing data
   2   (0.911) 0.915 0.913 0.907 0.993 
   1   (0.089) 0.085 0.087 0.093 0.007 

Locus 51 : NC_035780.1:28 
2 alleles
0.0% missing data
   1   (0.483) 0.471 0.463 0.527 0.265 
   2   (0.517) 0.529 0.537 0.473 0.735 

Locus 52 : NC_035780.1:28 
2 alleles
0.0% missing data
   2   (0.907) 0.888 0.923 0.914 0.869 
   1   (0.093) 0.112 0.077 0.086 0.131 

Locus 53 : NC_035780.1:28 
2 alleles
1.1% missing data
   1   (0.178) 0.183 0.172 0.173 0.332 
   2   (0.822) 0.817 0.828 0.827 0.668 

Locus 54 : NC_035780.1:29 
2 alleles
0.0% missing data
   1   (0.197) 0.214 0.185 0.192 0.055 
   2   (0.803) 0.786 0.815 0.808 0.945 

Locus 55 : NC_035780.1:29 
2 alleles
0.0% missing data
   2   (0.944) 0.951 0.943 0.947 0.726 
   1   (0.056) 0.049 0.057 0.053 0.274 

Locus 56 : NC_035780.1:29 
2 alleles
0.0% missing data
   2   (0.830) 0.833 0.818 0.847 0.812 
   1   (0.170) 0.167 0.182 0.153 0.188 

Locus 57 : NC_035780.1:29 
2 alleles
0.0% missing data
   2   (0.906) 0.895 0.904 0.918 0.994 
   1   (0.094) 0.105 0.096 0.082 0.006 

Locus 58 : NC_035780.1:30 
2 alleles
0.3% missing data
   2   (0.932) 0.932 0.938 0.928 0.996 
   1   (0.068) 0.068 0.062 0.072 0.004 

Locus 59 : NC_035780.1:31 
2 alleles
0.8% missing data
   2   (0.893) 0.887 0.901 0.890 0.992 
   1   (0.107) 0.113 0.099 0.110 0.008 

Locus 60 : NC_035780.1:31 
2 alleles
0.8% missing data
   2   (0.639) 0.627 0.645 0.651 0.438 
   1   (0.361) 0.373 0.355 0.349 0.562 

Locus 61 : NC_035780.1:32 
2 alleles
0.0% missing data
   1   (0.366) 0.353 0.355 0.393 0.483 
   2   (0.634) 0.647 0.645 0.607 0.517 

Locus 62 : NC_035780.1:32 
2 alleles
0.0% missing data
   2   (0.726) 0.722 0.730 0.733 0.620 
   1   (0.274) 0.278 0.270 0.267 0.380 

Locus 63 : NC_035780.1:33 
2 alleles
3.4% missing data
   2   (0.946) 0.947 0.948 0.948 0.996 
   1   (0.054) 0.053 0.052 0.052 0.004 

Locus 64 : NC_035780.1:33 
2 alleles
3.4% missing data
   2   (0.831) 0.824 0.840 0.835 0.418 
   1   (0.169) 0.176 0.160 0.165 0.582 

Locus 65 : NC_035780.1:37 
2 alleles
0.3% missing data
   2   (0.920) 0.927 0.923 0.916 0.888 
   1   (0.080) 0.073 0.077 0.084 0.112 

Locus 66 : NC_035780.1:37 
2 alleles
0.3% missing data
   2   (0.875) 0.876 0.875 0.874 0.992 
   1   (0.125) 0.124 0.125 0.126 0.008 

Locus 67 : NC_035780.1:37 
2 alleles
0.0% missing data
   2   (0.922) 0.935 0.915 0.917 0.995 
   1   (0.078) 0.065 0.085 0.083 0.005 

Locus 68 : NC_035780.1:37 
2 alleles
0.0% missing data
   2   (0.803) 0.802 0.815 0.793 0.877 
   1   (0.197) 0.198 0.185 0.207 0.123 

Locus 69 : NC_035780.1:37 
2 alleles
0.0% missing data
   1   (0.141) 0.144 0.142 0.132 0.052 
   2   (0.859) 0.856 0.858 0.868 0.948 

Locus 70 : NC_035780.1:39 
2 alleles
0.0% missing data
   2   (0.924) 0.937 0.925 0.910 0.994 
   1   (0.076) 0.063 0.075 0.090 0.006 

Locus 71 : NC_035780.1:39 
2 alleles
0.0% missing data
   2   (0.843) 0.852 0.834 0.850 0.934 
   1   (0.157) 0.148 0.166 0.150 0.066 

Locus 72 : NC_035780.1:39 
2 alleles
0.0% missing data
   1   (0.306) 0.311 0.294 0.308 0.592 
   2   (0.694) 0.689 0.706 0.692 0.408 

Locus 73 : NC_035780.1:39 
2 alleles
0.0% missing data
   1   (0.131) 0.128 0.129 0.136 0.017 
   2   (0.869) 0.872 0.871 0.864 0.983 

Locus 74 : NC_035780.1:39 
2 alleles
2.9% missing data
   2   (0.668) 0.675 0.659 0.676 0.588 
   1   (0.332) 0.325 0.341 0.324 0.412 

Locus 75 : NC_035780.1:39 
2 alleles
0.3% missing data
   2   (0.878) 0.880 0.876 0.888 0.732 
   1   (0.122) 0.120 0.124 0.112 0.268 

Locus 76 : NC_035780.1:39 
2 alleles
0.3% missing data
   2   (0.885) 0.888 0.890 0.877 0.987 
   1   (0.115) 0.112 0.110 0.123 0.013 

Locus 77 : NC_035780.1:39 
2 alleles
0.3% missing data
   2   (0.539) 0.542 0.556 0.511 0.663 
   1   (0.461) 0.458 0.444 0.489 0.337 

Locus 78 : NC_035780.1:39 
2 alleles
0.3% missing data
   2   (0.970) 0.967 0.973 0.973 0.998 
   1   (0.030) 0.033 0.027 0.027 0.002 

Locus 79 : NC_035780.1:51 
2 alleles
0.3% missing data
   2   (0.962) 0.960 0.964 0.967 0.998 
   1   (0.038) 0.040 0.036 0.033 0.002 

Locus 80 : NC_035780.1:51 
2 alleles
1.3% missing data
   1   (0.324) 0.326 0.320 0.322 0.404 
   2   (0.676) 0.674 0.680 0.678 0.596 

Locus 81 : NC_035780.1:55 
2 alleles
0.0% missing data
   2   (0.905) 0.915 0.897 0.902 0.994 
   1   (0.095) 0.085 0.103 0.098 0.006 

Locus 82 : NC_035780.1:55 
2 alleles
2.1% missing data
   2   (0.780) 0.789 0.783 0.772 0.612 
   1   (0.220) 0.211 0.217 0.228 0.388 

Locus 83 : NC_035780.1:55 
2 alleles
0.5% missing data
   2   (0.854) 0.861 0.852 0.855 0.923 
   1   (0.146) 0.139 0.148 0.145 0.077 

Locus 84 : NC_035780.1:57 
2 alleles
0.0% missing data
   2   (0.949) 0.954 0.944 0.960 0.770 
   1   (0.051) 0.046 0.056 0.040 0.230 

Locus 85 : NC_035780.1:63 
2 alleles
2.1% missing data
   2   (0.947) 0.954 0.956 0.937 0.818 
   1   (0.053) 0.046 0.044 0.063 0.182 

Locus 86 : NC_035780.1:63 
2 alleles
1.3% missing data
   2   (0.895) 0.890 0.889 0.912 0.961 
   1   (0.105) 0.110 0.111 0.088 0.039 

Locus 87 : NC_035780.1:63 
2 alleles
1.3% missing data
   2   (0.737) 0.751 0.740 0.722 0.563 
   1   (0.263) 0.249 0.260 0.278 0.437 

Locus 88 : NC_035780.1:65 
2 alleles
0.0% missing data
   2   (0.861) 0.862 0.853 0.874 0.917 
   1   (0.139) 0.138 0.147 0.126 0.083 

Locus 89 : NC_035780.1:65 
2 alleles
0.0% missing data
   2   (0.959) 0.951 0.965 0.969 0.877 
   1   (0.041) 0.049 0.035 0.031 0.123 

Locus 90 : NC_035780.1:65 
2 alleles
0.0% missing data
   1   (0.231) 0.220 0.230 0.245 0.083 
   2   (0.769) 0.780 0.770 0.755 0.917 

Locus 91 : NC_035780.1:65 
2 alleles
0.0% missing data
   1   (0.254) 0.237 0.260 0.263 0.168 
   2   (0.746) 0.763 0.740 0.737 0.832 

Locus 92 : NC_035780.1:70 
2 alleles
2.4% missing data
   2   (0.924) 0.940 0.909 0.928 0.872 
   1   (0.076) 0.060 0.091 0.072 0.128 

Locus 93 : NC_035780.1:70 
2 alleles
0.3% missing data
   2   (0.956) 0.965 0.963 0.946 0.752 
   1   (0.044) 0.035 0.037 0.054 0.248 

Locus 94 : NC_035780.1:70 
2 alleles
0.3% missing data
   1   (0.211) 0.196 0.226 0.205 0.219 
   2   (0.789) 0.804 0.774 0.795 0.781 

Locus 95 : NC_035780.1:71 
2 alleles
1.6% missing data
   1   (0.415) 0.422 0.404 0.424 0.312 
   2   (0.585) 0.578 0.596 0.576 0.688 

Locus 96 : NC_035780.1:72 
2 alleles
0.0% missing data
   2   (0.934) 0.943 0.946 0.904 0.988 
   1   (0.066) 0.057 0.054 0.096 0.012 

Locus 97 : NC_035780.1:74 
2 alleles
1.1% missing data
   2   (0.947) 0.954 0.953 0.942 0.695 
   1   (0.053) 0.046 0.047 0.058 0.305 

Locus 98 : NC_035780.1:75 
2 alleles
0.5% missing data
   2   (0.795) 0.782 0.795 0.812 0.873 
   1   (0.205) 0.218 0.205 0.188 0.127 

Locus 99 : NC_035780.1:75 
2 alleles
0.5% missing data
   2   (0.868) 0.869 0.886 0.852 0.744 
   1   (0.132) 0.131 0.114 0.148 0.256 

Locus 100 : NC_035780.1:75 
2 alleles
1.1% missing data
   2   (0.927) 0.922 0.924 0.938 0.994 
   1   (0.073) 0.078 0.076 0.062 0.006 

Locus 101 : NC_035780.1:75 
2 alleles
0.0% missing data
   1   (0.472) 0.464 0.484 0.460 0.703 
   2   (0.528) 0.536 0.516 0.540 0.297 

Locus 102 : NC_035780.1:75 
2 alleles
0.3% missing data
   2   (0.900) 0.895 0.900 0.914 0.756 
   1   (0.100) 0.105 0.100 0.086 0.244 

Locus 103 : NC_035780.1:76 
2 alleles
2.9% missing data
   1   (0.336) 0.319 0.337 0.348 0.613 
   2   (0.664) 0.681 0.663 0.652 0.387 

Locus 104 : NC_035780.1:76 
2 alleles
2.9% missing data
   2   (0.936) 0.943 0.946 0.914 0.995 
   1   (0.064) 0.057 0.054 0.086 0.005 

Locus 105 : NC_035780.1:77 
2 alleles
4.5% missing data
   2   (0.846) 0.841 0.815 0.888 0.926 
   1   (0.154) 0.159 0.185 0.112 0.074 

Locus 106 : NC_035780.1:77 
2 alleles
4.5% missing data
   2   (0.903) 0.903 0.917 0.894 0.662 
   1   (0.097) 0.097 0.083 0.106 0.338 

Locus 107 : NC_035780.1:79 
2 alleles
0.0% missing data
   2   (0.925) 0.928 0.928 0.926 0.870 
   1   (0.075) 0.072 0.072 0.074 0.130 

Locus 108 : NC_035780.1:81 
2 alleles
0.0% missing data
   1   (0.459) 0.489 0.444 0.450 0.117 
   2   (0.541) 0.511 0.556 0.550 0.883 

Locus 109 : NC_035780.1:81 
2 alleles
0.0% missing data
   2   (0.880) 0.885 0.892 0.863 0.961 
   1   (0.120) 0.115 0.108 0.137 0.039 

Locus 110 : NC_035780.1:81 
2 alleles
0.0% missing data
   1   (0.381) 0.380 0.386 0.372 0.443 
   2   (0.619) 0.620 0.614 0.628 0.557 

Locus 111 : NC_035780.1:82 
2 alleles
0.0% missing data
   2   (0.925) 0.928 0.930 0.924 0.907 
   1   (0.075) 0.072 0.070 0.076 0.093 

Locus 112 : NC_035780.1:83 
2 alleles
3.4% missing data
   1   (0.162) 0.174 0.158 0.157 0.011 
   2   (0.838) 0.826 0.842 0.843 0.989 

Locus 113 : NC_035780.1:83 
2 alleles
3.4% missing data
   2   (0.938) 0.914 0.949 0.947 0.996 
   1   (0.062) 0.086 0.051 0.053 0.004 

Locus 114 : NC_035780.1:83 
2 alleles
0.0% missing data
   2   (0.932) 0.933 0.939 0.930 0.932 
   1   (0.068) 0.067 0.061 0.070 0.068 

Locus 115 : NC_035780.1:83 
2 alleles
0.0% missing data
   2   (0.877) 0.884 0.880 0.875 0.594 
   1   (0.123) 0.116 0.120 0.125 0.406 

Locus 116 : NC_035780.1:84 
2 alleles
0.0% missing data
   2   (0.906) 0.914 0.906 0.907 0.719 
   1   (0.094) 0.086 0.094 0.093 0.281 

Locus 117 : NC_035780.1:85 
2 alleles
0.3% missing data
   2   (0.890) 0.891 0.903 0.878 0.883 
   1   (0.110) 0.109 0.097 0.122 0.117 

Locus 118 : NC_035780.1:85 
2 alleles
0.3% missing data
   2   (0.584) 0.584 0.590 0.568 0.858 
   1   (0.416) 0.416 0.410 0.432 0.142 

Locus 119 : NC_035780.1:86 
2 alleles
0.0% missing data
   2   (0.911) 0.897 0.915 0.927 0.883 
   1   (0.089) 0.103 0.085 0.073 0.117 

Locus 120 : NC_035780.1:86 
2 alleles
0.0% missing data
   2   (0.593) 0.613 0.601 0.561 0.695 
   1   (0.407) 0.387 0.399 0.439 0.305 

Locus 121 : NC_035780.1:86 
2 alleles
0.0% missing data
   2   (0.959) 0.958 0.961 0.963 0.997 
   1   (0.041) 0.042 0.039 0.037 0.003 

Locus 122 : NC_035780.1:86 
2 alleles
0.0% missing data
   2   (0.955) 0.962 0.955 0.951 0.996 
   1   (0.045) 0.038 0.045 0.049 0.004 

Locus 123 : NC_035780.1:86 
2 alleles
0.0% missing data
   1   (0.184) 0.177 0.192 0.179 0.088 
   2   (0.816) 0.823 0.808 0.821 0.912 

Locus 124 : NC_035780.1:86 
2 alleles
0.0% missing data
   2   (0.915) 0.915 0.916 0.919 0.961 
   1   (0.085) 0.085 0.084 0.081 0.039 

Locus 125 : NC_035780.1:86 
2 alleles
0.0% missing data
   1   (0.154) 0.162 0.148 0.148 0.100 
   2   (0.846) 0.838 0.852 0.852 0.900 

Locus 126 : NC_035780.1:86 
2 alleles
0.0% missing data
   2   (0.911) 0.911 0.918 0.912 0.753 
   1   (0.089) 0.089 0.082 0.088 0.247 

Locus 127 : NC_035780.1:86 
2 alleles
0.0% missing data
   1   (0.177) 0.159 0.189 0.180 0.044 
   2   (0.823) 0.841 0.811 0.820 0.956 

Locus 128 : NC_035780.1:86 
2 alleles
0.0% missing data
   2   (0.908) 0.906 0.917 0.905 0.885 
   1   (0.092) 0.094 0.083 0.095 0.115 

Locus 129 : NC_035780.1:87 
2 alleles
0.3% missing data
   2   (0.800) 0.798 0.813 0.791 0.707 
   1   (0.200) 0.202 0.187 0.209 0.293 

Locus 130 : NC_035780.1:87 
2 alleles
0.0% missing data
