

----------------------------------------------------
STRUCTURE by Pritchard, Stephens and Donnelly (2000)
     and Falush, Stephens and Pritchard (2003)
       Code by Pritchard, Falush and Hubisz
             Version 2.3.4 (Jul 2012)
----------------------------------------------------



Command line arguments:   /programs/structure_2_3_4/bin/structure -K 3 -i /workdir/yc2644/CV_NYC_ddRAD/structure/n380_all_cor/threader_input/n380_all_SNP.DP3g95p10maf05.HWE.mod.biallelic.all_exGRV.n396_indep_50_1_0.2_pruned.nochr156invers.n380_refil.recode.strct_in -o /workdir/yc2644/CV_NYC_ddRAD/structure/n380_all_cor/str_K3_rep8 -D 4197241 -m /workdir/yc2644/CV_NYC_ddRAD/structure/n380_all_cor/threader_input/mainparams -e /workdir/yc2644/CV_NYC_ddRAD/structure/n380_all_cor/threader_input/extraparams 
Input File:    /workdir/yc2644/CV_NYC_ddRAD/structure/n380_all_cor/threader_input/n380_all_SNP.DP3g95p10maf05.HWE.mod.biallelic.all_exGRV.n396_indep_50_1_0.2_pruned.nochr156invers.n380_refil.recode.strct_in

Run parameters:
   380 individuals
   5625 loci
   3 populations assumed
   10000 Burn-in period
   20000 Reps
RANDOMIZE turned off


--------------------------------------------
Overall proportion of membership of the
sample in each of the 3 clusters

Inferred Clusters
  1      2      3    
0.076  0.435  0.488  

--------------------------------------------

Allele-freq. divergence among pops (Net nucleotide distance),
computed using point estimates of P.

      1       2       3      
 1      -    0.0225  0.0230  
 2   0.0225     -    0.0003  
 3   0.0230  0.0003     -    

Average distances (expected heterozygosity) between individuals in same cluster:
cluster  1  : 0.2219 
cluster  2  : 0.2553 
cluster  3  : 0.2544 

--------------------------------------------
Estimated Ln Prob of Data   = -1713016.2
Mean value of ln likelihood = -1705936.4
Variance of ln likelihood   = 14159.6
Mean value of alpha         = 0.0524

Mean value of Fst_1         = 0.2100
Mean value of Fst_2         = 0.0022
Mean value of Fst_3         = 0.0034


Inferred ancestry of individuals:
        Label (%Miss) :  Inferred clusters
  1 AB812s-002    (1)   :  0.002 0.937 0.062 
  2 AB812s-004    (0)   :  0.002 0.979 0.019 
  3 AB812s-005    (0)   :  0.019 0.963 0.018 
  4 AB812s-008    (1)   :  0.006 0.990 0.004 
  5 AB812s-009    (1)   :  0.003 0.061 0.936 
  6 AB812s-011    (0)   :  0.006 0.944 0.050 
  7 AB812s-012    (1)   :  0.001 0.934 0.065 
  8 AB812s-013    (0)   :  0.001 0.989 0.009 
  9 AB812s-014    (0)   :  0.000 0.941 0.059 
 10 AB812s-015    (0)   :  0.002 0.951 0.047 
 11 AB812s-017    (0)   :  0.001 0.988 0.011 
 12 AB812s-018    (0)   :  0.005 0.949 0.047 
 13 AB812s-019    (1)   :  0.002 0.964 0.034 
 14 AB812s-020    (1)   :  0.002 0.898 0.100 
 15 AB812s-021    (1)   :  0.002 0.944 0.054 
 16 AB812s-022    (0)   :  0.014 0.819 0.167 
 17 AB812s-024    (0)   :  0.005 0.974 0.021 
 18 AB812s-027    (0)   :  0.132 0.863 0.005 
 19 AB812s-029    (0)   :  0.011 0.922 0.067 
 20 AB812s-030    (0)   :  0.002 0.039 0.959 
 21 AB812s-031    (0)   :  0.053 0.505 0.442 
 22 AB812s-032    (0)   :  0.020 0.903 0.076 
 23 FI1012-001    (1)   :  1.000 0.000 0.000 
 24 FI1012-001r    (0)   :  1.000 0.000 0.000 
 25 FI1012-002    (0)   :  1.000 0.000 0.000 
 26 FI1012-005    (1)   :  0.998 0.001 0.001 
 27 FI1012-007    (1)   :  0.999 0.001 0.000 
 28 FI1012-010    (1)   :  1.000 0.000 0.000 
 29 FI1012-011    (1)   :  0.992 0.003 0.005 
 30 FI1012-012    (1)   :  1.000 0.000 0.000 
 31 FI1012-013    (0)   :  1.000 0.000 0.000 
 32 FI1012-014    (1)   :  1.000 0.000 0.000 
 33 FI1012-016    (1)   :  1.000 0.000 0.000 
 34 FI1012-019    (1)   :  0.990 0.006 0.004 
 35 FI1012-020    (0)   :  1.000 0.000 0.000 
 36 FIS1013a-00    (1)   :  0.898 0.057 0.045 
 37 FIS1013a-00    (1)   :  0.931 0.052 0.017 
 38 FIS1013a-00    (0)   :  0.719 0.276 0.005 
 39 FIS1013a-00    (1)   :  0.973 0.018 0.009 
 40 FIS1013a-00    (1)   :  0.846 0.126 0.028 
 41 FIS1013a-01    (0)   :  0.901 0.086 0.013 
 42 FIS1013a-01    (0)   :  0.888 0.097 0.015 
 43 FIS1013a-01    (1)   :  0.803 0.179 0.018 
 44 FIS1013a-01    (1)   :  0.703 0.293 0.004 
 45 FIS1013a-01    (1)   :  0.975 0.018 0.008 
 46 FIS1013a-02    (1)   :  0.994 0.003 0.003 
 47 FIS1013a-02    (1)   :  0.865 0.024 0.112 
 48 FIS1013a-02    (1)   :  0.879 0.066 0.056 
 49 FIS1013a-02    (1)   :  0.913 0.054 0.032 
 50 HH0512a-001    (1)   :  0.000 0.011 0.988 
 51 HH0512a-002    (0)   :  0.000 0.004 0.996 
 52 HH0512a-004    (0)   :  0.001 0.151 0.848 
 53 HH0512a-006    (0)   :  0.001 0.012 0.987 
 54 HH0512a-007    (1)   :  0.001 0.022 0.977 
 55 HH0512a-009    (0)   :  0.001 0.634 0.365 
 56 HH0512a-010    (0)   :  0.000 0.763 0.237 
 57 HH0512a-012    (0)   :  0.001 0.051 0.948 
 58 HH0512a-013    (1)   :  0.006 0.090 0.904 
 59 HH0512a-015    (0)   :  0.002 0.544 0.454 
 60 HH0512a-017    (0)   :  0.005 0.513 0.482 
 61 HH0512a-018    (1)   :  0.000 0.012 0.988 
 62 HH0512a-020    (1)   :  0.000 0.014 0.986 
 63 HH0512a-021    (1)   :  0.001 0.011 0.988 
 64 HH0512a-022    (0)   :  0.001 0.013 0.985 
 65 HH0512a-023    (0)   :  0.000 0.061 0.938 
 66 HH0512a-029    (0)   :  0.003 0.007 0.990 
 67 HH1013a-001    (1)   :  0.001 0.008 0.990 
 68 HH1013a-002    (0)   :  0.001 0.712 0.287 
 69 HH1013a-003    (0)   :  0.003 0.010 0.987 
 70 HH1013a-005    (0)   :  0.003 0.007 0.990 
 71 HH1013a-006    (0)   :  0.002 0.067 0.932 
 72 HH1013a-007    (0)   :  0.001 0.003 0.996 
 73 HH1013a-009    (0)   :  0.003 0.026 0.971 
 74 HH1013a-010    (0)   :  0.004 0.012 0.984 
 75 HH1013a-011    (1)   :  0.001 0.014 0.985 
 76 HH1013a-012    (0)   :  0.001 0.045 0.955 
 77 HH1013a-013    (0)   :  0.001 0.972 0.027 
 78 HH1013a-014    (1)   :  0.001 0.599 0.400 
 79 HH1013a-015    (1)   :  0.001 0.055 0.944 
 80 HH1013a-016    (0)   :  0.004 0.006 0.990 
 81 HH1013a-017    (0)   :  0.001 0.056 0.943 
 82 HH1013a-018    (1)   :  0.011 0.028 0.961 
 83 HH1013a-019    (0)   :  0.002 0.014 0.984 
 84 HH1013a-020    (0)   :  0.001 0.611 0.389 
 85 HH1013a-021    (0)   :  0.001 0.022 0.977 
 86 HH1013a-022    (0)   :  0.005 0.900 0.095 
 87 HH1013a-023    (1)   :  0.001 0.008 0.991 
 88 HH1013a-024    (1)   :  0.002 0.026 0.972 
 89 HH1013s-001    (1)   :  0.006 0.074 0.920 
 90 HH1013s-002    (1)   :  0.002 0.080 0.918 
 91 HH1013s-003    (0)   :  0.003 0.903 0.094 
 92 HH1013s-005    (1)   :  0.000 0.053 0.946 
 93 HH1013s-006    (1)   :  0.002 0.076 0.922 
 94 HH1013s-007    (0)   :  0.001 0.034 0.965 
 95 HH1013s-008    (0)   :  0.001 0.007 0.993 
 96 HH1013s-009    (1)   :  0.001 0.064 0.935 
 97 HH1013s-010    (1)   :  0.001 0.008 0.991 
 98 HH1013s-011    (1)   :  0.002 0.003 0.995 
 99 HH1013s-012    (1)   :  0.000 0.023 0.977 
100 HH1013s-013    (0)   :  0.001 0.019 0.981 
101 HH1013s-014    (0)   :  0.001 0.024 0.975 
102 HH1013s-016    (1)   :  0.001 0.015 0.983 
103 HH1013s-017    (1)   :  0.002 0.010 0.988 
104 HH1013s-018    (1)   :  0.001 0.067 0.932 
105 HH1013s-019    (0)   :  0.001 0.173 0.826 
106 HH1013s-020    (0)   :  0.002 0.061 0.936 
107 HH1013s-021    (1)   :  0.001 0.019 0.981 
108 HH1013s-022    (0)   :  0.000 0.040 0.960 
109 HH1013s-023    (0)   :  0.004 0.015 0.981 
110 HH1013s-024    (0)   :  0.001 0.011 0.988 
111 HH1013s-025    (1)   :  0.013 0.009 0.977 
112 HH812s-001    (1)   :  0.003 0.009 0.988 
113 HH812s-003    (1)   :  0.002 0.026 0.972 
114 HH812s-006    (0)   :  0.002 0.009 0.990 
115 HH812s-010    (1)   :  0.003 0.007 0.990 
116 HH812s-013    (0)   :  0.006 0.007 0.987 
117 HH812s-018    (0)   :  0.001 0.159 0.840 
118 HH812s-019    (1)   :  0.013 0.530 0.457 
119 HH812s-024    (0)   :  0.001 0.007 0.992 
120 HH812s-025    (0)   :  0.001 0.041 0.958 
121 HH812s-030    (0)   :  0.012 0.057 0.931 
122 HH812s-035    (0)   :  0.001 0.009 0.990 
123 HH812s-036    (1)   :  0.001 0.019 0.980 
124 HH812s-037    (0)   :  0.000 0.023 0.977 
125 HH812s-039    (1)   :  0.001 0.277 0.722 
126 HH812s-040    (0)   :  0.001 0.181 0.818 
127 HH812s-042    (0)   :  0.001 0.008 0.991 
128 HH812s-046    (0)   :  0.001 0.007 0.991 
129 HH812s-048    (0)   :  0.001 0.016 0.983 
130 HH812s-050    (1)   :  0.002 0.012 0.986 
131 HH812s-052    (1)   :  0.004 0.047 0.949 
132 HH812s-054    (1)   :  0.001 0.061 0.938 
133 HH812s-056    (1)   :  0.008 0.014 0.977 
134 HH912s-109    (0)   :  0.002 0.016 0.982 
135 HH912s-110    (0)   :  0.001 0.030 0.969 
136 HH912s-111    (0)   :  0.001 0.015 0.984 
137 HH912s-113    (0)   :  0.001 0.042 0.958 
138 HH912s-114    (0)   :  0.001 0.699 0.300 
139 HH912s-115    (0)   :  0.005 0.005 0.990 
140 HH912s-116    (1)   :  0.001 0.237 0.762 
141 HH912s-117    (0)   :  0.006 0.068 0.925 
142 HH912s-118    (1)   :  0.003 0.248 0.749 
143 HH912s-119    (1)   :  0.001 0.042 0.957 
144 HH912s-120    (0)   :  0.001 0.040 0.959 
145 HH912s-121    (0)   :  0.000 0.007 0.993 
146 HH912s-122    (1)   :  0.002 0.012 0.986 
147 HH912s-123    (0)   :  0.001 0.012 0.987 
148 HH912s-124    (0)   :  0.002 0.020 0.978 
149 HH912s-125    (0)   :  0.004 0.846 0.150 
150 HH912s-126    (0)   :  0.005 0.047 0.948 
151 HH912s-127    (0)   :  0.001 0.018 0.981 
152 HH912s-128    (0)   :  0.001 0.007 0.991 
153 HH912s-129    (0)   :  0.001 0.041 0.958 
154 HH912s-130    (0)   :  0.002 0.045 0.953 
155 HH912s-131    (0)   :  0.001 0.030 0.969 
156 HH912s-132    (0)   :  0.003 0.180 0.817 
157 IRV1012-001    (0)   :  0.013 0.036 0.951 
158 IRV1012-002    (0)   :  0.001 0.029 0.970 
159 IRV1012-003    (0)   :  0.001 0.007 0.992 
160 IRV1012-004    (1)   :  0.001 0.016 0.984 
161 IRV1012-006    (0)   :  0.001 0.004 0.996 
162 IRV1012-007    (0)   :  0.001 0.047 0.952 
163 IRV1012-008    (0)   :  0.001 0.718 0.280 
164 IRV1012-009    (1)   :  0.001 0.136 0.863 
165 IRV1012-010    (0)   :  0.001 0.013 0.986 
166 IRV1012-011    (0)   :  0.001 0.011 0.989 
167 IRV1012-012    (0)   :  0.001 0.851 0.148 
168 IRV1012-013    (0)   :  0.003 0.623 0.374 
169 IRV1012-014    (0)   :  0.000 0.018 0.982 
170 IRV1012-015    (0)   :  0.002 0.024 0.975 
171 IRV1012-016    (0)   :  0.001 0.037 0.963 
172 IRV1012-017    (0)   :  0.001 0.027 0.972 
173 IRV1012-018    (1)   :  0.002 0.049 0.949 
174 IRV1012-019    (0)   :  0.003 0.020 0.977 
175 IRV1012-020    (0)   :  0.001 0.366 0.633 
176 IRV1012-021    (0)   :  0.002 0.005 0.993 
177 IRV1012-022    (0)   :  0.000 0.007 0.992 
178 IRV1012-023    (0)   :  0.000 0.015 0.985 
179 IRV1012-024    (1)   :  0.010 0.015 0.975 
180 NTC1013a-00    (0)   :  0.015 0.927 0.058 
181 NTC1013a-00    (1)   :  0.002 0.990 0.008 
182 NTC1013a-00    (0)   :  0.002 0.935 0.063 
183 NTC1013a-00    (1)   :  0.007 0.745 0.248 
184 NTC1013a-00    (1)   :  0.037 0.909 0.054 
185 NTC1013a-00    (0)   :  0.002 0.959 0.040 
186 NTC1013a-00    (1)   :  0.004 0.958 0.038 
187 NTC1013a-00    (0)   :  0.038 0.950 0.012 
188 NTC1013a-01    (0)   :  0.054 0.916 0.030 
189 NTC1013a-01    (0)   :  0.003 0.982 0.015 
190 NTC1013a-01    (0)   :  0.033 0.961 0.007 
191 NTC1013a-01    (0)   :  0.199 0.798 0.003 
192 NTC1013a-01    (0)   :  0.002 0.991 0.007 
193 NTC1013a-01    (0)   :  0.003 0.910 0.086 
194 NTC1013a-01    (0)   :  0.003 0.987 0.010 
195 NTC1013a-01    (1)   :  0.002 0.947 0.051 
196 NTC1013a-01    (0)   :  0.002 0.983 0.015 
197 NTC1013a-01    (0)   :  0.001 0.970 0.029 
198 NTC1013a-02    (0)   :  0.003 0.943 0.055 
199 NTC1013a-02    (0)   :  0.001 0.991 0.008 
200 PM1012-01    (0)   :  0.001 0.020 0.980 
201 PM1012-02    (1)   :  0.001 0.006 0.992 
202 PM1012-04    (1)   :  0.001 0.080 0.920 
203 PM1012-06    (0)   :  0.005 0.022 0.973 
204 PM1012-07    (0)   :  0.001 0.015 0.984 
205 PM1012-09    (0)   :  0.002 0.068 0.930 
206 PM1012-10    (0)   :  0.001 0.012 0.988 
207 PM1012-13    (0)   :  0.000 0.018 0.981 
208 PM1012-14    (0)   :  0.004 0.138 0.858 
209 PM1012-16    (1)   :  0.001 0.019 0.980 
210 PM1012-17    (0)   :  0.001 0.465 0.534 
211 PM1012-23    (0)   :  0.001 0.007 0.992 
212 PM1012-24    (1)   :  0.000 0.015 0.984 
213 PM1012-25    (0)   :  0.001 0.029 0.970 
214 PM1012-26    (3)   :  0.002 0.005 0.994 
215 PM1012-27    (0)   :  0.021 0.063 0.915 
216 PRA1013a-00    (1)   :  0.001 0.114 0.886 
217 PRA1013a-00    (1)   :  0.002 0.026 0.973 
218 PRA1013a-00    (0)   :  0.001 0.023 0.975 
219 PRA1013a-00    (0)   :  0.001 0.009 0.990 
220 PRA1013a-00    (0)   :  0.003 0.003 0.994 
221 PRA1013a-00    (0)   :  0.001 0.841 0.158 
222 PRA1013a-00    (1)   :  0.001 0.073 0.926 
223 PRA1013a-01    (0)   :  0.276 0.721 0.003 
224 PRA1013a-01    (1)   :  0.001 0.952 0.047 
225 PRA1013a-01    (0)   :  0.002 0.896 0.102 
226 PRA1013a-01    (0)   :  0.001 0.016 0.984 
227 PRA1013a-01    (1)   :  0.002 0.982 0.016 
228 PRA1013a-02    (1)   :  0.001 0.036 0.963 
229 PRA1013a-02    (1)   :  0.001 0.041 0.957 
230 PRA1013a-02    (0)   :  0.001 0.005 0.994 
231 PRA1013a-03    (0)   :  0.002 0.055 0.942 
232 PRA1013a-03    (1)   :  0.001 0.005 0.994 
233 PRA1013a-03    (0)   :  0.001 0.003 0.996 
234 PRA1013a-03    (0)   :  0.002 0.008 0.990 
235 PRA1013a-03    (0)   :  0.003 0.443 0.554 
236 PRA1013a-03    (0)   :  0.001 0.008 0.991 
237 PRA1013a-03    (0)   :  0.002 0.037 0.961 
238 PRA1013a-03    (1)   :  0.013 0.007 0.980 
239 RI812s-001    (0)   :  0.039 0.941 0.019 
240 RI812s-002    (1)   :  0.054 0.942 0.005 
241 RI812s-003    (1)   :  0.010 0.928 0.061 
242 RI812s-005    (1)   :  0.013 0.973 0.014 
243 RI812s-006    (0)   :  0.001 0.987 0.012 
244 RI812s-007    (0)   :  0.001 0.968 0.031 
245 RI812s-009    (0)   :  0.080 0.917 0.003 
246 RI812s-010    (1)   :  0.038 0.908 0.055 
247 RI812s-011    (0)   :  0.042 0.927 0.031 
248 RI812s-013    (1)   :  0.002 0.625 0.373 
249 RI812s-014    (1)   :  0.002 0.990 0.008 
250 RI812s-015    (0)   :  0.001 0.989 0.010 
251 RI812s-016    (0)   :  0.234 0.762 0.004 
252 SV0512a-001    (0)   :  0.002 0.969 0.029 
253 SV0512a-002    (1)   :  0.003 0.971 0.026 
254 SV0512a-003    (0)   :  0.004 0.949 0.047 
255 SV0512a-005    (1)   :  0.001 0.918 0.081 
256 SV0512a-007    (1)   :  0.079 0.914 0.007 
257 SV0512a-008    (1)   :  0.064 0.927 0.009 
258 SV0512a-009    (1)   :  0.001 0.945 0.053 
259 SV0512a-010    (0)   :  0.003 0.974 0.022 
260 SV0512a-011    (0)   :  0.203 0.796 0.000 
261 SV0512a-013    (1)   :  0.002 0.119 0.880 
262 SV0512a-014    (6)   :  0.003 0.736 0.260 
263 SV0512a-016    (1)   :  0.001 0.975 0.023 
264 SV0512a-018    (4)   :  0.102 0.018 0.880 
265 SV0512a-021    (2)   :  0.007 0.953 0.040 
266 SV0512a-022    (0)   :  0.014 0.983 0.003 
267 SV0512a-023    (2)   :  0.001 0.993 0.006 
268 SV0512a-024    (0)   :  0.018 0.978 0.004 
269 SV0512a-025    (0)   :  0.002 0.937 0.061 
270 SV0512a-027    (0)   :  0.001 0.977 0.022 
271 SV0512a-028    (3)   :  0.042 0.580 0.377 
272 SV1013a-001    (0)   :  0.054 0.940 0.006 
273 SV1013a-002    (1)   :  0.001 0.779 0.220 
274 SV1013a-003    (0)   :  0.002 0.897 0.101 
275 SV1013a-005    (0)   :  0.021 0.974 0.005 
276 SV1013a-006    (0)   :  0.002 0.982 0.016 
277 SV1013a-007    (0)   :  0.002 0.988 0.010 
278 SV1013a-008    (0)   :  0.001 0.994 0.005 
279 SV1013a-009    (0)   :  0.046 0.926 0.028 
280 SV1013a-010    (1)   :  0.004 0.842 0.154 
281 SV1013a-011    (0)   :  0.001 0.425 0.574 
282 SV1013a-012    (0)   :  0.028 0.965 0.007 
283 SV1013a-013    (0)   :  0.003 0.976 0.020 
284 SV1013a-014    (0)   :  0.001 0.979 0.020 
285 SV1013a-015    (0)   :  0.002 0.978 0.020 
286 SV1013a-016    (0)   :  0.000 0.878 0.121 
287 SV1013a-017    (0)   :  0.020 0.071 0.909 
288 SV1013a-018    (0)   :  0.001 0.897 0.102 
289 SV1013a-019    (0)   :  0.010 0.980 0.010 
290 SV1013a-020    (0)   :  0.147 0.849 0.004 
291 SV1013a-021    (0)   :  0.001 0.940 0.059 
292 SV1013a-022    (1)   :  0.059 0.939 0.002 
293 SV1013a-023    (0)   :  0.006 0.970 0.024 
294 SV1013a-024    (0)   :  0.036 0.959 0.005 
295 SV812s-026    (1)   :  0.003 0.964 0.033 
296 SV812s-027    (0)   :  0.057 0.325 0.618 
297 SV812s-029    (0)   :  0.001 0.812 0.187 
298 SV812s-030    (0)   :  0.072 0.457 0.471 
299 SV812s-031    (0)   :  0.003 0.984 0.013 
300 SV812s-032    (0)   :  0.053 0.922 0.025 
301 SV812s-033    (0)   :  0.001 0.989 0.011 
302 SV812s-034    (0)   :  0.005 0.986 0.008 
303 SV812s-037    (0)   :  0.008 0.462 0.530 
304 SV812s-038    (0)   :  0.001 0.976 0.023 
305 SV812s-039    (0)   :  0.002 0.937 0.062 
306 SV812s-040    (0)   :  0.002 0.563 0.435 
307 SV812s-041    (0)   :  0.001 0.987 0.012 
308 SV812s-042    (0)   :  0.001 0.995 0.004 
309 SV812s-043    (1)   :  0.008 0.268 0.724 
310 SV812s-044    (0)   :  0.001 0.976 0.022 
311 SV812s-046    (0)   :  0.010 0.973 0.016 
312 SV812s-047    (0)   :  0.001 0.685 0.314 
313 SV812s-048    (1)   :  0.001 0.979 0.020 
314 SV812s-049    (0)   :  0.001 0.955 0.044 
315 SV812s-050    (1)   :  0.001 0.867 0.132 
316 SV812s-051    (0)   :  0.003 0.975 0.022 
317 SV812s-052    (0)   :  0.026 0.968 0.005 
318 SV912s-001    (1)   :  0.002 0.971 0.026 
319 SV912s-002    (0)   :  0.029 0.874 0.097 
320 SV912s-003    (0)   :  0.086 0.613 0.300 
321 SV912s-005    (1)   :  0.070 0.895 0.035 
322 SV912s-006    (1)   :  0.000 0.989 0.011 
323 SV912s-007    (0)   :  0.002 0.945 0.053 
324 SV912s-008    (1)   :  0.001 0.948 0.051 
325 SV912s-009    (0)   :  0.001 0.984 0.015 
326 SV912s-010    (1)   :  0.000 0.982 0.018 
327 SV912s-011    (1)   :  0.003 0.918 0.079 
328 SV912s-012    (1)   :  0.042 0.948 0.010 
329 SV912s-013    (0)   :  0.001 0.918 0.081 
330 SV912s-014    (1)   :  0.028 0.898 0.074 
331 SV912s-015    (0)   :  0.002 0.985 0.013 
332 SV912s-017    (0)   :  0.010 0.952 0.038 
333 SV912s-018    (1)   :  0.002 0.870 0.128 
334 SV912s-019    (1)   :  0.001 0.345 0.654 
335 SV912s-020    (1)   :  0.048 0.934 0.018 
336 SV912s-021    (0)   :  0.002 0.925 0.073 
337 SV912s-022    (0)   :  0.001 0.813 0.186 
338 SV912s-023    (0)   :  0.021 0.110 0.869 
339 SV912s-024    (0)   :  0.001 0.016 0.983 
340 SV912s-025    (1)   :  0.001 0.039 0.960 
341 TPZ0713-001    (1)   :  0.001 0.019 0.981 
342 TPZ0713-002    (1)   :  0.001 0.311 0.688 
343 TPZ0713-003    (0)   :  0.001 0.090 0.909 
344 TPZ0713-005    (0)   :  0.006 0.022 0.972 
345 TPZ0713-006    (1)   :  0.007 0.006 0.987 
346 TPZ0713-007    (1)   :  0.000 0.029 0.971 
347 TPZ0713-009    (1)   :  0.002 0.010 0.988 
348 TPZ0713-011    (1)   :  0.001 0.028 0.972 
349 TPZ0713-012    (1)   :  0.001 0.010 0.989 
350 TPZ0713-013    (0)   :  0.001 0.006 0.994 
351 TPZ0713-014    (1)   :  0.002 0.006 0.992 
352 TPZ0713-015    (0)   :  0.001 0.066 0.934 
353 TPZ0713-016    (0)   :  0.000 0.024 0.975 
354 TPZ0713-020    (1)   :  0.002 0.178 0.820 
355 TPZ0713-021    (1)   :  0.007 0.007 0.986 
356 TPZ0713-023    (0)   :  0.001 0.011 0.988 
357 TPZ0713-024    (1)   :  0.001 0.427 0.572 
358 TPZ0713-025    (1)   :  0.001 0.005 0.994 
359 TPZ0713-028    (1)   :  0.001 0.006 0.994 
360 TPZ0713-029    (1)   :  0.007 0.017 0.977 
361 WFM812s-049    (0)   :  0.000 0.982 0.018 
362 WFM812s-050    (1)   :  0.001 0.918 0.081 
363 WFM812s-051    (1)   :  0.001 0.988 0.011 
364 WFM812s-054    (0)   :  0.002 0.984 0.014 
365 WFM812s-056    (0)   :  0.001 0.960 0.039 
366 WFM812s-057    (1)   :  0.001 0.994 0.005 
367 WFM812s-058    (0)   :  0.002 0.843 0.154 
368 WFM812s-059    (0)   :  0.015 0.980 0.005 
369 WFM812s-060    (1)   :  0.217 0.776 0.007 
370 WFM812s-062    (0)   :  0.001 0.883 0.116 
371 WFM812s-063    (0)   :  0.003 0.707 0.290 
372 WFM812s-064    (0)   :  0.016 0.931 0.052 
373 WFM812s-065    (0)   :  0.002 0.978 0.020 
374 WFM812s-066    (0)   :  0.001 0.989 0.010 
375 WFM812s-067    (0)   :  0.005 0.968 0.027 
376 WFM812s-068    (1)   :  0.001 0.936 0.063 
377 WFM812s-069    (0)   :  0.001 0.335 0.664 
378 WFM812s-071    (0)   :  0.003 0.552 0.445 
379 WFM812s-072    (0)   :  0.006 0.980 0.014 
380 WFM812s-073    (1)   :  0.003 0.809 0.188 


Estimated Allele Frequencies in each cluster
First column gives estimated ancestral frequencies


Locus 1 : NC_035780.1:72 
2 alleles
1.1% missing data
   2   (0.800) 0.918 0.804 0.795 
   1   (0.200) 0.082 0.196 0.205 

Locus 2 : NC_035780.1:72 
2 alleles
1.1% missing data
   2   (0.890) 0.990 0.888 0.894 
   1   (0.110) 0.010 0.112 0.106 

Locus 3 : NC_035780.1:44 
2 alleles
0.3% missing data
   2   (0.930) 0.995 0.931 0.931 
   1   (0.070) 0.005 0.069 0.069 

Locus 4 : NC_035780.1:31 
2 alleles
0.0% missing data
   2   (0.903) 0.824 0.900 0.911 
   1   (0.097) 0.176 0.100 0.089 

Locus 5 : NC_035780.1:36 
2 alleles
0.0% missing data
   2   (0.668) 0.640 0.660 0.682 
   1   (0.332) 0.360 0.340 0.318 

Locus 6 : NC_035780.1:38 
2 alleles
0.0% missing data
   1   (0.176) 0.068 0.172 0.180 
   2   (0.824) 0.932 0.828 0.820 

Locus 7 : NC_035780.1:38 
2 alleles
0.0% missing data
   2   (0.787) 0.965 0.791 0.779 
   1   (0.213) 0.035 0.209 0.221 

Locus 8 : NC_035780.1:38 
2 alleles
0.0% missing data
   1   (0.113) 0.250 0.114 0.105 
   2   (0.887) 0.750 0.886 0.895 

Locus 9 : NC_035780.1:38 
2 alleles
0.0% missing data
   2   (0.913) 0.888 0.915 0.917 
   1   (0.087) 0.112 0.085 0.083 

Locus 10 : NC_035780.1:41 
2 alleles
3.2% missing data
   2   (0.829) 0.881 0.836 0.820 
   1   (0.171) 0.119 0.164 0.180 

Locus 11 : NC_035780.1:44 
2 alleles
0.0% missing data
   2   (0.900) 0.993 0.910 0.883 
   1   (0.100) 0.007 0.090 0.117 

Locus 12 : NC_035780.1:44 
2 alleles
0.0% missing data
   2   (0.905) 0.993 0.907 0.902 
   1   (0.095) 0.007 0.093 0.098 

Locus 13 : NC_035780.1:54 
2 alleles
3.7% missing data
   2   (0.911) 0.993 0.905 0.921 
   1   (0.089) 0.007 0.095 0.079 

Locus 14 : NC_035780.1:55 
2 alleles
0.3% missing data
   2   (0.934) 0.995 0.937 0.932 
   1   (0.066) 0.005 0.063 0.068 

Locus 15 : NC_035780.1:59 
2 alleles
0.0% missing data
   1   (0.406) 0.343 0.410 0.398 
   2   (0.594) 0.657 0.590 0.602 

Locus 16 : NC_035780.1:84 
2 alleles
1.8% missing data
   2   (0.910) 0.993 0.906 0.917 
   1   (0.090) 0.007 0.094 0.083 

Locus 17 : NC_035780.1:90 
2 alleles
1.3% missing data
   2   (0.913) 0.959 0.910 0.922 
   1   (0.087) 0.041 0.090 0.078 

Locus 18 : NC_035780.1:90 
2 alleles
1.3% missing data
   2   (0.935) 0.995 0.943 0.923 
   1   (0.065) 0.005 0.057 0.077 

Locus 19 : NC_035780.1:98 
2 alleles
0.0% missing data
   2   (0.847) 0.989 0.852 0.837 
   1   (0.153) 0.011 0.148 0.163 

Locus 20 : NC_035780.1:98 
2 alleles
0.0% missing data
   1   (0.491) 0.297 0.485 0.503 
   2   (0.509) 0.703 0.515 0.497 

Locus 21 : NC_035780.1:98 
2 alleles
0.0% missing data
   2   (0.819) 0.795 0.823 0.818 
   1   (0.181) 0.205 0.177 0.182 

Locus 22 : NC_035780.1:10 
2 alleles
3.9% missing data
   1   (0.266) 0.212 0.266 0.264 
   2   (0.734) 0.788 0.734 0.736 

Locus 23 : NC_035780.1:11 
2 alleles
0.0% missing data
   1   (0.156) 0.201 0.151 0.160 
   2   (0.844) 0.799 0.849 0.840 

Locus 24 : NC_035780.1:13 
2 alleles
0.0% missing data
   1   (0.195) 0.014 0.200 0.192 
   2   (0.805) 0.986 0.800 0.808 

Locus 25 : NC_035780.1:13 
2 alleles
0.0% missing data
   2   (0.723) 0.469 0.734 0.712 
   1   (0.277) 0.531 0.266 0.288 

Locus 26 : NC_035780.1:15 
2 alleles
0.3% missing data
   2   (0.942) 0.821 0.944 0.947 
   1   (0.058) 0.179 0.056 0.053 

Locus 27 : NC_035780.1:16 
2 alleles
0.0% missing data
   2   (0.910) 0.676 0.914 0.911 
   1   (0.090) 0.324 0.086 0.089 

Locus 28 : NC_035780.1:16 
2 alleles
0.0% missing data
   1   (0.171) 0.018 0.183 0.155 
   2   (0.829) 0.982 0.817 0.845 

Locus 29 : NC_035780.1:16 
2 alleles
5.8% missing data
   2   (0.925) 0.868 0.919 0.940 
   1   (0.075) 0.132 0.081 0.060 

Locus 30 : NC_035780.1:16 
2 alleles
5.8% missing data
   2   (0.942) 0.871 0.939 0.951 
   1   (0.058) 0.129 0.061 0.049 

Locus 31 : NC_035780.1:17 
2 alleles
0.0% missing data
   2   (0.906) 0.871 0.903 0.915 
   1   (0.094) 0.129 0.097 0.085 

Locus 32 : NC_035780.1:18 
2 alleles
0.3% missing data
   2   (0.923) 0.988 0.924 0.924 
   1   (0.077) 0.012 0.076 0.076 

Locus 33 : NC_035780.1:18 
2 alleles
1.3% missing data
   2   (0.939) 0.805 0.941 0.943 
   1   (0.061) 0.195 0.059 0.057 

Locus 34 : NC_035780.1:19 
2 alleles
0.0% missing data
   1   (0.284) 0.128 0.294 0.270 
   2   (0.716) 0.872 0.706 0.730 

Locus 35 : NC_035780.1:20 
2 alleles
0.5% missing data
   1   (0.461) 0.209 0.470 0.451 
   2   (0.539) 0.791 0.530 0.549 

Locus 36 : NC_035780.1:22 
2 alleles
1.6% missing data
   1   (0.209) 0.070 0.217 0.197 
   2   (0.791) 0.930 0.783 0.803 

Locus 37 : NC_035780.1:22 
2 alleles
1.6% missing data
   2   (0.880) 0.992 0.887 0.866 
   1   (0.120) 0.008 0.113 0.134 

Locus 38 : NC_035780.1:24 
2 alleles
0.0% missing data
   1   (0.466) 0.686 0.471 0.455 
   2   (0.534) 0.314 0.529 0.545 

Locus 39 : NC_035780.1:24 
2 alleles
0.0% missing data
   2   (0.859) 0.857 0.861 0.862 
   1   (0.141) 0.143 0.139 0.138 

Locus 40 : NC_035780.1:24 
2 alleles
0.0% missing data
   2   (0.891) 0.928 0.888 0.900 
   1   (0.109) 0.072 0.112 0.100 

Locus 41 : NC_035780.1:25 
2 alleles
0.3% missing data
   2   (0.816) 0.968 0.803 0.835 
   1   (0.184) 0.032 0.197 0.165 

Locus 42 : NC_035780.1:26 
2 alleles
0.8% missing data
   1   (0.351) 0.351 0.344 0.362 
   2   (0.649) 0.649 0.656 0.638 

Locus 43 : NC_035780.1:26 
2 alleles
0.8% missing data
   2   (0.817) 0.787 0.802 0.842 
   1   (0.183) 0.213 0.198 0.158 

Locus 44 : NC_035780.1:26 
2 alleles
0.0% missing data
   1   (0.298) 0.489 0.300 0.292 
   2   (0.702) 0.511 0.700 0.708 

Locus 45 : NC_035780.1:27 
2 alleles
0.0% missing data
   2   (0.908) 0.930 0.907 0.915 
   1   (0.092) 0.070 0.093 0.085 

Locus 46 : NC_035780.1:27 
2 alleles
0.0% missing data
   2   (0.963) 0.998 0.967 0.960 
   1   (0.037) 0.002 0.033 0.040 

Locus 47 : NC_035780.1:27 
2 alleles
3.4% missing data
   2   (0.871) 0.990 0.868 0.874 
   1   (0.129) 0.010 0.132 0.126 

Locus 48 : NC_035780.1:27 
2 alleles
3.4% missing data
   2   (0.879) 0.675 0.877 0.888 
   1   (0.121) 0.325 0.123 0.112 

Locus 49 : NC_035780.1:28 
2 alleles
3.9% missing data
   2   (0.958) 0.612 0.957 0.966 
   1   (0.042) 0.388 0.043 0.034 

Locus 50 : NC_035780.1:28 
2 alleles
3.9% missing data
   2   (0.910) 0.993 0.909 0.913 
   1   (0.090) 0.007 0.091 0.087 

Locus 51 : NC_035780.1:28 
2 alleles
0.0% missing data
   1   (0.485) 0.267 0.470 0.512 
   2   (0.515) 0.733 0.530 0.488 

Locus 52 : NC_035780.1:28 
2 alleles
0.0% missing data
   2   (0.905) 0.866 0.903 0.915 
   1   (0.095) 0.134 0.097 0.085 

Locus 53 : NC_035780.1:28 
2 alleles
1.1% missing data
   1   (0.179) 0.329 0.179 0.172 
   2   (0.821) 0.671 0.821 0.828 

Locus 54 : NC_035780.1:29 
2 alleles
0.0% missing data
   1   (0.196) 0.058 0.196 0.195 
   2   (0.804) 0.942 0.804 0.805 

Locus 55 : NC_035780.1:29 
2 alleles
0.0% missing data
   2   (0.944) 0.727 0.947 0.946 
   1   (0.056) 0.273 0.053 0.054 

Locus 56 : NC_035780.1:29 
2 alleles
0.0% missing data
   2   (0.831) 0.813 0.825 0.843 
   1   (0.169) 0.187 0.175 0.157 

Locus 57 : NC_035780.1:29 
2 alleles
0.0% missing data
   2   (0.906) 0.994 0.900 0.915 
   1   (0.094) 0.006 0.100 0.085 

Locus 58 : NC_035780.1:30 
2 alleles
0.3% missing data
   2   (0.932) 0.995 0.934 0.931 
   1   (0.068) 0.005 0.066 0.069 

Locus 59 : NC_035780.1:31 
2 alleles
0.8% missing data
   2   (0.892) 0.992 0.890 0.894 
   1   (0.108) 0.008 0.110 0.106 

Locus 60 : NC_035780.1:31 
2 alleles
0.8% missing data
   2   (0.639) 0.438 0.636 0.648 
   1   (0.361) 0.562 0.364 0.352 

Locus 61 : NC_035780.1:32 
2 alleles
0.0% missing data
   1   (0.370) 0.481 0.359 0.383 
   2   (0.630) 0.519 0.641 0.617 

Locus 62 : NC_035780.1:32 
2 alleles
0.0% missing data
   2   (0.726) 0.621 0.723 0.735 
   1   (0.274) 0.379 0.277 0.265 

Locus 63 : NC_035780.1:33 
2 alleles
3.4% missing data
   2   (0.947) 0.996 0.950 0.946 
   1   (0.053) 0.004 0.050 0.054 

Locus 64 : NC_035780.1:33 
2 alleles
3.4% missing data
   2   (0.831) 0.417 0.835 0.832 
   1   (0.169) 0.583 0.165 0.168 

Locus 65 : NC_035780.1:37 
2 alleles
0.3% missing data
   2   (0.921) 0.888 0.928 0.916 
   1   (0.079) 0.112 0.072 0.084 

Locus 66 : NC_035780.1:37 
2 alleles
0.3% missing data
   2   (0.875) 0.991 0.874 0.875 
   1   (0.125) 0.009 0.126 0.125 

Locus 67 : NC_035780.1:37 
2 alleles
0.0% missing data
   2   (0.923) 0.995 0.928 0.915 
   1   (0.077) 0.005 0.072 0.085 

Locus 68 : NC_035780.1:37 
2 alleles
0.0% missing data
   2   (0.804) 0.877 0.812 0.794 
   1   (0.196) 0.123 0.188 0.206 

Locus 69 : NC_035780.1:37 
2 alleles
0.0% missing data
   1   (0.141) 0.054 0.144 0.133 
   2   (0.859) 0.946 0.856 0.867 

Locus 70 : NC_035780.1:39 
2 alleles
0.0% missing data
   2   (0.924) 0.994 0.932 0.913 
   1   (0.076) 0.006 0.068 0.087 

Locus 71 : NC_035780.1:39 
2 alleles
0.0% missing data
   2   (0.845) 0.934 0.847 0.845 
   1   (0.155) 0.066 0.153 0.155 

Locus 72 : NC_035780.1:39 
2 alleles
0.0% missing data
   1   (0.309) 0.589 0.310 0.301 
   2   (0.691) 0.411 0.690 0.699 

Locus 73 : NC_035780.1:39 
2 alleles
0.0% missing data
   1   (0.130) 0.018 0.126 0.136 
   2   (0.870) 0.982 0.874 0.864 

Locus 74 : NC_035780.1:39 
2 alleles
2.9% missing data
   2   (0.670) 0.590 0.670 0.672 
   1   (0.330) 0.410 0.330 0.328 

Locus 75 : NC_035780.1:39 
2 alleles
0.3% missing data
   2   (0.879) 0.733 0.880 0.884 
   1   (0.121) 0.267 0.120 0.116 

Locus 76 : NC_035780.1:39 
2 alleles
0.3% missing data
   2   (0.885) 0.986 0.885 0.884 
   1   (0.115) 0.014 0.115 0.116 

Locus 77 : NC_035780.1:39 
2 alleles
0.3% missing data
   2   (0.537) 0.662 0.546 0.522 
   1   (0.463) 0.338 0.454 0.478 

Locus 78 : NC_035780.1:39 
2 alleles
0.3% missing data
   2   (0.970) 0.998 0.971 0.972 
   1   (0.030) 0.002 0.029 0.028 

Locus 79 : NC_035780.1:51 
2 alleles
0.3% missing data
   2   (0.963) 0.998 0.961 0.968 
   1   (0.037) 0.002 0.039 0.032 

Locus 80 : NC_035780.1:51 
2 alleles
1.3% missing data
   1   (0.324) 0.401 0.321 0.324 
   2   (0.676) 0.599 0.679 0.676 

Locus 81 : NC_035780.1:55 
2 alleles
0.0% missing data
   2   (0.904) 0.994 0.904 0.905 
   1   (0.096) 0.006 0.096 0.095 

Locus 82 : NC_035780.1:55 
2 alleles
2.1% missing data
   2   (0.780) 0.612 0.788 0.774 
   1   (0.220) 0.388 0.212 0.226 

Locus 83 : NC_035780.1:55 
2 alleles
0.5% missing data
   2   (0.855) 0.923 0.859 0.853 
   1   (0.145) 0.077 0.141 0.147 

Locus 84 : NC_035780.1:57 
2 alleles
0.0% missing data
   2   (0.949) 0.773 0.946 0.959 
   1   (0.051) 0.227 0.054 0.041 

Locus 85 : NC_035780.1:63 
2 alleles
2.1% missing data
   2   (0.947) 0.818 0.955 0.940 
   1   (0.053) 0.182 0.045 0.060 

Locus 86 : NC_035780.1:63 
2 alleles
1.3% missing data
   2   (0.895) 0.960 0.890 0.907 
   1   (0.105) 0.040 0.110 0.093 

Locus 87 : NC_035780.1:63 
2 alleles
1.3% missing data
   2   (0.736) 0.566 0.745 0.726 
   1   (0.264) 0.434 0.255 0.274 

Locus 88 : NC_035780.1:65 
2 alleles
0.0% missing data
   2   (0.862) 0.915 0.862 0.865 
   1   (0.138) 0.085 0.138 0.135 

Locus 89 : NC_035780.1:65 
2 alleles
0.0% missing data
   2   (0.959) 0.875 0.957 0.968 
   1   (0.041) 0.125 0.043 0.032 

Locus 90 : NC_035780.1:65 
2 alleles
0.0% missing data
   1   (0.232) 0.083 0.229 0.237 
   2   (0.768) 0.917 0.771 0.763 

Locus 91 : NC_035780.1:65 
2 alleles
0.0% missing data
   1   (0.253) 0.168 0.245 0.263 
   2   (0.747) 0.832 0.755 0.737 

Locus 92 : NC_035780.1:70 
2 alleles
2.4% missing data
   2   (0.922) 0.874 0.924 0.926 
   1   (0.078) 0.126 0.076 0.074 

Locus 93 : NC_035780.1:70 
2 alleles
0.3% missing data
   2   (0.956) 0.752 0.964 0.949 
   1   (0.044) 0.248 0.036 0.051 

Locus 94 : NC_035780.1:70 
2 alleles
0.3% missing data
   1   (0.210) 0.218 0.207 0.211 
   2   (0.790) 0.782 0.793 0.789 

Locus 95 : NC_035780.1:71 
2 alleles
1.6% missing data
   1   (0.416) 0.313 0.414 0.420 
   2   (0.584) 0.687 0.586 0.580 

Locus 96 : NC_035780.1:72 
2 alleles
0.0% missing data
   2   (0.931) 0.988 0.943 0.913 
   1   (0.069) 0.012 0.057 0.087 

Locus 97 : NC_035780.1:74 
2 alleles
1.1% missing data
   2   (0.946) 0.700 0.951 0.945 
   1   (0.054) 0.300 0.049 0.055 

Locus 98 : NC_035780.1:75 
2 alleles
0.5% missing data
   2   (0.795) 0.871 0.786 0.811 
   1   (0.205) 0.129 0.214 0.189 

Locus 99 : NC_035780.1:75 
2 alleles
0.5% missing data
   2   (0.867) 0.743 0.875 0.859 
   1   (0.133) 0.257 0.125 0.141 

Locus 100 : NC_035780.1:75 
2 alleles
1.1% missing data
   2   (0.927) 0.994 0.921 0.937 
   1   (0.073) 0.006 0.079 0.063 

Locus 101 : NC_035780.1:75 
2 alleles
0.0% missing data
   1   (0.473) 0.699 0.478 0.462 
   2   (0.527) 0.301 0.522 0.538 

Locus 102 : NC_035780.1:75 
2 alleles
0.3% missing data
   2   (0.900) 0.757 0.898 0.910 
   1   (0.100) 0.243 0.102 0.090 

Locus 103 : NC_035780.1:76 
2 alleles
2.9% missing data
   1   (0.338) 0.608 0.334 0.341 
   2   (0.662) 0.392 0.666 0.659 

Locus 104 : NC_035780.1:76 
2 alleles
2.9% missing data
   2   (0.934) 0.995 0.941 0.922 
   1   (0.066) 0.005 0.059 0.078 

Locus 105 : NC_035780.1:77 
2 alleles
4.5% missing data
   2   (0.847) 0.925 0.829 0.873 
   1   (0.153) 0.075 0.171 0.127 

Locus 106 : NC_035780.1:77 
2 alleles
4.5% missing data
   2   (0.901) 0.663 0.907 0.899 
   1   (0.099) 0.337 0.093 0.101 

Locus 107 : NC_035780.1:79 
2 alleles
0.0% missing data
   2   (0.925) 0.871 0.928 0.926 
   1   (0.075) 0.129 0.072 0.074 

Locus 108 : NC_035780.1:81 
2 alleles
0.0% missing data
   1   (0.460) 0.120 0.473 0.446 
   2   (0.540) 0.880 0.527 0.554 

Locus 109 : NC_035780.1:81 
2 alleles
0.0% missing data
   2   (0.880) 0.959 0.889 0.869 
   1   (0.120) 0.041 0.111 0.131 

Locus 110 : NC_035780.1:81 
2 alleles
0.0% missing data
   1   (0.382) 0.440 0.387 0.371 
   2   (0.618) 0.560 0.613 0.629 

Locus 111 : NC_035780.1:82 
2 alleles
0.0% missing data
   2   (0.925) 0.906 0.930 0.924 
   1   (0.075) 0.094 0.070 0.076 

Locus 112 : NC_035780.1:83 
2 alleles
3.4% missing data
   1   (0.161) 0.011 0.163 0.160 
   2   (0.839) 0.989 0.837 0.840 

Locus 113 : NC_035780.1:83 
2 alleles
3.4% missing data
   2   (0.936) 0.996 0.928 0.948 
   1   (0.064) 0.004 0.072 0.052 

Locus 114 : NC_035780.1:83 
2 alleles
0.0% missing data
   2   (0.932) 0.931 0.935 0.932 
   1   (0.068) 0.069 0.065 0.068 

Locus 115 : NC_035780.1:83 
2 alleles
0.0% missing data
   2   (0.876) 0.601 0.881 0.875 
   1   (0.124) 0.399 0.119 0.125 

Locus 116 : NC_035780.1:84 
2 alleles
0.0% missing data
   2   (0.907) 0.720 0.912 0.905 
   1   (0.093) 0.280 0.088 0.095 

Locus 117 : NC_035780.1:85 
2 alleles
0.3% missing data
   2   (0.889) 0.882 0.895 0.884 
   1   (0.111) 0.118 0.105 0.116 

Locus 118 : NC_035780.1:85 
2 alleles
0.3% missing data
   2   (0.584) 0.854 0.591 0.569 
   1   (0.416) 0.146 0.409 0.431 

Locus 119 : NC_035780.1:86 
2 alleles
0.0% missing data
   2   (0.911) 0.883 0.904 0.925 
   1   (0.089) 0.117 0.096 0.075 

Locus 120 : NC_035780.1:86 
2 alleles
0.0% missing data
   2   (0.596) 0.696 0.616 0.563 
   1   (0.404) 0.304 0.384 0.437 

Locus 121 : NC_035780.1:86 
2 alleles
0.0% missing data
   2   (0.959) 0.997 0.961 0.960 
   1   (0.041) 0.003 0.039 0.040 

Locus 122 : NC_035780.1:86 
2 alleles
0.0% missing data
   2   (0.955) 0.996 0.957 0.953 
   1   (0.045) 0.004 0.043 0.047 

Locus 123 : NC_035780.1:86 
2 alleles
0.0% missing data
   1   (0.184) 0.089 0.190 0.175 
   2   (0.816) 0.911 0.810 0.825 

Locus 124 : NC_035780.1:86 
2 alleles
0.0% missing data
   2   (0.915) 0.961 0.914 0.920 
   1   (0.085) 0.039 0.086 0.080 

Locus 125 : NC_035780.1:86 
2 alleles
0.0% missing data
   1   (0.155) 0.099 0.160 0.144 
   2   (0.845) 0.901 0.840 0.856 

Locus 126 : NC_035780.1:86 
2 alleles
0.0% missing data
   2   (0.913) 0.754 0.919 0.908 
   1   (0.087) 0.246 0.081 0.092 

Locus 127 : NC_035780.1:86 
2 alleles
0.0% missing data
   1   (0.175) 0.045 0.170 0.183 
   2   (0.825) 0.955 0.830 0.817 

Locus 128 : NC_035780.1:86 
2 alleles
0.0% missing data
   2   (0.907) 0.886 0.910 0.909 
   1   (0.093) 0.114 0.090 0.091 

Locus 129 : NC_035780.1:87 
2 alleles
0.3% missing data
   2   (0.799) 0.709 0.806 0.793 
   1   (0.201) 0.291 0.194 0.207 

Locus 130 : NC_035780.1:87 
2 alleles
0.0% missing data
   1   (0.300) 0.311 0.290 0.315 
   2   (0.700) 0.689 0.710 0.685 

Locus 131 : NC_035780.1:87 
2 alleles
0.0% missing data
   1   (0.278) 0.282 0.278 0.274 
   2   (0.722) 0.718 0.722 0.726 

Locus 132 : NC_035780.1:87 
2 alleles
0.0% missing data
   2   (0.712) 0.743 0.718 0.706 
   1   (0.288) 0.257 0.282 0.294 

Locus 133 : NC_035780.1:88 
2 alleles
0.8% missing data
   2   (0.691) 0.965 0.686 0.694 
   1   (0.309) 0.035 0.314 0.306 

Locus 134 : NC_035780.1:88 
2 alleles
0.8% missing data
   1   (0.221) 0.027 0.224 0.220 
   2   (0.779) 0.973 0.776 0.780 

Locus 135 : NC_035780.1:88 
2 alleles
0.0% missing data
   1   (0.332) 0.221 0.342 0.316 
   2   (0.668) 0.779 0.658 0.684 

Locus 136 : NC_035780.1:89 
2 alleles
4.7% missing data
   1   (0.114) 0.030 0.121 0.102 
   2   (0.886) 0.970 0.879 0.898 

Locus 137 : NC_035780.1:89 
2 alleles
4.7% missing data
   2   (0.881) 0.992 0.883 0.877 
   1   (0.119) 0.008 0.117 0.123 

Locus 138 : NC_035780.1:89 
2 alleles
4.5% missing data
   2   (0.547) 0.257 0.556 0.537 
   1   (0.453) 0.743 0.444 0.463 

Locus 139 : NC_035780.1:89 
2 alleles
0.0% missing data
   2   (0.669) 0.716 0.660 0.685 
   1   (0.331) 0.284 0.340 0.315 

Locus 140 : NC_035780.1:90 
2 alleles
0.8% missing data
   2   (0.951) 0.895 0.952 0.957 
   1   (0.049) 0.105 0.048 0.043 

Locus 141 : NC_035780.1:90 
2 alleles
0.3% missing data
   1   (0.100) 0.007 0.096 0.106 
   2   (0.900) 0.993 0.904 0.894 

Locus 142 : NC_035780.1:90 
2 alleles
0.3% missing data
   2   (0.605) 0.461 0.606 0.606 
   1   (0.395) 0.539 0.394 0.394 

Locus 143 : NC_035780.1:92 
2 alleles
0.0% missing data
   1   (0.175) 0.012 0.170 0.185 
   2   (0.825) 0.988 0.830 0.815 

Locus 144 : NC_035780.1:92 
2 alleles
0.0% missing data
   2   (0.859) 0.990 0.851 0.870 
   1   (0.141) 0.010 0.149 0.130 

Locus 145 : NC_035780.1:92 
2 alleles
0.0% missing data
   2   (0.827) 0.449 0.832 0.827 
   1   (0.173) 0.551 0.168 0.173 

Locus 146 : NC_035780.1:94 
2 alleles
1.6% missing data
   2   (0.928) 0.995 0.936 0.915 
   1   (0.072) 0.005 0.064 0.085 

Locus 147 : NC_035780.1:94 
2 alleles
1.6% missing data
   2   (0.671) 0.636 0.691 0.641 
   1   (0.329) 0.364 0.309 0.359 

Locus 148 : NC_035780.1:95 
2 alleles
1.8% missing data
   1   (0.233) 0.052 0.256 0.200 
   2   (0.767) 0.948 0.744 0.800 

Locus 149 : NC_035780.1:95 
2 alleles
1.8% missing data
   2   (0.854) 0.732 0.865 0.842 
   1   (0.146) 0.268 0.135 0.158 

Locus 150 : NC_035780.1:95 
2 alleles
0.0% missing data
   2   (0.528) 0.550 0.522 0.538 
   1   (0.472) 0.450 0.478 0.462 

Locus 151 : NC_035780.1:95 
2 alleles
0.0% missing data
   2   (0.882) 0.696 0.886 0.882 
   1   (0.118) 0.304 0.114 0.118 

Locus 152 : NC_035780.1:95 
2 alleles
1.6% missing data
   2   (0.913) 0.975 0.917 0.909 
   1   (0.087) 0.025 0.083 0.091 

Locus 153 : NC_035780.1:97 
2 alleles
0.0% missing data
   1   (0.051) 0.357 0.050 0.046 
   2   (0.949) 0.643 0.950 0.954 

Locus 154 : NC_035780.1:97 
2 alleles
0.0% missing data
   2   (0.942) 0.744 0.942 0.948 
   1   (0.058) 0.256 0.058 0.052 

Locus 155 : NC_035780.1:97 
2 alleles
0.0% missing data
   1   (0.157) 0.114 0.159 0.150 
   2   (0.843) 0.886 0.841 0.850 

Locus 156 : NC_035780.1:97 
2 alleles
1.6% missing data
   2   (0.549) 0.323 0.561 0.534 
   1   (0.451) 0.677 0.439 0.466 

Locus 157 : NC_035780.1:97 
2 alleles
1.6% missing data
   2   (0.911) 0.842 0.903 0.928 
   1   (0.089) 0.158 0.097 0.072 

Locus 158 : NC_035780.1:99 
2 alleles
0.5% missing data
   2   (0.519) 0.311 0.522 0.518 
   1   (0.481) 0.689 0.478 0.482 

Locus 159 : NC_035780.1:99 
2 alleles
0.5% missing data
   2   (0.938) 0.964 0.940 0.939 
   1   (0.062) 0.036 0.060 0.061 

Locus 160 : NC_035780.1:99 
2 alleles
0.5% missing data
   2   (0.763) 0.771 0.753 0.781 
   1   (0.237) 0.229 0.247 0.219 

Locus 161 : NC_035780.1:99 
2 alleles
0.5% missing data
   1   (0.110) 0.052 0.109 0.106 
   2   (0.890) 0.948 0.891 0.894 

Locus 162 : NC_035780.1:99 
2 alleles
2.9% missing data
