

----------------------------------------------------
STRUCTURE by Pritchard, Stephens and Donnelly (2000)
     and Falush, Stephens and Pritchard (2003)
       Code by Pritchard, Falush and Hubisz
             Version 2.3.4 (Jul 2012)
----------------------------------------------------



Command line arguments:   /programs/structure_2_3_4/bin/structure -K 3 -i /workdir/yc2644/CV_NYC_ddRAD/structure/n380_all_cor/threader_input/n380_all_SNP.DP3g95p10maf05.HWE.mod.biallelic.all_exGRV.n396_indep_50_1_0.2_pruned.nochr156invers.n380_refil.recode.strct_in -o /workdir/yc2644/CV_NYC_ddRAD/structure/n380_all_cor/str_K3_rep7 -D 8972939 -m /workdir/yc2644/CV_NYC_ddRAD/structure/n380_all_cor/threader_input/mainparams -e /workdir/yc2644/CV_NYC_ddRAD/structure/n380_all_cor/threader_input/extraparams 
Input File:    /workdir/yc2644/CV_NYC_ddRAD/structure/n380_all_cor/threader_input/n380_all_SNP.DP3g95p10maf05.HWE.mod.biallelic.all_exGRV.n396_indep_50_1_0.2_pruned.nochr156invers.n380_refil.recode.strct_in

Run parameters:
   380 individuals
   5625 loci
   3 populations assumed
   10000 Burn-in period
   20000 Reps
RANDOMIZE turned off


--------------------------------------------
Overall proportion of membership of the
sample in each of the 3 clusters

Inferred Clusters
  1      2      3    
0.077  0.476  0.448  

--------------------------------------------

Allele-freq. divergence among pops (Net nucleotide distance),
computed using point estimates of P.

      1       2       3      
 1      -    0.0232  0.0226  
 2   0.0232     -    0.0003  
 3   0.0226  0.0003     -    

Average distances (expected heterozygosity) between individuals in same cluster:
cluster  1  : 0.2217 
cluster  2  : 0.2543 
cluster  3  : 0.2554 

--------------------------------------------
Estimated Ln Prob of Data   = -1712742.5
Mean value of ln likelihood = -1705891.1
Variance of ln likelihood   = 13702.7
Mean value of alpha         = 0.0603

Mean value of Fst_1         = 0.2113
Mean value of Fst_2         = 0.0040
Mean value of Fst_3         = 0.0020


Inferred ancestry of individuals:
        Label (%Miss) :  Inferred clusters
  1 AB812s-002    (1)   :  0.003 0.045 0.953 
  2 AB812s-004    (0)   :  0.003 0.021 0.977 
  3 AB812s-005    (0)   :  0.022 0.016 0.963 
  4 AB812s-008    (1)   :  0.005 0.006 0.989 
  5 AB812s-009    (1)   :  0.004 0.911 0.085 
  6 AB812s-011    (0)   :  0.010 0.109 0.881 
  7 AB812s-012    (1)   :  0.001 0.072 0.927 
  8 AB812s-013    (0)   :  0.001 0.014 0.985 
  9 AB812s-014    (0)   :  0.000 0.034 0.966 
 10 AB812s-015    (0)   :  0.003 0.069 0.929 
 11 AB812s-017    (0)   :  0.001 0.007 0.992 
 12 AB812s-018    (0)   :  0.005 0.053 0.941 
 13 AB812s-019    (1)   :  0.002 0.076 0.922 
 14 AB812s-020    (1)   :  0.003 0.092 0.905 
 15 AB812s-021    (1)   :  0.002 0.080 0.919 
 16 AB812s-022    (0)   :  0.008 0.110 0.882 
 17 AB812s-024    (0)   :  0.007 0.054 0.939 
 18 AB812s-027    (0)   :  0.135 0.044 0.821 
 19 AB812s-029    (0)   :  0.011 0.045 0.944 
 20 AB812s-030    (0)   :  0.003 0.885 0.112 
 21 AB812s-031    (0)   :  0.056 0.289 0.655 
 22 AB812s-032    (0)   :  0.019 0.288 0.693 
 23 FI1012-001    (1)   :  1.000 0.000 0.000 
 24 FI1012-001r    (0)   :  1.000 0.000 0.000 
 25 FI1012-002    (0)   :  1.000 0.000 0.000 
 26 FI1012-005    (1)   :  0.999 0.001 0.001 
 27 FI1012-007    (1)   :  0.999 0.000 0.001 
 28 FI1012-010    (1)   :  1.000 0.000 0.000 
 29 FI1012-011    (1)   :  0.986 0.004 0.010 
 30 FI1012-012    (1)   :  1.000 0.000 0.000 
 31 FI1012-013    (0)   :  1.000 0.000 0.000 
 32 FI1012-014    (1)   :  1.000 0.000 0.000 
 33 FI1012-016    (1)   :  1.000 0.000 0.000 
 34 FI1012-019    (1)   :  0.986 0.006 0.008 
 35 FI1012-020    (0)   :  1.000 0.000 0.000 
 36 FIS1013a-00    (1)   :  0.892 0.037 0.071 
 37 FIS1013a-00    (1)   :  0.931 0.019 0.050 
 38 FIS1013a-00    (0)   :  0.716 0.001 0.283 
 39 FIS1013a-00    (1)   :  0.953 0.022 0.025 
 40 FIS1013a-00    (1)   :  0.844 0.054 0.101 
 41 FIS1013a-01    (0)   :  0.899 0.005 0.096 
 42 FIS1013a-01    (0)   :  0.887 0.022 0.091 
 43 FIS1013a-01    (1)   :  0.798 0.001 0.201 
 44 FIS1013a-01    (1)   :  0.699 0.018 0.284 
 45 FIS1013a-01    (1)   :  0.962 0.011 0.026 
 46 FIS1013a-02    (1)   :  0.994 0.004 0.002 
 47 FIS1013a-02    (1)   :  0.860 0.132 0.007 
 48 FIS1013a-02    (1)   :  0.878 0.054 0.068 
 49 FIS1013a-02    (1)   :  0.906 0.039 0.056 
 50 HH0512a-001    (1)   :  0.001 0.980 0.019 
 51 HH0512a-002    (0)   :  0.001 0.994 0.005 
 52 HH0512a-004    (0)   :  0.001 0.793 0.206 
 53 HH0512a-006    (0)   :  0.001 0.974 0.025 
 54 HH0512a-007    (1)   :  0.002 0.987 0.011 
 55 HH0512a-009    (0)   :  0.001 0.263 0.736 
 56 HH0512a-010    (0)   :  0.000 0.083 0.916 
 57 HH0512a-012    (0)   :  0.002 0.920 0.078 
 58 HH0512a-013    (1)   :  0.009 0.908 0.083 
 59 HH0512a-015    (0)   :  0.001 0.394 0.605 
 60 HH0512a-017    (0)   :  0.009 0.226 0.765 
 61 HH0512a-018    (1)   :  0.000 0.985 0.015 
 62 HH0512a-020    (1)   :  0.001 0.974 0.025 
 63 HH0512a-021    (1)   :  0.001 0.979 0.020 
 64 HH0512a-022    (0)   :  0.002 0.983 0.015 
 65 HH0512a-023    (0)   :  0.001 0.843 0.156 
 66 HH0512a-029    (0)   :  0.005 0.988 0.008 
 67 HH1013a-001    (1)   :  0.001 0.990 0.009 
 68 HH1013a-002    (0)   :  0.001 0.264 0.736 
 69 HH1013a-003    (0)   :  0.007 0.977 0.016 
 70 HH1013a-005    (0)   :  0.003 0.988 0.009 
 71 HH1013a-006    (0)   :  0.002 0.695 0.304 
 72 HH1013a-007    (0)   :  0.001 0.992 0.007 
 73 HH1013a-009    (0)   :  0.004 0.962 0.034 
 74 HH1013a-010    (0)   :  0.004 0.981 0.015 
 75 HH1013a-011    (1)   :  0.001 0.983 0.016 
 76 HH1013a-012    (0)   :  0.001 0.956 0.043 
 77 HH1013a-013    (0)   :  0.001 0.036 0.962 
 78 HH1013a-014    (1)   :  0.002 0.626 0.372 
 79 HH1013a-015    (1)   :  0.001 0.938 0.060 
 80 HH1013a-016    (0)   :  0.005 0.988 0.007 
 81 HH1013a-017    (0)   :  0.001 0.867 0.132 
 82 HH1013a-018    (1)   :  0.010 0.967 0.024 
 83 HH1013a-019    (0)   :  0.003 0.981 0.016 
 84 HH1013a-020    (0)   :  0.001 0.191 0.808 
 85 HH1013a-021    (0)   :  0.001 0.892 0.106 
 86 HH1013a-022    (0)   :  0.010 0.118 0.872 
 87 HH1013a-023    (1)   :  0.002 0.987 0.011 
 88 HH1013a-024    (1)   :  0.004 0.958 0.038 
 89 HH1013s-001    (1)   :  0.004 0.873 0.123 
 90 HH1013s-002    (1)   :  0.003 0.953 0.044 
 91 HH1013s-003    (0)   :  0.004 0.143 0.853 
 92 HH1013s-005    (1)   :  0.001 0.949 0.050 
 93 HH1013s-006    (1)   :  0.002 0.913 0.084 
 94 HH1013s-007    (0)   :  0.001 0.942 0.057 
 95 HH1013s-008    (0)   :  0.001 0.991 0.009 
 96 HH1013s-009    (1)   :  0.001 0.947 0.052 
 97 HH1013s-010    (1)   :  0.001 0.990 0.009 
 98 HH1013s-011    (1)   :  0.004 0.990 0.006 
 99 HH1013s-012    (1)   :  0.000 0.954 0.046 
100 HH1013s-013    (0)   :  0.001 0.976 0.023 
101 HH1013s-014    (0)   :  0.001 0.966 0.033 
102 HH1013s-016    (1)   :  0.001 0.973 0.026 
103 HH1013s-017    (1)   :  0.003 0.974 0.023 
104 HH1013s-018    (1)   :  0.001 0.793 0.206 
105 HH1013s-019    (0)   :  0.001 0.568 0.432 
106 HH1013s-020    (0)   :  0.003 0.952 0.044 
107 HH1013s-021    (1)   :  0.001 0.984 0.016 
108 HH1013s-022    (0)   :  0.000 0.961 0.038 
109 HH1013s-023    (0)   :  0.004 0.936 0.060 
110 HH1013s-024    (0)   :  0.001 0.986 0.013 
111 HH1013s-025    (1)   :  0.014 0.971 0.015 
112 HH812s-001    (1)   :  0.004 0.976 0.020 
113 HH812s-003    (1)   :  0.004 0.952 0.043 
114 HH812s-006    (0)   :  0.002 0.987 0.011 
115 HH812s-010    (1)   :  0.003 0.983 0.014 
116 HH812s-013    (0)   :  0.008 0.978 0.014 
117 HH812s-018    (0)   :  0.001 0.903 0.096 
118 HH812s-019    (1)   :  0.007 0.360 0.633 
119 HH812s-024    (0)   :  0.002 0.991 0.007 
120 HH812s-025    (0)   :  0.001 0.967 0.032 
121 HH812s-030    (0)   :  0.016 0.878 0.106 
122 HH812s-035    (0)   :  0.001 0.992 0.007 
123 HH812s-036    (1)   :  0.001 0.978 0.022 
124 HH812s-037    (0)   :  0.001 0.976 0.024 
125 HH812s-039    (1)   :  0.001 0.732 0.267 
126 HH812s-040    (0)   :  0.001 0.811 0.188 
127 HH812s-042    (0)   :  0.001 0.990 0.010 
128 HH812s-046    (0)   :  0.002 0.992 0.007 
129 HH812s-048    (0)   :  0.001 0.987 0.012 
130 HH812s-050    (1)   :  0.002 0.984 0.014 
131 HH812s-052    (1)   :  0.003 0.843 0.153 
132 HH812s-054    (1)   :  0.002 0.936 0.062 
133 HH812s-056    (1)   :  0.013 0.974 0.013 
134 HH912s-109    (0)   :  0.001 0.979 0.020 
135 HH912s-110    (0)   :  0.001 0.947 0.052 
136 HH912s-111    (0)   :  0.002 0.970 0.028 
137 HH912s-113    (0)   :  0.001 0.958 0.042 
138 HH912s-114    (0)   :  0.001 0.566 0.433 
139 HH912s-115    (0)   :  0.006 0.988 0.006 
140 HH912s-116    (1)   :  0.001 0.376 0.623 
141 HH912s-117    (0)   :  0.010 0.784 0.206 
142 HH912s-118    (1)   :  0.003 0.763 0.233 
143 HH912s-119    (1)   :  0.001 0.919 0.080 
144 HH912s-120    (0)   :  0.002 0.944 0.054 
145 HH912s-121    (0)   :  0.001 0.987 0.012 
146 HH912s-122    (1)   :  0.003 0.979 0.019 
147 HH912s-123    (0)   :  0.001 0.988 0.011 
148 HH912s-124    (0)   :  0.002 0.970 0.028 
149 HH912s-125    (0)   :  0.003 0.253 0.744 
150 HH912s-126    (0)   :  0.005 0.924 0.071 
151 HH912s-127    (0)   :  0.001 0.959 0.040 
152 HH912s-128    (0)   :  0.002 0.990 0.009 
153 HH912s-129    (0)   :  0.001 0.973 0.026 
154 HH912s-130    (0)   :  0.002 0.916 0.082 
155 HH912s-131    (0)   :  0.001 0.964 0.034 
156 HH912s-132    (0)   :  0.004 0.728 0.268 
157 IRV1012-001    (0)   :  0.013 0.950 0.037 
158 IRV1012-002    (0)   :  0.002 0.976 0.022 
159 IRV1012-003    (0)   :  0.001 0.986 0.013 
160 IRV1012-004    (1)   :  0.002 0.985 0.013 
161 IRV1012-006    (0)   :  0.001 0.988 0.011 
162 IRV1012-007    (0)   :  0.001 0.877 0.123 
163 IRV1012-008    (0)   :  0.001 0.313 0.686 
164 IRV1012-009    (1)   :  0.001 0.845 0.155 
165 IRV1012-010    (0)   :  0.001 0.970 0.029 
166 IRV1012-011    (0)   :  0.001 0.990 0.009 
167 IRV1012-012    (0)   :  0.001 0.172 0.826 
168 IRV1012-013    (0)   :  0.002 0.102 0.896 
169 IRV1012-014    (0)   :  0.001 0.988 0.011 
170 IRV1012-015    (0)   :  0.002 0.982 0.016 
171 IRV1012-016    (0)   :  0.001 0.949 0.051 
172 IRV1012-017    (0)   :  0.001 0.976 0.023 
173 IRV1012-018    (1)   :  0.001 0.970 0.028 
174 IRV1012-019    (0)   :  0.004 0.954 0.042 
175 IRV1012-020    (0)   :  0.001 0.277 0.722 
176 IRV1012-021    (0)   :  0.003 0.990 0.008 
177 IRV1012-022    (0)   :  0.000 0.994 0.006 
178 IRV1012-023    (0)   :  0.001 0.982 0.018 
179 IRV1012-024    (1)   :  0.014 0.976 0.010 
180 NTC1013a-00    (0)   :  0.016 0.076 0.907 
181 NTC1013a-00    (1)   :  0.003 0.010 0.988 
182 NTC1013a-00    (0)   :  0.001 0.067 0.932 
183 NTC1013a-00    (1)   :  0.005 0.136 0.859 
184 NTC1013a-00    (1)   :  0.041 0.022 0.937 
185 NTC1013a-00    (0)   :  0.001 0.079 0.920 
186 NTC1013a-00    (1)   :  0.005 0.091 0.904 
187 NTC1013a-00    (0)   :  0.034 0.005 0.961 
188 NTC1013a-01    (0)   :  0.055 0.026 0.919 
189 NTC1013a-01    (0)   :  0.004 0.009 0.987 
190 NTC1013a-01    (0)   :  0.030 0.011 0.959 
191 NTC1013a-01    (0)   :  0.195 0.005 0.800 
192 NTC1013a-01    (0)   :  0.001 0.011 0.987 
193 NTC1013a-01    (0)   :  0.003 0.082 0.915 
194 NTC1013a-01    (0)   :  0.003 0.011 0.986 
195 NTC1013a-01    (1)   :  0.004 0.267 0.729 
196 NTC1013a-01    (0)   :  0.002 0.025 0.974 
197 NTC1013a-01    (0)   :  0.001 0.023 0.976 
198 NTC1013a-02    (0)   :  0.003 0.041 0.956 
199 NTC1013a-02    (0)   :  0.002 0.018 0.980 
200 PM1012-01    (0)   :  0.001 0.961 0.038 
201 PM1012-02    (1)   :  0.002 0.987 0.011 
202 PM1012-04    (1)   :  0.001 0.898 0.101 
203 PM1012-06    (0)   :  0.005 0.942 0.053 
204 PM1012-07    (0)   :  0.001 0.971 0.028 
205 PM1012-09    (0)   :  0.003 0.881 0.116 
206 PM1012-10    (0)   :  0.001 0.989 0.010 
207 PM1012-13    (0)   :  0.000 0.962 0.037 
208 PM1012-14    (0)   :  0.004 0.585 0.411 
209 PM1012-16    (1)   :  0.001 0.980 0.019 
210 PM1012-17    (0)   :  0.001 0.857 0.142 
211 PM1012-23    (0)   :  0.001 0.990 0.008 
212 PM1012-24    (1)   :  0.000 0.966 0.034 
213 PM1012-25    (0)   :  0.001 0.958 0.041 
214 PM1012-26    (3)   :  0.002 0.989 0.009 
215 PM1012-27    (0)   :  0.029 0.907 0.065 
216 PRA1013a-00    (1)   :  0.001 0.893 0.106 
217 PRA1013a-00    (1)   :  0.001 0.958 0.041 
218 PRA1013a-00    (0)   :  0.001 0.980 0.019 
219 PRA1013a-00    (0)   :  0.001 0.991 0.008 
220 PRA1013a-00    (0)   :  0.005 0.990 0.006 
221 PRA1013a-00    (0)   :  0.001 0.267 0.732 
222 PRA1013a-00    (1)   :  0.001 0.813 0.186 
223 PRA1013a-01    (0)   :  0.273 0.003 0.725 
224 PRA1013a-01    (1)   :  0.002 0.061 0.938 
225 PRA1013a-01    (0)   :  0.003 0.224 0.773 
226 PRA1013a-01    (0)   :  0.001 0.980 0.019 
227 PRA1013a-01    (1)   :  0.002 0.015 0.982 
228 PRA1013a-02    (1)   :  0.002 0.980 0.019 
229 PRA1013a-02    (1)   :  0.002 0.968 0.031 
230 PRA1013a-02    (0)   :  0.001 0.988 0.010 
231 PRA1013a-03    (0)   :  0.003 0.958 0.039 
232 PRA1013a-03    (1)   :  0.001 0.990 0.009 
233 PRA1013a-03    (0)   :  0.001 0.995 0.004 
234 PRA1013a-03    (0)   :  0.004 0.989 0.007 
235 PRA1013a-03    (0)   :  0.003 0.334 0.663 
236 PRA1013a-03    (0)   :  0.002 0.989 0.009 
237 PRA1013a-03    (0)   :  0.003 0.950 0.047 
238 PRA1013a-03    (1)   :  0.012 0.970 0.017 
239 RI812s-001    (0)   :  0.039 0.011 0.950 
240 RI812s-002    (1)   :  0.058 0.028 0.914 
241 RI812s-003    (1)   :  0.011 0.068 0.921 
242 RI812s-005    (1)   :  0.011 0.010 0.979 
243 RI812s-006    (0)   :  0.001 0.012 0.987 
244 RI812s-007    (0)   :  0.002 0.019 0.979 
245 RI812s-009    (0)   :  0.083 0.002 0.915 
246 RI812s-010    (1)   :  0.035 0.152 0.813 
247 RI812s-011    (0)   :  0.044 0.052 0.904 
248 RI812s-013    (1)   :  0.002 0.599 0.399 
249 RI812s-014    (1)   :  0.003 0.010 0.987 
250 RI812s-015    (0)   :  0.002 0.014 0.984 
251 RI812s-016    (0)   :  0.233 0.005 0.762 
252 SV0512a-001    (0)   :  0.003 0.069 0.928 
253 SV0512a-002    (1)   :  0.003 0.025 0.971 
254 SV0512a-003    (0)   :  0.005 0.115 0.880 
255 SV0512a-005    (1)   :  0.002 0.052 0.946 
256 SV0512a-007    (1)   :  0.083 0.013 0.904 
257 SV0512a-008    (1)   :  0.056 0.003 0.941 
258 SV0512a-009    (1)   :  0.001 0.037 0.962 
259 SV0512a-010    (0)   :  0.003 0.047 0.950 
260 SV0512a-011    (0)   :  0.203 0.006 0.791 
261 SV0512a-013    (1)   :  0.002 0.698 0.300 
262 SV0512a-014    (6)   :  0.003 0.114 0.884 
263 SV0512a-016    (1)   :  0.002 0.028 0.970 
264 SV0512a-018    (4)   :  0.097 0.365 0.537 
265 SV0512a-021    (2)   :  0.009 0.059 0.933 
266 SV0512a-022    (0)   :  0.014 0.007 0.979 
267 SV0512a-023    (2)   :  0.001 0.009 0.990 
268 SV0512a-024    (0)   :  0.023 0.003 0.974 
269 SV0512a-025    (0)   :  0.001 0.045 0.954 
270 SV0512a-027    (0)   :  0.001 0.026 0.973 
271 SV0512a-028    (3)   :  0.039 0.222 0.739 
272 SV1013a-001    (0)   :  0.053 0.011 0.936 
273 SV1013a-002    (1)   :  0.001 0.258 0.742 
274 SV1013a-003    (0)   :  0.002 0.168 0.830 
275 SV1013a-005    (0)   :  0.019 0.010 0.971 
276 SV1013a-006    (0)   :  0.002 0.012 0.986 
277 SV1013a-007    (0)   :  0.002 0.018 0.980 
278 SV1013a-008    (0)   :  0.001 0.005 0.994 
279 SV1013a-009    (0)   :  0.044 0.058 0.898 
280 SV1013a-010    (1)   :  0.005 0.030 0.965 
281 SV1013a-011    (0)   :  0.001 0.395 0.604 
282 SV1013a-012    (0)   :  0.027 0.006 0.967 
283 SV1013a-013    (0)   :  0.002 0.053 0.945 
284 SV1013a-014    (0)   :  0.002 0.020 0.978 
285 SV1013a-015    (0)   :  0.001 0.016 0.983 
286 SV1013a-016    (0)   :  0.001 0.118 0.882 
287 SV1013a-017    (0)   :  0.020 0.709 0.272 
288 SV1013a-018    (0)   :  0.001 0.090 0.910 
289 SV1013a-019    (0)   :  0.011 0.012 0.976 
290 SV1013a-020    (0)   :  0.145 0.016 0.839 
291 SV1013a-021    (0)   :  0.001 0.057 0.942 
292 SV1013a-022    (1)   :  0.055 0.039 0.906 
293 SV1013a-023    (0)   :  0.007 0.027 0.966 
294 SV1013a-024    (0)   :  0.047 0.008 0.944 
295 SV812s-026    (1)   :  0.003 0.046 0.951 
296 SV812s-027    (0)   :  0.048 0.455 0.497 
297 SV812s-029    (0)   :  0.001 0.130 0.870 
298 SV812s-030    (0)   :  0.067 0.172 0.762 
299 SV812s-031    (0)   :  0.002 0.010 0.987 
300 SV812s-032    (0)   :  0.059 0.016 0.924 
301 SV812s-033    (0)   :  0.001 0.015 0.984 
302 SV812s-034    (0)   :  0.005 0.020 0.975 
303 SV812s-037    (0)   :  0.008 0.587 0.405 
304 SV812s-038    (0)   :  0.002 0.045 0.953 
305 SV812s-039    (0)   :  0.002 0.040 0.958 
306 SV812s-040    (0)   :  0.002 0.282 0.716 
307 SV812s-041    (0)   :  0.001 0.017 0.982 
308 SV812s-042    (0)   :  0.001 0.005 0.994 
309 SV812s-043    (1)   :  0.013 0.622 0.366 
310 SV812s-044    (0)   :  0.001 0.022 0.977 
311 SV812s-046    (0)   :  0.013 0.051 0.936 
312 SV812s-047    (0)   :  0.001 0.201 0.798 
313 SV812s-048    (1)   :  0.001 0.018 0.981 
314 SV812s-049    (0)   :  0.001 0.025 0.974 
315 SV812s-050    (1)   :  0.001 0.123 0.875 
316 SV812s-051    (0)   :  0.001 0.031 0.967 
317 SV812s-052    (0)   :  0.042 0.011 0.947 
318 SV912s-001    (1)   :  0.002 0.031 0.967 
319 SV912s-002    (0)   :  0.025 0.163 0.812 
320 SV912s-003    (0)   :  0.080 0.078 0.842 
321 SV912s-005    (1)   :  0.069 0.060 0.871 
322 SV912s-006    (1)   :  0.000 0.010 0.990 
323 SV912s-007    (0)   :  0.003 0.032 0.965 
324 SV912s-008    (1)   :  0.001 0.058 0.940 
325 SV912s-009    (0)   :  0.001 0.029 0.970 
326 SV912s-010    (1)   :  0.000 0.027 0.972 
327 SV912s-011    (1)   :  0.004 0.077 0.920 
328 SV912s-012    (1)   :  0.041 0.009 0.951 
329 SV912s-013    (0)   :  0.001 0.065 0.935 
330 SV912s-014    (1)   :  0.037 0.024 0.938 
331 SV912s-015    (0)   :  0.002 0.027 0.971 
332 SV912s-017    (0)   :  0.010 0.091 0.899 
333 SV912s-018    (1)   :  0.002 0.246 0.752 
334 SV912s-019    (1)   :  0.001 0.701 0.298 
335 SV912s-020    (1)   :  0.043 0.033 0.923 
336 SV912s-021    (0)   :  0.002 0.078 0.919 
337 SV912s-022    (0)   :  0.001 0.300 0.699 
338 SV912s-023    (0)   :  0.026 0.745 0.229 
339 SV912s-024    (0)   :  0.001 0.984 0.015 
340 SV912s-025    (1)   :  0.001 0.967 0.032 
341 TPZ0713-001    (1)   :  0.001 0.940 0.059 
342 TPZ0713-002    (1)   :  0.001 0.654 0.345 
343 TPZ0713-003    (0)   :  0.001 0.763 0.236 
344 TPZ0713-005    (0)   :  0.007 0.966 0.027 
345 TPZ0713-006    (1)   :  0.010 0.978 0.013 
346 TPZ0713-007    (1)   :  0.001 0.962 0.037 
347 TPZ0713-009    (1)   :  0.002 0.968 0.030 
348 TPZ0713-011    (1)   :  0.001 0.977 0.023 
349 TPZ0713-012    (1)   :  0.001 0.990 0.009 
350 TPZ0713-013    (0)   :  0.001 0.991 0.008 
351 TPZ0713-014    (1)   :  0.002 0.991 0.007 
352 TPZ0713-015    (0)   :  0.001 0.906 0.093 
353 TPZ0713-016    (0)   :  0.001 0.971 0.028 
354 TPZ0713-020    (1)   :  0.002 0.831 0.167 
355 TPZ0713-021    (1)   :  0.006 0.982 0.011 
356 TPZ0713-023    (0)   :  0.001 0.989 0.009 
357 TPZ0713-024    (1)   :  0.001 0.641 0.359 
358 TPZ0713-025    (1)   :  0.001 0.995 0.004 
359 TPZ0713-028    (1)   :  0.001 0.994 0.005 
360 TPZ0713-029    (1)   :  0.007 0.968 0.025 
361 WFM812s-049    (0)   :  0.000 0.039 0.961 
362 WFM812s-050    (1)   :  0.001 0.170 0.829 
363 WFM812s-051    (1)   :  0.001 0.013 0.986 
364 WFM812s-054    (0)   :  0.003 0.016 0.981 
365 WFM812s-056    (0)   :  0.001 0.065 0.934 
366 WFM812s-057    (1)   :  0.001 0.004 0.994 
367 WFM812s-058    (0)   :  0.003 0.074 0.924 
368 WFM812s-059    (0)   :  0.018 0.005 0.977 
369 WFM812s-060    (1)   :  0.214 0.006 0.781 
370 WFM812s-062    (0)   :  0.001 0.161 0.838 
371 WFM812s-063    (0)   :  0.002 0.156 0.841 
372 WFM812s-064    (0)   :  0.009 0.031 0.960 
373 WFM812s-065    (0)   :  0.001 0.010 0.989 
374 WFM812s-066    (0)   :  0.001 0.020 0.979 
375 WFM812s-067    (0)   :  0.004 0.014 0.982 
376 WFM812s-068    (1)   :  0.001 0.040 0.960 
377 WFM812s-069    (0)   :  0.001 0.236 0.763 
378 WFM812s-071    (0)   :  0.007 0.694 0.299 
379 WFM812s-072    (0)   :  0.006 0.023 0.970 
380 WFM812s-073    (1)   :  0.003 0.362 0.635 


Estimated Allele Frequencies in each cluster
First column gives estimated ancestral frequencies


Locus 1 : NC_035780.1:72 
2 alleles
1.1% missing data
   2   (0.800) 0.918 0.796 0.802 
   1   (0.200) 0.082 0.204 0.198 

Locus 2 : NC_035780.1:72 
2 alleles
1.1% missing data
   2   (0.889) 0.990 0.895 0.886 
   1   (0.111) 0.010 0.105 0.114 

Locus 3 : NC_035780.1:44 
2 alleles
0.3% missing data
   2   (0.930) 0.995 0.932 0.930 
   1   (0.070) 0.005 0.068 0.070 

Locus 4 : NC_035780.1:31 
2 alleles
0.0% missing data
   2   (0.902) 0.823 0.910 0.901 
   1   (0.098) 0.177 0.090 0.099 

Locus 5 : NC_035780.1:36 
2 alleles
0.0% missing data
   2   (0.667) 0.640 0.681 0.661 
   1   (0.333) 0.360 0.319 0.339 

Locus 6 : NC_035780.1:38 
2 alleles
0.0% missing data
   1   (0.176) 0.065 0.179 0.174 
   2   (0.824) 0.935 0.821 0.826 

Locus 7 : NC_035780.1:38 
2 alleles
0.0% missing data
   2   (0.789) 0.965 0.777 0.794 
   1   (0.211) 0.035 0.223 0.206 

Locus 8 : NC_035780.1:38 
2 alleles
0.0% missing data
   1   (0.113) 0.250 0.106 0.113 
   2   (0.887) 0.750 0.894 0.887 

Locus 9 : NC_035780.1:38 
2 alleles
0.0% missing data
   2   (0.913) 0.887 0.917 0.915 
   1   (0.087) 0.113 0.083 0.085 

Locus 10 : NC_035780.1:41 
2 alleles
3.2% missing data
   2   (0.829) 0.881 0.818 0.836 
   1   (0.171) 0.119 0.182 0.164 

Locus 11 : NC_035780.1:44 
2 alleles
0.0% missing data
   2   (0.902) 0.993 0.881 0.912 
   1   (0.098) 0.007 0.119 0.088 

Locus 12 : NC_035780.1:44 
2 alleles
0.0% missing data
   2   (0.905) 0.993 0.903 0.905 
   1   (0.095) 0.007 0.097 0.095 

Locus 13 : NC_035780.1:54 
2 alleles
3.7% missing data
   2   (0.911) 0.993 0.921 0.905 
   1   (0.089) 0.007 0.079 0.095 

Locus 14 : NC_035780.1:55 
2 alleles
0.3% missing data
   2   (0.933) 0.995 0.934 0.934 
   1   (0.067) 0.005 0.066 0.066 

Locus 15 : NC_035780.1:59 
2 alleles
0.0% missing data
   1   (0.406) 0.344 0.399 0.409 
   2   (0.594) 0.656 0.601 0.591 

Locus 16 : NC_035780.1:84 
2 alleles
1.8% missing data
   2   (0.909) 0.992 0.917 0.906 
   1   (0.091) 0.008 0.083 0.094 

Locus 17 : NC_035780.1:90 
2 alleles
1.3% missing data
   2   (0.913) 0.959 0.924 0.909 
   1   (0.087) 0.041 0.076 0.091 

Locus 18 : NC_035780.1:90 
2 alleles
1.3% missing data
   2   (0.937) 0.995 0.921 0.945 
   1   (0.063) 0.005 0.079 0.055 

Locus 19 : NC_035780.1:98 
2 alleles
0.0% missing data
   2   (0.848) 0.990 0.838 0.851 
   1   (0.152) 0.010 0.162 0.149 

Locus 20 : NC_035780.1:98 
2 alleles
0.0% missing data
   1   (0.491) 0.297 0.498 0.489 
   2   (0.509) 0.703 0.502 0.511 

Locus 21 : NC_035780.1:98 
2 alleles
0.0% missing data
   2   (0.819) 0.795 0.819 0.821 
   1   (0.181) 0.205 0.181 0.179 

Locus 22 : NC_035780.1:10 
2 alleles
3.9% missing data
   1   (0.265) 0.212 0.266 0.264 
   2   (0.735) 0.788 0.734 0.736 

Locus 23 : NC_035780.1:11 
2 alleles
0.0% missing data
   1   (0.157) 0.201 0.159 0.153 
   2   (0.843) 0.799 0.841 0.847 

Locus 24 : NC_035780.1:13 
2 alleles
0.0% missing data
   1   (0.195) 0.014 0.189 0.201 
   2   (0.805) 0.986 0.811 0.799 

Locus 25 : NC_035780.1:13 
2 alleles
0.0% missing data
   2   (0.725) 0.468 0.712 0.734 
   1   (0.275) 0.532 0.288 0.266 

Locus 26 : NC_035780.1:15 
2 alleles
0.3% missing data
   2   (0.942) 0.821 0.947 0.944 
   1   (0.058) 0.179 0.053 0.056 

Locus 27 : NC_035780.1:16 
2 alleles
0.0% missing data
   2   (0.910) 0.676 0.911 0.914 
   1   (0.090) 0.324 0.089 0.086 

Locus 28 : NC_035780.1:16 
2 alleles
0.0% missing data
   1   (0.171) 0.018 0.154 0.182 
   2   (0.829) 0.982 0.846 0.818 

Locus 29 : NC_035780.1:16 
2 alleles
5.8% missing data
   2   (0.924) 0.867 0.938 0.920 
   1   (0.076) 0.133 0.062 0.080 

Locus 30 : NC_035780.1:16 
2 alleles
5.8% missing data
   2   (0.941) 0.871 0.950 0.940 
   1   (0.059) 0.129 0.050 0.060 

Locus 31 : NC_035780.1:17 
2 alleles
0.0% missing data
   2   (0.905) 0.871 0.916 0.902 
   1   (0.095) 0.129 0.084 0.098 

Locus 32 : NC_035780.1:18 
2 alleles
0.3% missing data
   2   (0.922) 0.988 0.926 0.922 
   1   (0.078) 0.012 0.074 0.078 

Locus 33 : NC_035780.1:18 
2 alleles
1.3% missing data
   2   (0.939) 0.805 0.943 0.941 
   1   (0.061) 0.195 0.057 0.059 

Locus 34 : NC_035780.1:19 
2 alleles
0.0% missing data
   1   (0.283) 0.128 0.271 0.290 
   2   (0.717) 0.872 0.729 0.710 

Locus 35 : NC_035780.1:20 
2 alleles
0.5% missing data
   1   (0.463) 0.209 0.451 0.470 
   2   (0.537) 0.791 0.549 0.530 

Locus 36 : NC_035780.1:22 
2 alleles
1.6% missing data
   1   (0.210) 0.070 0.200 0.214 
   2   (0.790) 0.930 0.800 0.786 

Locus 37 : NC_035780.1:22 
2 alleles
1.6% missing data
   2   (0.881) 0.992 0.864 0.888 
   1   (0.119) 0.008 0.136 0.112 

Locus 38 : NC_035780.1:24 
2 alleles
0.0% missing data
   1   (0.465) 0.685 0.456 0.469 
   2   (0.535) 0.315 0.544 0.531 

Locus 39 : NC_035780.1:24 
2 alleles
0.0% missing data
   2   (0.859) 0.856 0.864 0.860 
   1   (0.141) 0.144 0.136 0.140 

Locus 40 : NC_035780.1:24 
2 alleles
0.0% missing data
   2   (0.891) 0.928 0.901 0.888 
   1   (0.109) 0.072 0.099 0.112 

Locus 41 : NC_035780.1:25 
2 alleles
0.3% missing data
   2   (0.815) 0.969 0.838 0.801 
   1   (0.185) 0.031 0.162 0.199 

Locus 42 : NC_035780.1:26 
2 alleles
0.8% missing data
   1   (0.352) 0.350 0.362 0.345 
   2   (0.648) 0.650 0.638 0.655 

Locus 43 : NC_035780.1:26 
2 alleles
0.8% missing data
   2   (0.815) 0.786 0.842 0.803 
   1   (0.185) 0.214 0.158 0.197 

Locus 44 : NC_035780.1:26 
2 alleles
0.0% missing data
   1   (0.298) 0.490 0.291 0.299 
   2   (0.702) 0.510 0.709 0.701 

Locus 45 : NC_035780.1:27 
2 alleles
0.0% missing data
   2   (0.909) 0.929 0.913 0.909 
   1   (0.091) 0.071 0.087 0.091 

Locus 46 : NC_035780.1:27 
2 alleles
0.0% missing data
   2   (0.964) 0.998 0.960 0.967 
   1   (0.036) 0.002 0.040 0.033 

Locus 47 : NC_035780.1:27 
2 alleles
3.4% missing data
   2   (0.870) 0.990 0.876 0.867 
   1   (0.130) 0.010 0.124 0.133 

Locus 48 : NC_035780.1:27 
2 alleles
3.4% missing data
   2   (0.877) 0.675 0.890 0.875 
   1   (0.123) 0.325 0.110 0.125 

Locus 49 : NC_035780.1:28 
2 alleles
3.9% missing data
   2   (0.957) 0.614 0.968 0.956 
   1   (0.043) 0.386 0.032 0.044 

Locus 50 : NC_035780.1:28 
2 alleles
3.9% missing data
   2   (0.910) 0.993 0.913 0.909 
   1   (0.090) 0.007 0.087 0.091 

Locus 51 : NC_035780.1:28 
2 alleles
0.0% missing data
   1   (0.482) 0.265 0.514 0.468 
   2   (0.518) 0.735 0.486 0.532 

Locus 52 : NC_035780.1:28 
2 alleles
0.0% missing data
   2   (0.905) 0.868 0.915 0.903 
   1   (0.095) 0.132 0.085 0.097 

Locus 53 : NC_035780.1:28 
2 alleles
1.1% missing data
   1   (0.179) 0.331 0.171 0.180 
   2   (0.821) 0.669 0.829 0.820 

Locus 54 : NC_035780.1:29 
2 alleles
0.0% missing data
   1   (0.197) 0.057 0.193 0.199 
   2   (0.803) 0.943 0.807 0.801 

Locus 55 : NC_035780.1:29 
2 alleles
0.0% missing data
   2   (0.944) 0.728 0.946 0.947 
   1   (0.056) 0.272 0.054 0.053 

Locus 56 : NC_035780.1:29 
2 alleles
0.0% missing data
   2   (0.830) 0.813 0.843 0.825 
   1   (0.170) 0.187 0.157 0.175 

Locus 57 : NC_035780.1:29 
2 alleles
0.0% missing data
   2   (0.905) 0.994 0.916 0.899 
   1   (0.095) 0.006 0.084 0.101 

Locus 58 : NC_035780.1:30 
2 alleles
0.3% missing data
   2   (0.932) 0.996 0.930 0.934 
   1   (0.068) 0.004 0.070 0.066 

Locus 59 : NC_035780.1:31 
2 alleles
0.8% missing data
   2   (0.892) 0.992 0.893 0.892 
   1   (0.108) 0.008 0.107 0.108 

Locus 60 : NC_035780.1:31 
2 alleles
0.8% missing data
   2   (0.638) 0.438 0.653 0.632 
   1   (0.362) 0.562 0.347 0.368 

Locus 61 : NC_035780.1:32 
2 alleles
0.0% missing data
   1   (0.368) 0.481 0.385 0.357 
   2   (0.632) 0.519 0.615 0.643 

Locus 62 : NC_035780.1:32 
2 alleles
0.0% missing data
   2   (0.728) 0.621 0.733 0.727 
   1   (0.272) 0.379 0.267 0.273 

Locus 63 : NC_035780.1:33 
2 alleles
3.4% missing data
   2   (0.947) 0.996 0.946 0.949 
   1   (0.053) 0.004 0.054 0.051 

Locus 64 : NC_035780.1:33 
2 alleles
3.4% missing data
   2   (0.830) 0.417 0.834 0.833 
   1   (0.170) 0.583 0.166 0.167 

Locus 65 : NC_035780.1:37 
2 alleles
0.3% missing data
   2   (0.921) 0.888 0.915 0.928 
   1   (0.079) 0.112 0.085 0.072 

Locus 66 : NC_035780.1:37 
2 alleles
0.3% missing data
   2   (0.875) 0.991 0.875 0.874 
   1   (0.125) 0.009 0.125 0.126 

Locus 67 : NC_035780.1:37 
2 alleles
0.0% missing data
   2   (0.924) 0.995 0.914 0.930 
   1   (0.076) 0.005 0.086 0.070 

Locus 68 : NC_035780.1:37 
2 alleles
0.0% missing data
   2   (0.804) 0.877 0.793 0.811 
   1   (0.196) 0.123 0.207 0.189 

Locus 69 : NC_035780.1:37 
2 alleles
0.0% missing data
   1   (0.141) 0.053 0.133 0.144 
   2   (0.859) 0.947 0.867 0.856 

Locus 70 : NC_035780.1:39 
2 alleles
0.0% missing data
   2   (0.925) 0.994 0.913 0.931 
   1   (0.075) 0.006 0.087 0.069 

Locus 71 : NC_035780.1:39 
2 alleles
0.0% missing data
   2   (0.845) 0.934 0.845 0.847 
   1   (0.155) 0.066 0.155 0.153 

Locus 72 : NC_035780.1:39 
2 alleles
0.0% missing data
   1   (0.309) 0.590 0.301 0.311 
   2   (0.691) 0.410 0.699 0.689 

Locus 73 : NC_035780.1:39 
2 alleles
0.0% missing data
   1   (0.129) 0.017 0.136 0.126 
   2   (0.871) 0.983 0.864 0.874 

Locus 74 : NC_035780.1:39 
2 alleles
2.9% missing data
   2   (0.668) 0.590 0.672 0.668 
   1   (0.332) 0.410 0.328 0.332 

Locus 75 : NC_035780.1:39 
2 alleles
0.3% missing data
   2   (0.879) 0.733 0.885 0.879 
   1   (0.121) 0.267 0.115 0.121 

Locus 76 : NC_035780.1:39 
2 alleles
0.3% missing data
   2   (0.885) 0.987 0.884 0.886 
   1   (0.115) 0.013 0.116 0.114 

Locus 77 : NC_035780.1:39 
2 alleles
0.3% missing data
   2   (0.538) 0.663 0.520 0.547 
   1   (0.462) 0.337 0.480 0.453 

Locus 78 : NC_035780.1:39 
2 alleles
0.3% missing data
   2   (0.970) 0.998 0.973 0.970 
   1   (0.030) 0.002 0.027 0.030 

Locus 79 : NC_035780.1:51 
2 alleles
0.3% missing data
   2   (0.963) 0.998 0.968 0.961 
   1   (0.037) 0.002 0.032 0.039 

Locus 80 : NC_035780.1:51 
2 alleles
1.3% missing data
   1   (0.323) 0.403 0.324 0.322 
   2   (0.677) 0.597 0.676 0.678 

Locus 81 : NC_035780.1:55 
2 alleles
0.0% missing data
   2   (0.904) 0.994 0.905 0.904 
   1   (0.096) 0.006 0.095 0.096 

Locus 82 : NC_035780.1:55 
2 alleles
2.1% missing data
   2   (0.781) 0.613 0.773 0.788 
   1   (0.219) 0.387 0.227 0.212 

Locus 83 : NC_035780.1:55 
2 alleles
0.5% missing data
   2   (0.856) 0.923 0.852 0.860 
   1   (0.144) 0.077 0.148 0.140 

Locus 84 : NC_035780.1:57 
2 alleles
0.0% missing data
   2   (0.948) 0.772 0.960 0.946 
   1   (0.052) 0.228 0.040 0.054 

Locus 85 : NC_035780.1:63 
2 alleles
2.1% missing data
   2   (0.949) 0.818 0.940 0.956 
   1   (0.051) 0.182 0.060 0.044 

Locus 86 : NC_035780.1:63 
2 alleles
1.3% missing data
   2   (0.895) 0.960 0.909 0.890 
   1   (0.105) 0.040 0.091 0.110 

Locus 87 : NC_035780.1:63 
2 alleles
1.3% missing data
   2   (0.737) 0.565 0.724 0.746 
   1   (0.263) 0.435 0.276 0.254 

Locus 88 : NC_035780.1:65 
2 alleles
0.0% missing data
   2   (0.862) 0.915 0.866 0.862 
   1   (0.138) 0.085 0.134 0.138 

Locus 89 : NC_035780.1:65 
2 alleles
0.0% missing data
   2   (0.958) 0.877 0.969 0.956 
   1   (0.042) 0.123 0.031 0.044 

Locus 90 : NC_035780.1:65 
2 alleles
0.0% missing data
   1   (0.231) 0.082 0.240 0.227 
   2   (0.769) 0.918 0.760 0.773 

Locus 91 : NC_035780.1:65 
2 alleles
0.0% missing data
   1   (0.252) 0.168 0.263 0.246 
   2   (0.748) 0.832 0.737 0.754 

Locus 92 : NC_035780.1:70 
2 alleles
2.4% missing data
   2   (0.921) 0.873 0.928 0.922 
   1   (0.079) 0.127 0.072 0.078 

Locus 93 : NC_035780.1:70 
2 alleles
0.3% missing data
   2   (0.957) 0.752 0.948 0.965 
   1   (0.043) 0.248 0.052 0.035 

Locus 94 : NC_035780.1:70 
2 alleles
0.3% missing data
   1   (0.211) 0.219 0.210 0.209 
   2   (0.789) 0.781 0.790 0.791 

Locus 95 : NC_035780.1:71 
2 alleles
1.6% missing data
   1   (0.415) 0.314 0.423 0.412 
   2   (0.585) 0.686 0.577 0.588 

Locus 96 : NC_035780.1:72 
2 alleles
0.0% missing data
   2   (0.933) 0.988 0.912 0.943 
   1   (0.067) 0.012 0.088 0.057 

Locus 97 : NC_035780.1:74 
2 alleles
1.1% missing data
   2   (0.946) 0.699 0.946 0.950 
   1   (0.054) 0.301 0.054 0.050 

Locus 98 : NC_035780.1:75 
2 alleles
0.5% missing data
   2   (0.794) 0.871 0.811 0.787 
   1   (0.206) 0.129 0.189 0.213 

Locus 99 : NC_035780.1:75 
2 alleles
0.5% missing data
   2   (0.867) 0.744 0.859 0.874 
   1   (0.133) 0.256 0.141 0.126 

Locus 100 : NC_035780.1:75 
2 alleles
1.1% missing data
   2   (0.927) 0.994 0.937 0.922 
   1   (0.073) 0.006 0.063 0.078 

Locus 101 : NC_035780.1:75 
2 alleles
0.0% missing data
   1   (0.473) 0.700 0.463 0.476 
   2   (0.527) 0.300 0.537 0.524 

Locus 102 : NC_035780.1:75 
2 alleles
0.3% missing data
   2   (0.900) 0.756 0.909 0.899 
   1   (0.100) 0.244 0.091 0.101 

Locus 103 : NC_035780.1:76 
2 alleles
2.9% missing data
   1   (0.338) 0.609 0.342 0.333 
   2   (0.662) 0.391 0.658 0.667 

Locus 104 : NC_035780.1:76 
2 alleles
2.9% missing data
   2   (0.936) 0.995 0.921 0.943 
   1   (0.064) 0.005 0.079 0.057 

Locus 105 : NC_035780.1:77 
2 alleles
4.5% missing data
   2   (0.845) 0.925 0.875 0.829 
   1   (0.155) 0.075 0.125 0.171 

Locus 106 : NC_035780.1:77 
2 alleles
4.5% missing data
   2   (0.902) 0.662 0.898 0.908 
   1   (0.098) 0.338 0.102 0.092 

Locus 107 : NC_035780.1:79 
2 alleles
0.0% missing data
   2   (0.926) 0.871 0.927 0.929 
   1   (0.074) 0.129 0.073 0.071 

Locus 108 : NC_035780.1:81 
2 alleles
0.0% missing data
   1   (0.461) 0.119 0.446 0.472 
   2   (0.539) 0.881 0.554 0.528 

Locus 109 : NC_035780.1:81 
2 alleles
0.0% missing data
   2   (0.881) 0.960 0.868 0.888 
   1   (0.119) 0.040 0.132 0.112 

Locus 110 : NC_035780.1:81 
2 alleles
0.0% missing data
   1   (0.383) 0.442 0.370 0.388 
   2   (0.617) 0.558 0.630 0.612 

Locus 111 : NC_035780.1:82 
2 alleles
0.0% missing data
   2   (0.926) 0.907 0.924 0.930 
   1   (0.074) 0.093 0.076 0.070 

Locus 112 : NC_035780.1:83 
2 alleles
3.4% missing data
   1   (0.161) 0.011 0.161 0.163 
   2   (0.839) 0.989 0.839 0.837 

Locus 113 : NC_035780.1:83 
2 alleles
3.4% missing data
   2   (0.935) 0.995 0.948 0.928 
   1   (0.065) 0.005 0.052 0.072 

Locus 114 : NC_035780.1:83 
2 alleles
0.0% missing data
   2   (0.932) 0.932 0.932 0.935 
   1   (0.068) 0.068 0.068 0.065 

Locus 115 : NC_035780.1:83 
2 alleles
0.0% missing data
   2   (0.876) 0.599 0.876 0.880 
   1   (0.124) 0.401 0.124 0.120 

Locus 116 : NC_035780.1:84 
2 alleles
0.0% missing data
   2   (0.907) 0.719 0.907 0.911 
   1   (0.093) 0.281 0.093 0.089 

Locus 117 : NC_035780.1:85 
2 alleles
0.3% missing data
   2   (0.889) 0.882 0.884 0.894 
   1   (0.111) 0.118 0.116 0.106 

Locus 118 : NC_035780.1:85 
2 alleles
0.3% missing data
   2   (0.584) 0.855 0.569 0.589 
   1   (0.416) 0.145 0.431 0.411 

Locus 119 : NC_035780.1:86 
2 alleles
0.0% missing data
   2   (0.910) 0.882 0.926 0.904 
   1   (0.090) 0.118 0.074 0.096 

Locus 120 : NC_035780.1:86 
2 alleles
0.0% missing data
   2   (0.597) 0.695 0.562 0.614 
   1   (0.403) 0.305 0.438 0.386 

Locus 121 : NC_035780.1:86 
2 alleles
0.0% missing data
   2   (0.959) 0.997 0.962 0.959 
   1   (0.041) 0.003 0.038 0.041 

Locus 122 : NC_035780.1:86 
2 alleles
0.0% missing data
   2   (0.955) 0.996 0.953 0.958 
   1   (0.045) 0.004 0.047 0.042 

Locus 123 : NC_035780.1:86 
2 alleles
0.0% missing data
   1   (0.185) 0.087 0.175 0.189 
   2   (0.815) 0.913 0.825 0.811 

Locus 124 : NC_035780.1:86 
2 alleles
0.0% missing data
   2   (0.914) 0.961 0.921 0.913 
   1   (0.086) 0.039 0.079 0.087 

Locus 125 : NC_035780.1:86 
2 alleles
0.0% missing data
   1   (0.155) 0.100 0.144 0.160 
   2   (0.845) 0.900 0.856 0.840 

Locus 126 : NC_035780.1:86 
2 alleles
0.0% missing data
   2   (0.912) 0.753 0.909 0.917 
   1   (0.088) 0.247 0.091 0.083 

Locus 127 : NC_035780.1:86 
2 alleles
0.0% missing data
   1   (0.175) 0.045 0.182 0.171 
   2   (0.825) 0.955 0.818 0.829 

Locus 128 : NC_035780.1:86 
2 alleles
0.0% missing data
   2   (0.907) 0.886 0.908 0.910 
   1   (0.093) 0.114 0.092 0.090 

Locus 129 : NC_035780.1:87 
2 alleles
0.3% missing data
   2   (0.800) 0.707 0.794 0.806 
   1   (0.200) 0.293 0.206 0.194 

Locus 130 : NC_035780.1:87 
2 alleles
0.0% missing data
   1   (0.300) 0.312 0.314 0.291 
   2   (0.700) 0.688 0.686 0.709 

Locus 131 : NC_035780.1:87 
2 alleles
0.0% missing data
   1   (0.277) 0.282 0.274 0.277 
   2   (0.723) 0.718 0.726 0.723 

Locus 132 : NC_035780.1:87 
2 alleles
0.0% missing data
   2   (0.712) 0.743 0.705 0.716 
   1   (0.288) 0.257 0.295 0.284 

Locus 133 : NC_035780.1:88 
2 alleles
0.8% missing data
   2   (0.691) 0.965 0.695 0.686 
   1   (0.309) 0.035 0.305 0.314 

Locus 134 : NC_035780.1:88 
2 alleles
0.8% missing data
   1   (0.221) 0.026 0.221 0.222 
   2   (0.779) 0.974 0.779 0.778 

Locus 135 : NC_035780.1:88 
2 alleles
0.0% missing data
   1   (0.333) 0.220 0.316 0.342 
   2   (0.667) 0.780 0.684 0.658 

Locus 136 : NC_035780.1:89 
2 alleles
4.7% missing data
   1   (0.114) 0.030 0.100 0.121 
   2   (0.886) 0.970 0.900 0.879 

Locus 137 : NC_035780.1:89 
2 alleles
4.7% missing data
   2   (0.880) 0.992 0.878 0.881 
   1   (0.120) 0.008 0.122 0.119 

Locus 138 : NC_035780.1:89 
2 alleles
4.5% missing data
   2   (0.548) 0.257 0.538 0.555 
   1   (0.452) 0.743 0.462 0.445 

Locus 139 : NC_035780.1:89 
2 alleles
0.0% missing data
   2   (0.669) 0.717 0.686 0.661 
   1   (0.331) 0.283 0.314 0.339 

Locus 140 : NC_035780.1:90 
2 alleles
0.8% missing data
   2   (0.951) 0.895 0.958 0.952 
   1   (0.049) 0.105 0.042 0.048 

Locus 141 : NC_035780.1:90 
2 alleles
0.3% missing data
   1   (0.099) 0.007 0.107 0.095 
   2   (0.901) 0.993 0.893 0.905 

Locus 142 : NC_035780.1:90 
2 alleles
0.3% missing data
   2   (0.605) 0.459 0.607 0.605 
   1   (0.395) 0.541 0.393 0.395 

Locus 143 : NC_035780.1:92 
2 alleles
0.0% missing data
   1   (0.175) 0.012 0.183 0.173 
   2   (0.825) 0.988 0.817 0.827 

Locus 144 : NC_035780.1:92 
2 alleles
0.0% missing data
   2   (0.859) 0.990 0.869 0.853 
   1   (0.141) 0.010 0.131 0.147 

Locus 145 : NC_035780.1:92 
2 alleles
0.0% missing data
   2   (0.827) 0.450 0.828 0.831 
   1   (0.173) 0.550 0.172 0.169 

Locus 146 : NC_035780.1:94 
2 alleles
1.6% missing data
   2   (0.929) 0.995 0.915 0.935 
   1   (0.071) 0.005 0.085 0.065 

Locus 147 : NC_035780.1:94 
2 alleles
1.6% missing data
   2   (0.674) 0.637 0.640 0.692 
   1   (0.326) 0.363 0.360 0.308 

Locus 148 : NC_035780.1:95 
2 alleles
1.8% missing data
   1   (0.236) 0.052 0.197 0.258 
   2   (0.764) 0.948 0.803 0.742 

Locus 149 : NC_035780.1:95 
2 alleles
1.8% missing data
   2   (0.856) 0.732 0.840 0.866 
   1   (0.144) 0.268 0.160 0.134 

Locus 150 : NC_035780.1:95 
2 alleles
0.0% missing data
   2   (0.528) 0.549 0.535 0.524 
   1   (0.472) 0.451 0.465 0.476 

Locus 151 : NC_035780.1:95 
2 alleles
0.0% missing data
   2   (0.882) 0.695 0.881 0.887 
   1   (0.118) 0.305 0.119 0.113 

Locus 152 : NC_035780.1:95 
2 alleles
1.6% missing data
   2   (0.913) 0.975 0.908 0.916 
   1   (0.087) 0.025 0.092 0.084 

Locus 153 : NC_035780.1:97 
2 alleles
0.0% missing data
   1   (0.052) 0.359 0.045 0.050 
   2   (0.948) 0.641 0.955 0.950 

Locus 154 : NC_035780.1:97 
2 alleles
0.0% missing data
   2   (0.941) 0.742 0.950 0.941 
   1   (0.059) 0.258 0.050 0.059 

Locus 155 : NC_035780.1:97 
2 alleles
0.0% missing data
   1   (0.157) 0.114 0.151 0.159 
   2   (0.843) 0.886 0.849 0.841 

Locus 156 : NC_035780.1:97 
2 alleles
1.6% missing data
   2   (0.550) 0.321 0.531 0.563 
   1   (0.450) 0.679 0.469 0.437 

Locus 157 : NC_035780.1:97 
2 alleles
1.6% missing data
   2   (0.910) 0.843 0.930 0.902 
   1   (0.090) 0.157 0.070 0.098 

Locus 158 : NC_035780.1:99 
2 alleles
0.5% missing data
   2   (0.520) 0.311 0.516 0.524 
   1   (0.480) 0.689 0.484 0.476 

Locus 159 : NC_035780.1:99 
2 alleles
0.5% missing data
   2   (0.937) 0.964 0.941 0.937 
   1   (0.063) 0.036 0.059 0.063 

Locus 160 : NC_035780.1:99 
2 alleles
0.5% missing data
   2   (0.761) 0.770 0.781 0.753 
   1   (0.239) 0.230 0.219 0.247 

Locus 161 : NC_035780.1:99 
2 alleles
0.5% missing data
   1   (0.109) 0.051 0.109 0.107 
   2   (0.891) 0.949 0.891 0.893 

Locus 162 : NC_035780.1:99 
2 alleles
2.9% missing data
