

----------------------------------------------------
STRUCTURE by Pritchard, Stephens and Donnelly (2000)
     and Falush, Stephens and Pritchard (2003)
       Code by Pritchard, Falush and Hubisz
             Version 2.3.4 (Jul 2012)
----------------------------------------------------



Command line arguments:   /programs/structure_2_3_4/bin/structure -K 4 -i /workdir/yc2644/CV_NYC_ddRAD/structure/n380_all_cor/threader_input/n380_all_SNP.DP3g95p10maf05.HWE.mod.biallelic.all_exGRV.n396_indep_50_1_0.2_pruned.nochr156invers.n380_refil.recode.strct_in -o /workdir/yc2644/CV_NYC_ddRAD/structure/n380_all_cor/str_K4_rep9 -D 940261 -m /workdir/yc2644/CV_NYC_ddRAD/structure/n380_all_cor/threader_input/mainparams -e /workdir/yc2644/CV_NYC_ddRAD/structure/n380_all_cor/threader_input/extraparams 
Input File:    /workdir/yc2644/CV_NYC_ddRAD/structure/n380_all_cor/threader_input/n380_all_SNP.DP3g95p10maf05.HWE.mod.biallelic.all_exGRV.n396_indep_50_1_0.2_pruned.nochr156invers.n380_refil.recode.strct_in

Run parameters:
   380 individuals
   5625 loci
   4 populations assumed
   10000 Burn-in period
   20000 Reps
RANDOMIZE turned off


--------------------------------------------
Overall proportion of membership of the
sample in each of the 4 clusters

Inferred Clusters
  1      2      3      4    
0.404  0.274  0.077  0.244  

--------------------------------------------

Allele-freq. divergence among pops (Net nucleotide distance),
computed using point estimates of P.

      1       2       3       4      
 1      -    0.0004  0.0234  0.0004  
 2   0.0004     -    0.0228  0.0003  
 3   0.0234  0.0228     -    0.0229  
 4   0.0004  0.0003  0.0229     -    

Average distances (expected heterozygosity) between individuals in same cluster:
cluster  1  : 0.2542 
cluster  2  : 0.2553 
cluster  3  : 0.2215 
cluster  4  : 0.2550 

--------------------------------------------
Estimated Ln Prob of Data   = -1714075.7
Mean value of ln likelihood = -1704373.9
Variance of ln likelihood   = 19403.6
Mean value of alpha         = 0.0763

Mean value of Fst_1         = 0.0045
Mean value of Fst_2         = 0.0038
Mean value of Fst_3         = 0.2130
Mean value of Fst_4         = 0.0046


Inferred ancestry of individuals:
        Label (%Miss) :  Inferred clusters
  1 AB812s-002    (1)   :  0.007 0.004 0.002 0.986 
  2 AB812s-004    (0)   :  0.028 0.378 0.003 0.590 
  3 AB812s-005    (0)   :  0.015 0.106 0.032 0.847 
  4 AB812s-008    (1)   :  0.006 0.971 0.010 0.013 
  5 AB812s-009    (1)   :  0.859 0.100 0.004 0.037 
  6 AB812s-011    (0)   :  0.041 0.910 0.011 0.038 
  7 AB812s-012    (1)   :  0.036 0.033 0.001 0.931 
  8 AB812s-013    (0)   :  0.011 0.912 0.002 0.075 
  9 AB812s-014    (0)   :  0.048 0.930 0.001 0.022 
 10 AB812s-015    (0)   :  0.113 0.828 0.003 0.056 
 11 AB812s-017    (0)   :  0.014 0.887 0.002 0.098 
 12 AB812s-018    (0)   :  0.059 0.324 0.009 0.608 
 13 AB812s-019    (1)   :  0.030 0.350 0.002 0.618 
 14 AB812s-020    (1)   :  0.040 0.915 0.004 0.041 
 15 AB812s-021    (1)   :  0.038 0.932 0.002 0.027 
 16 AB812s-022    (0)   :  0.049 0.322 0.013 0.616 
 17 AB812s-024    (0)   :  0.023 0.133 0.009 0.834 
 18 AB812s-027    (0)   :  0.004 0.724 0.138 0.134 
 19 AB812s-029    (0)   :  0.093 0.839 0.020 0.048 
 20 AB812s-030    (0)   :  0.533 0.013 0.003 0.451 
 21 AB812s-031    (0)   :  0.374 0.019 0.052 0.555 
 22 AB812s-032    (0)   :  0.011 0.006 0.016 0.968 
 23 FI1012-001    (1)   :  0.000 0.000 1.000 0.000 
 24 FI1012-001r    (0)   :  0.000 0.000 0.999 0.000 
 25 FI1012-002    (0)   :  0.000 0.000 0.999 0.000 
 26 FI1012-005    (1)   :  0.001 0.001 0.997 0.001 
 27 FI1012-007    (1)   :  0.000 0.001 0.998 0.001 
 28 FI1012-010    (1)   :  0.000 0.000 1.000 0.000 
 29 FI1012-011    (1)   :  0.008 0.009 0.977 0.006 
 30 FI1012-012    (1)   :  0.000 0.000 0.999 0.000 
 31 FI1012-013    (0)   :  0.000 0.000 1.000 0.000 
 32 FI1012-014    (1)   :  0.000 0.000 0.999 0.000 
 33 FI1012-016    (1)   :  0.000 0.000 1.000 0.000 
 34 FI1012-019    (1)   :  0.008 0.011 0.977 0.004 
 35 FI1012-020    (0)   :  0.000 0.000 0.999 0.000 
 36 FIS1013a-00    (1)   :  0.042 0.046 0.893 0.019 
 37 FIS1013a-00    (1)   :  0.021 0.031 0.929 0.020 
 38 FIS1013a-00    (0)   :  0.004 0.159 0.715 0.121 
 39 FIS1013a-00    (1)   :  0.018 0.018 0.951 0.013 
 40 FIS1013a-00    (1)   :  0.004 0.002 0.839 0.155 
 41 FIS1013a-01    (0)   :  0.010 0.058 0.900 0.032 
 42 FIS1013a-01    (0)   :  0.015 0.024 0.885 0.076 
 43 FIS1013a-01    (1)   :  0.011 0.164 0.797 0.027 
 44 FIS1013a-01    (1)   :  0.005 0.006 0.694 0.295 
 45 FIS1013a-01    (1)   :  0.008 0.023 0.957 0.012 
 46 FIS1013a-02    (1)   :  0.003 0.002 0.991 0.005 
 47 FIS1013a-02    (1)   :  0.051 0.023 0.858 0.068 
 48 FIS1013a-02    (1)   :  0.030 0.064 0.876 0.030 
 49 FIS1013a-02    (1)   :  0.026 0.013 0.904 0.057 
 50 HH0512a-001    (1)   :  0.967 0.011 0.001 0.022 
 51 HH0512a-002    (0)   :  0.984 0.011 0.001 0.005 
 52 HH0512a-004    (0)   :  0.552 0.045 0.001 0.402 
 53 HH0512a-006    (0)   :  0.936 0.055 0.001 0.008 
 54 HH0512a-007    (1)   :  0.958 0.019 0.003 0.020 
 55 HH0512a-009    (0)   :  0.050 0.021 0.001 0.928 
 56 HH0512a-010    (0)   :  0.076 0.902 0.000 0.021 
 57 HH0512a-012    (0)   :  0.676 0.275 0.001 0.048 
 58 HH0512a-013    (1)   :  0.838 0.057 0.010 0.096 
 59 HH0512a-015    (0)   :  0.197 0.784 0.004 0.015 
 60 HH0512a-017    (0)   :  0.164 0.100 0.007 0.729 
 61 HH0512a-018    (1)   :  0.967 0.011 0.001 0.021 
 62 HH0512a-020    (1)   :  0.891 0.035 0.000 0.074 
 63 HH0512a-021    (1)   :  0.962 0.011 0.001 0.026 
 64 HH0512a-022    (0)   :  0.964 0.008 0.001 0.027 
 65 HH0512a-023    (0)   :  0.777 0.190 0.001 0.032 
 66 HH0512a-029    (0)   :  0.978 0.008 0.005 0.008 
 67 HH1013a-001    (1)   :  0.968 0.023 0.002 0.006 
 68 HH1013a-002    (0)   :  0.323 0.317 0.001 0.359 
 69 HH1013a-003    (0)   :  0.946 0.013 0.007 0.034 
 70 HH1013a-005    (0)   :  0.965 0.026 0.003 0.006 
 71 HH1013a-006    (0)   :  0.823 0.105 0.002 0.070 
 72 HH1013a-007    (0)   :  0.983 0.011 0.001 0.005 
 73 HH1013a-009    (0)   :  0.816 0.033 0.003 0.148 
 74 HH1013a-010    (0)   :  0.719 0.023 0.005 0.253 
 75 HH1013a-011    (1)   :  0.915 0.010 0.001 0.074 
 76 HH1013a-012    (0)   :  0.931 0.058 0.001 0.010 
 77 HH1013a-013    (0)   :  0.034 0.770 0.003 0.193 
 78 HH1013a-014    (1)   :  0.044 0.008 0.001 0.946 
 79 HH1013a-015    (1)   :  0.772 0.172 0.002 0.054 
 80 HH1013a-016    (0)   :  0.964 0.009 0.006 0.022 
 81 HH1013a-017    (0)   :  0.698 0.192 0.003 0.107 
 82 HH1013a-018    (1)   :  0.779 0.010 0.012 0.198 
 83 HH1013a-019    (0)   :  0.938 0.050 0.003 0.009 
 84 HH1013a-020    (0)   :  0.124 0.865 0.001 0.011 
 85 HH1013a-021    (0)   :  0.873 0.076 0.002 0.048 
 86 HH1013a-022    (0)   :  0.036 0.066 0.008 0.891 
 87 HH1013a-023    (1)   :  0.905 0.013 0.003 0.079 
 88 HH1013a-024    (1)   :  0.714 0.012 0.003 0.272 
 89 HH1013s-001    (1)   :  0.562 0.029 0.010 0.400 
 90 HH1013s-002    (1)   :  0.625 0.017 0.003 0.355 
 91 HH1013s-003    (0)   :  0.205 0.148 0.007 0.640 
 92 HH1013s-005    (1)   :  0.815 0.066 0.001 0.118 
 93 HH1013s-006    (1)   :  0.905 0.037 0.005 0.052 
 94 HH1013s-007    (0)   :  0.221 0.014 0.001 0.764 
 95 HH1013s-008    (0)   :  0.948 0.030 0.001 0.021 
 96 HH1013s-009    (1)   :  0.710 0.020 0.002 0.269 
 97 HH1013s-010    (1)   :  0.969 0.007 0.001 0.023 
 98 HH1013s-011    (1)   :  0.976 0.005 0.004 0.016 
 99 HH1013s-012    (1)   :  0.908 0.053 0.001 0.039 
100 HH1013s-013    (0)   :  0.931 0.047 0.001 0.021 
101 HH1013s-014    (0)   :  0.901 0.062 0.001 0.036 
102 HH1013s-016    (1)   :  0.915 0.050 0.002 0.033 
103 HH1013s-017    (1)   :  0.963 0.024 0.004 0.010 
104 HH1013s-018    (1)   :  0.442 0.421 0.001 0.137 
105 HH1013s-019    (0)   :  0.154 0.835 0.001 0.010 
106 HH1013s-020    (0)   :  0.875 0.097 0.004 0.025 
107 HH1013s-021    (1)   :  0.957 0.023 0.001 0.019 
108 HH1013s-022    (0)   :  0.944 0.035 0.001 0.020 
109 HH1013s-023    (0)   :  0.820 0.037 0.005 0.138 
110 HH1013s-024    (0)   :  0.973 0.017 0.002 0.007 
111 HH1013s-025    (1)   :  0.874 0.092 0.015 0.020 
112 HH812s-001    (1)   :  0.963 0.020 0.005 0.012 
113 HH812s-003    (1)   :  0.824 0.038 0.007 0.132 
114 HH812s-006    (0)   :  0.929 0.053 0.003 0.015 
115 HH812s-010    (1)   :  0.980 0.007 0.005 0.009 
116 HH812s-013    (0)   :  0.941 0.023 0.011 0.025 
117 HH812s-018    (0)   :  0.728 0.108 0.002 0.162 
118 HH812s-019    (1)   :  0.109 0.872 0.011 0.007 
119 HH812s-024    (0)   :  0.978 0.015 0.003 0.004 
120 HH812s-025    (0)   :  0.588 0.061 0.002 0.349 
121 HH812s-030    (0)   :  0.049 0.012 0.008 0.931 
122 HH812s-035    (0)   :  0.982 0.012 0.001 0.005 
123 HH812s-036    (1)   :  0.927 0.062 0.001 0.011 
124 HH812s-037    (0)   :  0.895 0.010 0.001 0.094 
125 HH812s-039    (1)   :  0.318 0.037 0.001 0.644 
126 HH812s-040    (0)   :  0.820 0.149 0.001 0.029 
127 HH812s-042    (0)   :  0.954 0.038 0.001 0.007 
128 HH812s-046    (0)   :  0.984 0.009 0.002 0.005 
129 HH812s-048    (0)   :  0.960 0.026 0.001 0.014 
130 HH812s-050    (1)   :  0.969 0.014 0.002 0.015 
131 HH812s-052    (1)   :  0.498 0.490 0.006 0.007 
132 HH812s-054    (1)   :  0.919 0.047 0.002 0.031 
133 HH812s-056    (1)   :  0.906 0.019 0.015 0.060 
134 HH912s-109    (0)   :  0.959 0.017 0.002 0.022 
135 HH912s-110    (0)   :  0.548 0.053 0.001 0.398 
136 HH912s-111    (0)   :  0.840 0.043 0.001 0.116 
137 HH912s-113    (0)   :  0.676 0.007 0.001 0.316 
138 HH912s-114    (0)   :  0.581 0.270 0.001 0.148 
139 HH912s-115    (0)   :  0.977 0.006 0.006 0.011 
140 HH912s-116    (1)   :  0.160 0.830 0.001 0.008 
141 HH912s-117    (0)   :  0.806 0.160 0.008 0.026 
142 HH912s-118    (1)   :  0.348 0.034 0.002 0.615 
143 HH912s-119    (1)   :  0.949 0.028 0.001 0.022 
144 HH912s-120    (0)   :  0.787 0.037 0.001 0.175 
145 HH912s-121    (0)   :  0.952 0.004 0.001 0.043 
146 HH912s-122    (1)   :  0.892 0.064 0.004 0.041 
147 HH912s-123    (0)   :  0.957 0.011 0.001 0.031 
148 HH912s-124    (0)   :  0.925 0.037 0.003 0.035 
149 HH912s-125    (0)   :  0.143 0.082 0.007 0.768 
150 HH912s-126    (0)   :  0.816 0.061 0.007 0.115 
151 HH912s-127    (0)   :  0.932 0.026 0.001 0.041 
152 HH912s-128    (0)   :  0.959 0.029 0.002 0.010 
153 HH912s-129    (0)   :  0.891 0.039 0.001 0.069 
154 HH912s-130    (0)   :  0.688 0.282 0.003 0.028 
155 HH912s-131    (0)   :  0.916 0.050 0.002 0.032 
156 HH912s-132    (0)   :  0.696 0.151 0.006 0.147 
157 IRV1012-001    (0)   :  0.242 0.006 0.006 0.745 
158 IRV1012-002    (0)   :  0.886 0.084 0.001 0.028 
159 IRV1012-003    (0)   :  0.980 0.014 0.002 0.005 
160 IRV1012-004    (1)   :  0.975 0.012 0.001 0.012 
161 IRV1012-006    (0)   :  0.978 0.008 0.002 0.013 
162 IRV1012-007    (0)   :  0.904 0.037 0.001 0.058 
163 IRV1012-008    (0)   :  0.237 0.583 0.002 0.178 
164 IRV1012-009    (1)   :  0.506 0.451 0.002 0.042 
165 IRV1012-010    (0)   :  0.774 0.022 0.002 0.202 
166 IRV1012-011    (0)   :  0.934 0.034 0.001 0.031 
167 IRV1012-012    (0)   :  0.467 0.252 0.002 0.279 
168 IRV1012-013    (0)   :  0.294 0.262 0.004 0.441 
169 IRV1012-014    (0)   :  0.855 0.136 0.001 0.008 
170 IRV1012-015    (0)   :  0.530 0.018 0.002 0.449 
171 IRV1012-016    (0)   :  0.855 0.092 0.001 0.052 
172 IRV1012-017    (0)   :  0.939 0.021 0.002 0.038 
173 IRV1012-018    (1)   :  0.420 0.011 0.001 0.568 
174 IRV1012-019    (0)   :  0.903 0.052 0.004 0.040 
175 IRV1012-020    (0)   :  0.159 0.306 0.001 0.534 
176 IRV1012-021    (0)   :  0.965 0.007 0.003 0.025 
177 IRV1012-022    (0)   :  0.988 0.004 0.000 0.008 
178 IRV1012-023    (0)   :  0.971 0.012 0.001 0.016 
179 IRV1012-024    (1)   :  0.374 0.007 0.006 0.613 
180 NTC1013a-00    (0)   :  0.041 0.814 0.025 0.120 
181 NTC1013a-00    (1)   :  0.015 0.076 0.003 0.906 
182 NTC1013a-00    (0)   :  0.040 0.098 0.003 0.860 
183 NTC1013a-00    (1)   :  0.174 0.346 0.011 0.469 
184 NTC1013a-00    (1)   :  0.043 0.813 0.047 0.097 
185 NTC1013a-00    (0)   :  0.029 0.950 0.003 0.018 
186 NTC1013a-00    (1)   :  0.047 0.884 0.007 0.063 
187 NTC1013a-00    (0)   :  0.094 0.796 0.040 0.070 
188 NTC1013a-01    (0)   :  0.028 0.909 0.057 0.006 
189 NTC1013a-01    (0)   :  0.013 0.019 0.006 0.962 
190 NTC1013a-01    (0)   :  0.013 0.014 0.032 0.941 
191 NTC1013a-01    (0)   :  0.010 0.779 0.198 0.013 
192 NTC1013a-01    (0)   :  0.010 0.980 0.002 0.007 
193 NTC1013a-01    (0)   :  0.028 0.767 0.004 0.201 
194 NTC1013a-01    (0)   :  0.021 0.900 0.004 0.075 
195 NTC1013a-01    (1)   :  0.065 0.797 0.002 0.136 
196 NTC1013a-01    (0)   :  0.023 0.562 0.003 0.412 
197 NTC1013a-01    (0)   :  0.058 0.650 0.001 0.291 
198 NTC1013a-02    (0)   :  0.064 0.270 0.004 0.662 
199 NTC1013a-02    (0)   :  0.013 0.163 0.001 0.822 
200 PM1012-01    (0)   :  0.912 0.024 0.001 0.063 
201 PM1012-02    (1)   :  0.975 0.011 0.002 0.012 
202 PM1012-04    (1)   :  0.115 0.040 0.001 0.844 
203 PM1012-06    (0)   :  0.902 0.037 0.008 0.053 
204 PM1012-07    (0)   :  0.960 0.021 0.001 0.019 
205 PM1012-09    (0)   :  0.315 0.010 0.001 0.673 
206 PM1012-10    (0)   :  0.965 0.010 0.001 0.024 
207 PM1012-13    (0)   :  0.930 0.054 0.001 0.016 
208 PM1012-14    (0)   :  0.313 0.649 0.005 0.033 
209 PM1012-16    (1)   :  0.918 0.060 0.001 0.021 
210 PM1012-17    (0)   :  0.078 0.009 0.001 0.912 
211 PM1012-23    (0)   :  0.977 0.012 0.002 0.010 
212 PM1012-24    (1)   :  0.814 0.053 0.001 0.133 
213 PM1012-25    (0)   :  0.902 0.031 0.001 0.065 
214 PM1012-26    (3)   :  0.971 0.012 0.002 0.015 
215 PM1012-27    (0)   :  0.671 0.273 0.023 0.034 
216 PRA1013a-00    (1)   :  0.450 0.056 0.001 0.493 
217 PRA1013a-00    (1)   :  0.786 0.148 0.002 0.065 
218 PRA1013a-00    (0)   :  0.958 0.022 0.002 0.019 
219 PRA1013a-00    (0)   :  0.966 0.021 0.001 0.012 
220 PRA1013a-00    (0)   :  0.984 0.005 0.005 0.006 
221 PRA1013a-00    (0)   :  0.125 0.809 0.002 0.064 
222 PRA1013a-00    (1)   :  0.664 0.308 0.001 0.027 
223 PRA1013a-01    (0)   :  0.008 0.712 0.275 0.006 
224 PRA1013a-01    (1)   :  0.060 0.072 0.001 0.866 
225 PRA1013a-01    (0)   :  0.381 0.026 0.005 0.588 
226 PRA1013a-01    (0)   :  0.926 0.028 0.001 0.045 
227 PRA1013a-01    (1)   :  0.022 0.970 0.003 0.005 
228 PRA1013a-02    (1)   :  0.845 0.009 0.003 0.143 
229 PRA1013a-02    (1)   :  0.854 0.032 0.001 0.113 
230 PRA1013a-02    (0)   :  0.958 0.035 0.002 0.005 
231 PRA1013a-03    (0)   :  0.903 0.058 0.005 0.034 
232 PRA1013a-03    (1)   :  0.985 0.009 0.001 0.005 
233 PRA1013a-03    (0)   :  0.987 0.004 0.001 0.008 
234 PRA1013a-03    (0)   :  0.975 0.011 0.004 0.011 
235 PRA1013a-03    (0)   :  0.129 0.838 0.008 0.024 
236 PRA1013a-03    (0)   :  0.967 0.017 0.002 0.014 
237 PRA1013a-03    (0)   :  0.686 0.043 0.002 0.268 
238 PRA1013a-03    (1)   :  0.924 0.051 0.016 0.009 
239 RI812s-001    (0)   :  0.012 0.852 0.050 0.086 
240 RI812s-002    (1)   :  0.013 0.796 0.056 0.135 
241 RI812s-003    (1)   :  0.072 0.105 0.015 0.808 
242 RI812s-005    (1)   :  0.003 0.024 0.014 0.959 
243 RI812s-006    (0)   :  0.011 0.026 0.001 0.962 
244 RI812s-007    (0)   :  0.034 0.499 0.002 0.465 
245 RI812s-009    (0)   :  0.002 0.916 0.079 0.002 
246 RI812s-010    (1)   :  0.464 0.443 0.051 0.042 
247 RI812s-011    (0)   :  0.029 0.065 0.045 0.861 
248 RI812s-013    (1)   :  0.204 0.665 0.002 0.129 
249 RI812s-014    (1)   :  0.016 0.056 0.005 0.924 
250 RI812s-015    (0)   :  0.010 0.510 0.002 0.477 
251 RI812s-016    (0)   :  0.020 0.704 0.233 0.043 
252 SV0512a-001    (0)   :  0.080 0.252 0.004 0.663 
253 SV0512a-002    (1)   :  0.021 0.018 0.007 0.954 
254 SV0512a-003    (0)   :  0.034 0.209 0.009 0.748 
255 SV0512a-005    (1)   :  0.031 0.918 0.002 0.049 
256 SV0512a-007    (1)   :  0.008 0.859 0.087 0.046 
257 SV0512a-008    (1)   :  0.002 0.909 0.059 0.029 
258 SV0512a-009    (1)   :  0.033 0.017 0.001 0.948 
259 SV0512a-010    (0)   :  0.035 0.721 0.007 0.236 
260 SV0512a-011    (0)   :  0.001 0.003 0.202 0.795 
261 SV0512a-013    (1)   :  0.628 0.365 0.002 0.006 
262 SV0512a-014    (6)   :  0.258 0.106 0.004 0.632 
263 SV0512a-016    (1)   :  0.033 0.795 0.002 0.170 
264 SV0512a-018    (4)   :  0.317 0.090 0.098 0.495 
265 SV0512a-021    (2)   :  0.022 0.022 0.014 0.942 
266 SV0512a-022    (0)   :  0.003 0.970 0.017 0.010 
267 SV0512a-023    (2)   :  0.020 0.943 0.002 0.035 
268 SV0512a-024    (0)   :  0.008 0.389 0.018 0.584 
269 SV0512a-025    (0)   :  0.145 0.487 0.002 0.366 
270 SV0512a-027    (0)   :  0.017 0.084 0.001 0.897 
271 SV0512a-028    (3)   :  0.201 0.602 0.044 0.153 
272 SV1013a-001    (0)   :  0.018 0.921 0.055 0.006 
273 SV1013a-002    (1)   :  0.128 0.184 0.002 0.686 
274 SV1013a-003    (0)   :  0.084 0.874 0.002 0.041 
275 SV1013a-005    (0)   :  0.008 0.958 0.022 0.013 
276 SV1013a-006    (0)   :  0.019 0.083 0.001 0.897 
277 SV1013a-007    (0)   :  0.018 0.155 0.002 0.826 
278 SV1013a-008    (0)   :  0.005 0.756 0.001 0.238 
279 SV1013a-009    (0)   :  0.016 0.925 0.043 0.016 
280 SV1013a-010    (1)   :  0.025 0.728 0.004 0.243 
281 SV1013a-011    (0)   :  0.095 0.045 0.001 0.858 
282 SV1013a-012    (0)   :  0.015 0.899 0.032 0.055 
283 SV1013a-013    (0)   :  0.079 0.227 0.003 0.691 
284 SV1013a-014    (0)   :  0.019 0.106 0.002 0.873 
285 SV1013a-015    (0)   :  0.015 0.139 0.002 0.845 
286 SV1013a-016    (0)   :  0.038 0.019 0.001 0.942 
287 SV1013a-017    (0)   :  0.214 0.048 0.019 0.718 
288 SV1013a-018    (0)   :  0.043 0.938 0.001 0.019 
289 SV1013a-019    (0)   :  0.008 0.969 0.014 0.009 
290 SV1013a-020    (0)   :  0.006 0.095 0.152 0.748 
291 SV1013a-021    (0)   :  0.017 0.539 0.001 0.443 
292 SV1013a-022    (1)   :  0.006 0.924 0.059 0.011 
293 SV1013a-023    (0)   :  0.036 0.735 0.010 0.219 
294 SV1013a-024    (0)   :  0.008 0.424 0.064 0.504 
295 SV812s-026    (1)   :  0.082 0.039 0.004 0.875 
296 SV812s-027    (0)   :  0.157 0.776 0.042 0.025 
297 SV812s-029    (0)   :  0.347 0.045 0.001 0.608 
298 SV812s-030    (0)   :  0.030 0.075 0.068 0.826 
299 SV812s-031    (0)   :  0.009 0.980 0.003 0.008 
300 SV812s-032    (0)   :  0.009 0.020 0.058 0.914 
301 SV812s-033    (0)   :  0.006 0.961 0.002 0.030 
302 SV812s-034    (0)   :  0.058 0.727 0.010 0.204 
303 SV812s-037    (0)   :  0.388 0.557 0.011 0.044 
304 SV812s-038    (0)   :  0.023 0.166 0.003 0.808 
305 SV812s-039    (0)   :  0.060 0.914 0.003 0.023 
306 SV812s-040    (0)   :  0.284 0.303 0.003 0.410 
307 SV812s-041    (0)   :  0.005 0.012 0.001 0.981 
308 SV812s-042    (0)   :  0.004 0.946 0.001 0.048 
309 SV812s-043    (1)   :  0.706 0.187 0.020 0.087 
310 SV812s-044    (0)   :  0.023 0.960 0.001 0.016 
311 SV812s-046    (0)   :  0.031 0.899 0.019 0.051 
312 SV812s-047    (0)   :  0.050 0.062 0.002 0.887 
313 SV812s-048    (1)   :  0.051 0.943 0.001 0.005 
314 SV812s-049    (0)   :  0.050 0.446 0.001 0.503 
315 SV812s-050    (1)   :  0.095 0.745 0.002 0.158 
316 SV812s-051    (0)   :  0.019 0.961 0.004 0.015 
317 SV812s-052    (0)   :  0.006 0.925 0.037 0.031 
318 SV912s-001    (1)   :  0.033 0.795 0.003 0.169 
319 SV912s-002    (0)   :  0.464 0.142 0.046 0.348 
320 SV912s-003    (0)   :  0.114 0.686 0.086 0.115 
321 SV912s-005    (1)   :  0.039 0.871 0.075 0.016 
322 SV912s-006    (1)   :  0.015 0.967 0.001 0.017 
323 SV912s-007    (0)   :  0.022 0.843 0.003 0.132 
324 SV912s-008    (1)   :  0.089 0.081 0.002 0.828 
325 SV912s-009    (0)   :  0.028 0.321 0.001 0.650 
326 SV912s-010    (1)   :  0.046 0.841 0.001 0.112 
327 SV912s-011    (1)   :  0.007 0.004 0.003 0.986 
328 SV912s-012    (1)   :  0.014 0.920 0.041 0.025 
329 SV912s-013    (0)   :  0.059 0.906 0.001 0.034 
330 SV912s-014    (1)   :  0.361 0.545 0.047 0.048 
331 SV912s-015    (0)   :  0.014 0.858 0.002 0.126 
332 SV912s-017    (0)   :  0.025 0.950 0.014 0.011 
333 SV912s-018    (1)   :  0.047 0.030 0.002 0.922 
334 SV912s-019    (1)   :  0.142 0.011 0.001 0.846 
335 SV912s-020    (1)   :  0.031 0.007 0.049 0.913 
336 SV912s-021    (0)   :  0.058 0.016 0.004 0.922 
337 SV912s-022    (0)   :  0.270 0.095 0.002 0.633 
338 SV912s-023    (0)   :  0.315 0.649 0.025 0.011 
339 SV912s-024    (0)   :  0.914 0.010 0.002 0.074 
340 SV912s-025    (1)   :  0.804 0.012 0.001 0.182 
341 TPZ0713-001    (1)   :  0.907 0.066 0.001 0.025 
342 TPZ0713-002    (1)   :  0.460 0.490 0.001 0.049 
343 TPZ0713-003    (0)   :  0.416 0.552 0.001 0.031 
344 TPZ0713-005    (0)   :  0.917 0.053 0.010 0.020 
345 TPZ0713-006    (1)   :  0.957 0.018 0.013 0.012 
346 TPZ0713-007    (1)   :  0.828 0.046 0.001 0.125 
347 TPZ0713-009    (1)   :  0.896 0.015 0.002 0.087 
348 TPZ0713-011    (1)   :  0.920 0.024 0.001 0.054 
349 TPZ0713-012    (1)   :  0.959 0.024 0.001 0.016 
350 TPZ0713-013    (0)   :  0.971 0.009 0.001 0.019 
351 TPZ0713-014    (1)   :  0.983 0.005 0.003 0.008 
352 TPZ0713-015    (0)   :  0.649 0.324 0.002 0.025 
353 TPZ0713-016    (0)   :  0.491 0.008 0.001 0.500 
354 TPZ0713-020    (1)   :  0.500 0.484 0.002 0.014 
355 TPZ0713-021    (1)   :  0.953 0.019 0.011 0.018 
356 TPZ0713-023    (0)   :  0.974 0.008 0.001 0.017 
357 TPZ0713-024    (1)   :  0.168 0.045 0.001 0.786 
358 TPZ0713-025    (1)   :  0.987 0.006 0.002 0.006 
359 TPZ0713-028    (1)   :  0.965 0.021 0.001 0.013 
360 TPZ0713-029    (1)   :  0.966 0.010 0.008 0.016 
361 WFM812s-049    (0)   :  0.105 0.468 0.001 0.426 
362 WFM812s-050    (1)   :  0.130 0.848 0.001 0.021 
363 WFM812s-051    (1)   :  0.007 0.968 0.001 0.025 
364 WFM812s-054    (0)   :  0.012 0.973 0.004 0.010 
365 WFM812s-056    (0)   :  0.014 0.007 0.002 0.977 
366 WFM812s-057    (1)   :  0.005 0.013 0.002 0.980 
367 WFM812s-058    (0)   :  0.034 0.006 0.003 0.957 
368 WFM812s-059    (0)   :  0.005 0.968 0.015 0.013 
369 WFM812s-060    (1)   :  0.002 0.769 0.216 0.012 
370 WFM812s-062    (0)   :  0.019 0.042 0.003 0.936 
371 WFM812s-063    (0)   :  0.177 0.780 0.003 0.040 
372 WFM812s-064    (0)   :  0.059 0.907 0.018 0.016 
373 WFM812s-065    (0)   :  0.015 0.965 0.002 0.018 
374 WFM812s-066    (0)   :  0.020 0.236 0.001 0.743 
375 WFM812s-067    (0)   :  0.053 0.509 0.006 0.432 
376 WFM812s-068    (1)   :  0.079 0.418 0.001 0.502 
377 WFM812s-069    (0)   :  0.166 0.708 0.001 0.125 
378 WFM812s-071    (0)   :  0.125 0.021 0.005 0.849 
379 WFM812s-072    (0)   :  0.006 0.088 0.008 0.898 
380 WFM812s-073    (1)   :  0.223 0.029 0.003 0.746 


Estimated Allele Frequencies in each cluster
First column gives estimated ancestral frequencies


Locus 1 : NC_035780.1:72 
2 alleles
1.1% missing data
   2   (0.799) 0.796 0.796 0.919 0.808 
   1   (0.201) 0.204 0.204 0.081 0.192 

Locus 2 : NC_035780.1:72 
2 alleles
1.1% missing data
   2   (0.890) 0.896 0.876 0.990 0.900 
   1   (0.110) 0.104 0.124 0.010 0.100 

Locus 3 : NC_035780.1:44 
2 alleles
0.3% missing data
   2   (0.930) 0.932 0.932 0.995 0.928 
   1   (0.070) 0.068 0.068 0.005 0.072 

Locus 4 : NC_035780.1:31 
2 alleles
0.0% missing data
   2   (0.903) 0.910 0.912 0.823 0.893 
   1   (0.097) 0.090 0.088 0.177 0.107 

Locus 5 : NC_035780.1:36 
2 alleles
0.0% missing data
   2   (0.669) 0.683 0.670 0.640 0.654 
   1   (0.331) 0.317 0.330 0.360 0.346 

Locus 6 : NC_035780.1:38 
2 alleles
0.0% missing data
   1   (0.177) 0.177 0.184 0.065 0.168 
   2   (0.823) 0.823 0.816 0.935 0.832 

Locus 7 : NC_035780.1:38 
2 alleles
0.0% missing data
   2   (0.788) 0.773 0.792 0.965 0.796 
   1   (0.212) 0.227 0.208 0.035 0.204 

Locus 8 : NC_035780.1:38 
2 alleles
0.0% missing data
   1   (0.111) 0.110 0.120 0.251 0.094 
   2   (0.889) 0.890 0.880 0.749 0.906 

Locus 9 : NC_035780.1:38 
2 alleles
0.0% missing data
   2   (0.913) 0.918 0.922 0.888 0.906 
   1   (0.087) 0.082 0.078 0.112 0.094 

Locus 10 : NC_035780.1:41 
2 alleles
3.2% missing data
   2   (0.828) 0.821 0.811 0.883 0.858 
   1   (0.172) 0.179 0.189 0.117 0.142 

Locus 11 : NC_035780.1:44 
2 alleles
0.0% missing data
   2   (0.901) 0.875 0.909 0.993 0.914 
   1   (0.099) 0.125 0.091 0.007 0.086 

Locus 12 : NC_035780.1:44 
2 alleles
0.0% missing data
   2   (0.903) 0.905 0.903 0.993 0.904 
   1   (0.097) 0.095 0.097 0.007 0.096 

Locus 13 : NC_035780.1:54 
2 alleles
3.7% missing data
   2   (0.911) 0.922 0.909 0.993 0.903 
   1   (0.089) 0.078 0.091 0.007 0.097 

Locus 14 : NC_035780.1:55 
2 alleles
0.3% missing data
   2   (0.932) 0.937 0.933 0.995 0.928 
   1   (0.068) 0.063 0.067 0.005 0.072 

Locus 15 : NC_035780.1:59 
2 alleles
0.0% missing data
   1   (0.405) 0.398 0.401 0.342 0.418 
   2   (0.595) 0.602 0.599 0.658 0.582 

Locus 16 : NC_035780.1:84 
2 alleles
1.8% missing data
   2   (0.910) 0.916 0.902 0.992 0.915 
   1   (0.090) 0.084 0.098 0.008 0.085 

Locus 17 : NC_035780.1:90 
2 alleles
1.3% missing data
   2   (0.913) 0.922 0.907 0.959 0.916 
   1   (0.087) 0.078 0.093 0.041 0.084 

Locus 18 : NC_035780.1:90 
2 alleles
1.3% missing data
   2   (0.936) 0.918 0.947 0.995 0.938 
   1   (0.064) 0.082 0.053 0.005 0.062 

Locus 19 : NC_035780.1:98 
2 alleles
0.0% missing data
   2   (0.845) 0.843 0.852 0.989 0.836 
   1   (0.155) 0.157 0.148 0.011 0.164 

Locus 20 : NC_035780.1:98 
2 alleles
0.0% missing data
   1   (0.492) 0.499 0.473 0.297 0.512 
   2   (0.508) 0.501 0.527 0.703 0.488 

Locus 21 : NC_035780.1:98 
2 alleles
0.0% missing data
   2   (0.819) 0.824 0.835 0.794 0.799 
   1   (0.181) 0.176 0.165 0.206 0.201 

Locus 22 : NC_035780.1:10 
2 alleles
3.9% missing data
   1   (0.266) 0.268 0.272 0.211 0.254 
   2   (0.734) 0.732 0.728 0.789 0.746 

Locus 23 : NC_035780.1:11 
2 alleles
0.0% missing data
   1   (0.157) 0.163 0.144 0.202 0.160 
   2   (0.843) 0.837 0.856 0.798 0.840 

Locus 24 : NC_035780.1:13 
2 alleles
0.0% missing data
   1   (0.195) 0.183 0.191 0.013 0.219 
   2   (0.805) 0.817 0.809 0.987 0.781 

Locus 25 : NC_035780.1:13 
2 alleles
0.0% missing data
   2   (0.723) 0.710 0.721 0.468 0.747 
   1   (0.277) 0.290 0.279 0.532 0.253 

Locus 26 : NC_035780.1:15 
2 alleles
0.3% missing data
   2   (0.944) 0.946 0.937 0.821 0.957 
   1   (0.056) 0.054 0.063 0.179 0.043 

Locus 27 : NC_035780.1:16 
2 alleles
0.0% missing data
   2   (0.911) 0.911 0.921 0.677 0.908 
   1   (0.089) 0.089 0.079 0.323 0.092 

Locus 28 : NC_035780.1:16 
2 alleles
0.0% missing data
   1   (0.171) 0.148 0.185 0.018 0.181 
   2   (0.829) 0.852 0.815 0.982 0.819 

Locus 29 : NC_035780.1:16 
2 alleles
5.8% missing data
   2   (0.925) 0.944 0.917 0.868 0.920 
   1   (0.075) 0.056 0.083 0.132 0.080 

Locus 30 : NC_035780.1:16 
2 alleles
5.8% missing data
   2   (0.941) 0.953 0.939 0.871 0.939 
   1   (0.059) 0.047 0.061 0.129 0.061 

Locus 31 : NC_035780.1:17 
2 alleles
0.0% missing data
   2   (0.905) 0.920 0.892 0.872 0.910 
   1   (0.095) 0.080 0.108 0.128 0.090 

Locus 32 : NC_035780.1:18 
2 alleles
0.3% missing data
   2   (0.922) 0.927 0.921 0.989 0.922 
   1   (0.078) 0.073 0.079 0.011 0.078 

Locus 33 : NC_035780.1:18 
2 alleles
1.3% missing data
   2   (0.940) 0.940 0.942 0.805 0.945 
   1   (0.060) 0.060 0.058 0.195 0.055 

Locus 34 : NC_035780.1:19 
2 alleles
0.0% missing data
   1   (0.283) 0.271 0.296 0.128 0.280 
   2   (0.717) 0.729 0.704 0.872 0.720 

Locus 35 : NC_035780.1:20 
2 alleles
0.5% missing data
   1   (0.459) 0.451 0.453 0.208 0.480 
   2   (0.541) 0.549 0.547 0.792 0.520 

Locus 36 : NC_035780.1:22 
2 alleles
1.6% missing data
   1   (0.209) 0.198 0.206 0.070 0.222 
   2   (0.791) 0.802 0.794 0.930 0.778 

Locus 37 : NC_035780.1:22 
2 alleles
1.6% missing data
   2   (0.879) 0.861 0.888 0.991 0.885 
   1   (0.121) 0.139 0.112 0.009 0.115 

Locus 38 : NC_035780.1:24 
2 alleles
0.0% missing data
   1   (0.465) 0.451 0.462 0.686 0.480 
   2   (0.535) 0.549 0.538 0.314 0.520 

Locus 39 : NC_035780.1:24 
2 alleles
0.0% missing data
   2   (0.860) 0.860 0.863 0.854 0.862 
   1   (0.140) 0.140 0.137 0.146 0.138 

Locus 40 : NC_035780.1:24 
2 alleles
0.0% missing data
   2   (0.891) 0.906 0.897 0.929 0.875 
   1   (0.109) 0.094 0.103 0.071 0.125 

Locus 41 : NC_035780.1:25 
2 alleles
0.3% missing data
   2   (0.817) 0.838 0.790 0.969 0.823 
   1   (0.183) 0.162 0.210 0.031 0.177 

Locus 42 : NC_035780.1:26 
2 alleles
0.8% missing data
   1   (0.351) 0.368 0.353 0.351 0.332 
   2   (0.649) 0.632 0.647 0.649 0.668 

Locus 43 : NC_035780.1:26 
2 alleles
0.8% missing data
   2   (0.817) 0.843 0.794 0.785 0.823 
   1   (0.183) 0.157 0.206 0.215 0.177 

Locus 44 : NC_035780.1:26 
2 alleles
0.0% missing data
   1   (0.298) 0.291 0.303 0.491 0.292 
   2   (0.702) 0.709 0.697 0.509 0.708 

Locus 45 : NC_035780.1:27 
2 alleles
0.0% missing data
   2   (0.909) 0.913 0.915 0.929 0.904 
   1   (0.091) 0.087 0.085 0.071 0.096 

Locus 46 : NC_035780.1:27 
2 alleles
0.0% missing data
   2   (0.962) 0.960 0.963 0.998 0.968 
   1   (0.038) 0.040 0.037 0.002 0.032 

Locus 47 : NC_035780.1:27 
2 alleles
3.4% missing data
   2   (0.870) 0.877 0.866 0.990 0.868 
   1   (0.130) 0.123 0.134 0.010 0.132 

Locus 48 : NC_035780.1:27 
2 alleles
3.4% missing data
   2   (0.879) 0.887 0.883 0.672 0.874 
   1   (0.121) 0.113 0.117 0.328 0.126 

Locus 49 : NC_035780.1:28 
2 alleles
3.9% missing data
   2   (0.960) 0.970 0.947 0.613 0.972 
   1   (0.040) 0.030 0.053 0.387 0.028 

Locus 50 : NC_035780.1:28 
2 alleles
3.9% missing data
   2   (0.912) 0.908 0.913 0.993 0.914 
   1   (0.088) 0.092 0.087 0.007 0.086 

Locus 51 : NC_035780.1:28 
2 alleles
0.0% missing data
   1   (0.486) 0.522 0.482 0.265 0.457 
   2   (0.514) 0.478 0.518 0.735 0.543 

Locus 52 : NC_035780.1:28 
2 alleles
0.0% missing data
   2   (0.907) 0.914 0.892 0.866 0.924 
   1   (0.093) 0.086 0.108 0.134 0.076 

Locus 53 : NC_035780.1:28 
2 alleles
1.1% missing data
   1   (0.178) 0.174 0.183 0.333 0.170 
   2   (0.822) 0.826 0.817 0.667 0.830 

Locus 54 : NC_035780.1:29 
2 alleles
0.0% missing data
   1   (0.197) 0.192 0.213 0.057 0.182 
   2   (0.803) 0.808 0.787 0.943 0.818 

Locus 55 : NC_035780.1:29 
2 alleles
0.0% missing data
   2   (0.943) 0.947 0.948 0.726 0.945 
   1   (0.057) 0.053 0.052 0.274 0.055 

Locus 56 : NC_035780.1:29 
2 alleles
0.0% missing data
   2   (0.830) 0.846 0.826 0.814 0.824 
   1   (0.170) 0.154 0.174 0.186 0.176 

Locus 57 : NC_035780.1:29 
2 alleles
0.0% missing data
   2   (0.905) 0.919 0.901 0.994 0.896 
   1   (0.095) 0.081 0.099 0.006 0.104 

Locus 58 : NC_035780.1:30 
2 alleles
0.3% missing data
   2   (0.932) 0.928 0.934 0.996 0.937 
   1   (0.068) 0.072 0.066 0.004 0.063 

Locus 59 : NC_035780.1:31 
2 alleles
0.8% missing data
   2   (0.893) 0.890 0.890 0.992 0.898 
   1   (0.107) 0.110 0.110 0.008 0.102 

Locus 60 : NC_035780.1:31 
2 alleles
0.8% missing data
   2   (0.638) 0.652 0.632 0.439 0.638 
   1   (0.362) 0.348 0.368 0.561 0.362 

Locus 61 : NC_035780.1:32 
2 alleles
0.0% missing data
   1   (0.366) 0.393 0.351 0.482 0.353 
   2   (0.634) 0.607 0.649 0.518 0.647 

Locus 62 : NC_035780.1:32 
2 alleles
0.0% missing data
   2   (0.727) 0.734 0.734 0.620 0.717 
   1   (0.273) 0.266 0.266 0.380 0.283 

Locus 63 : NC_035780.1:33 
2 alleles
3.4% missing data
   2   (0.946) 0.948 0.951 0.996 0.944 
   1   (0.054) 0.052 0.049 0.004 0.056 

Locus 64 : NC_035780.1:33 
2 alleles
3.4% missing data
   2   (0.830) 0.840 0.827 0.418 0.832 
   1   (0.170) 0.160 0.173 0.582 0.168 

Locus 65 : NC_035780.1:37 
2 alleles
0.3% missing data
   2   (0.920) 0.915 0.926 0.889 0.926 
   1   (0.080) 0.085 0.074 0.111 0.074 

Locus 66 : NC_035780.1:37 
2 alleles
0.3% missing data
   2   (0.874) 0.876 0.881 0.991 0.864 
   1   (0.126) 0.124 0.119 0.009 0.136 

Locus 67 : NC_035780.1:37 
2 alleles
0.0% missing data
   2   (0.922) 0.917 0.926 0.995 0.922 
   1   (0.078) 0.083 0.074 0.005 0.078 

Locus 68 : NC_035780.1:37 
2 alleles
0.0% missing data
   2   (0.803) 0.793 0.806 0.877 0.812 
   1   (0.197) 0.207 0.194 0.123 0.188 

Locus 69 : NC_035780.1:37 
2 alleles
0.0% missing data
   1   (0.141) 0.133 0.141 0.053 0.145 
   2   (0.859) 0.867 0.859 0.947 0.855 

Locus 70 : NC_035780.1:39 
2 alleles
0.0% missing data
   2   (0.925) 0.910 0.941 0.994 0.921 
   1   (0.075) 0.090 0.059 0.006 0.079 

Locus 71 : NC_035780.1:39 
2 alleles
0.0% missing data
   2   (0.844) 0.848 0.840 0.934 0.848 
   1   (0.156) 0.152 0.160 0.066 0.152 

Locus 72 : NC_035780.1:39 
2 alleles
0.0% missing data
   1   (0.307) 0.308 0.300 0.592 0.306 
   2   (0.693) 0.692 0.700 0.408 0.694 

Locus 73 : NC_035780.1:39 
2 alleles
0.0% missing data
   1   (0.131) 0.133 0.127 0.017 0.134 
   2   (0.869) 0.867 0.873 0.983 0.866 

Locus 74 : NC_035780.1:39 
2 alleles
2.9% missing data
   2   (0.668) 0.670 0.666 0.589 0.675 
   1   (0.332) 0.330 0.334 0.411 0.325 

Locus 75 : NC_035780.1:39 
2 alleles
0.3% missing data
   2   (0.878) 0.887 0.874 0.732 0.883 
   1   (0.122) 0.113 0.126 0.268 0.117 

Locus 76 : NC_035780.1:39 
2 alleles
0.3% missing data
   2   (0.885) 0.880 0.892 0.987 0.884 
   1   (0.115) 0.120 0.108 0.013 0.116 

Locus 77 : NC_035780.1:39 
2 alleles
0.3% missing data
   2   (0.538) 0.518 0.556 0.662 0.533 
   1   (0.462) 0.482 0.444 0.338 0.467 

Locus 78 : NC_035780.1:39 
2 alleles
0.3% missing data
   2   (0.970) 0.971 0.969 0.998 0.974 
   1   (0.030) 0.029 0.031 0.002 0.026 

Locus 79 : NC_035780.1:51 
2 alleles
0.3% missing data
   2   (0.963) 0.966 0.958 0.998 0.969 
   1   (0.037) 0.034 0.042 0.002 0.031 

Locus 80 : NC_035780.1:51 
2 alleles
1.3% missing data
   1   (0.325) 0.321 0.318 0.404 0.332 
   2   (0.675) 0.679 0.682 0.596 0.668 

Locus 81 : NC_035780.1:55 
2 alleles
0.0% missing data
   2   (0.905) 0.902 0.912 0.994 0.899 
   1   (0.095) 0.098 0.088 0.006 0.101 

Locus 82 : NC_035780.1:55 
2 alleles
2.1% missing data
   2   (0.780) 0.770 0.787 0.612 0.790 
   1   (0.220) 0.230 0.213 0.388 0.210 

Locus 83 : NC_035780.1:55 
2 alleles
0.5% missing data
   2   (0.856) 0.851 0.872 0.923 0.846 
   1   (0.144) 0.149 0.128 0.077 0.154 

Locus 84 : NC_035780.1:57 
2 alleles
0.0% missing data
   2   (0.949) 0.959 0.946 0.769 0.952 
   1   (0.051) 0.041 0.054 0.231 0.048 

Locus 85 : NC_035780.1:63 
2 alleles
2.1% missing data
   2   (0.947) 0.938 0.952 0.817 0.959 
   1   (0.053) 0.062 0.048 0.183 0.041 

Locus 86 : NC_035780.1:63 
2 alleles
1.3% missing data
   2   (0.896) 0.909 0.897 0.961 0.885 
   1   (0.104) 0.091 0.103 0.039 0.115 

Locus 87 : NC_035780.1:63 
2 alleles
1.3% missing data
   2   (0.735) 0.726 0.744 0.565 0.741 
   1   (0.265) 0.274 0.256 0.435 0.259 

Locus 88 : NC_035780.1:65 
2 alleles
0.0% missing data
   2   (0.860) 0.871 0.857 0.918 0.859 
   1   (0.140) 0.129 0.143 0.082 0.141 

Locus 89 : NC_035780.1:65 
2 alleles
0.0% missing data
   2   (0.960) 0.968 0.951 0.874 0.969 
   1   (0.040) 0.032 0.049 0.126 0.031 

Locus 90 : NC_035780.1:65 
2 alleles
0.0% missing data
   1   (0.232) 0.246 0.222 0.083 0.229 
   2   (0.768) 0.754 0.778 0.917 0.771 

Locus 91 : NC_035780.1:65 
2 alleles
0.0% missing data
   1   (0.253) 0.264 0.225 0.167 0.273 
   2   (0.747) 0.736 0.775 0.833 0.727 

Locus 92 : NC_035780.1:70 
2 alleles
2.4% missing data
   2   (0.921) 0.929 0.919 0.875 0.925 
   1   (0.079) 0.071 0.081 0.125 0.075 

Locus 93 : NC_035780.1:70 
2 alleles
0.3% missing data
   2   (0.957) 0.947 0.960 0.751 0.970 
   1   (0.043) 0.053 0.040 0.249 0.030 

Locus 94 : NC_035780.1:70 
2 alleles
0.3% missing data
   1   (0.210) 0.207 0.193 0.218 0.230 
   2   (0.790) 0.793 0.807 0.782 0.770 

Locus 95 : NC_035780.1:71 
2 alleles
1.6% missing data
   1   (0.416) 0.419 0.411 0.311 0.422 
   2   (0.584) 0.581 0.589 0.689 0.578 

Locus 96 : NC_035780.1:72 
2 alleles
0.0% missing data
   2   (0.932) 0.905 0.941 0.988 0.947 
   1   (0.068) 0.095 0.059 0.012 0.053 

Locus 97 : NC_035780.1:74 
2 alleles
1.1% missing data
   2   (0.947) 0.941 0.954 0.697 0.954 
   1   (0.053) 0.059 0.046 0.303 0.046 

Locus 98 : NC_035780.1:75 
2 alleles
0.5% missing data
   2   (0.796) 0.812 0.786 0.871 0.792 
   1   (0.204) 0.188 0.214 0.129 0.208 

Locus 99 : NC_035780.1:75 
2 alleles
0.5% missing data
   2   (0.866) 0.854 0.870 0.744 0.882 
   1   (0.134) 0.146 0.130 0.256 0.118 

Locus 100 : NC_035780.1:75 
2 alleles
1.1% missing data
   2   (0.927) 0.939 0.920 0.994 0.925 
   1   (0.073) 0.061 0.080 0.006 0.075 

Locus 101 : NC_035780.1:75 
2 alleles
0.0% missing data
   1   (0.471) 0.465 0.470 0.703 0.474 
   2   (0.529) 0.535 0.530 0.297 0.526 

Locus 102 : NC_035780.1:75 
2 alleles
0.3% missing data
   2   (0.900) 0.911 0.897 0.756 0.900 
   1   (0.100) 0.089 0.103 0.244 0.100 

Locus 103 : NC_035780.1:76 
2 alleles
2.9% missing data
   1   (0.336) 0.349 0.320 0.612 0.334 
   2   (0.664) 0.651 0.680 0.388 0.666 

Locus 104 : NC_035780.1:76 
2 alleles
2.9% missing data
   2   (0.935) 0.918 0.936 0.995 0.949 
   1   (0.065) 0.082 0.064 0.005 0.051 

Locus 105 : NC_035780.1:77 
2 alleles
4.5% missing data
   2   (0.848) 0.884 0.841 0.926 0.816 
   1   (0.152) 0.116 0.159 0.074 0.184 

Locus 106 : NC_035780.1:77 
2 alleles
4.5% missing data
   2   (0.902) 0.896 0.908 0.662 0.909 
   1   (0.098) 0.104 0.092 0.338 0.091 

Locus 107 : NC_035780.1:79 
2 alleles
0.0% missing data
   2   (0.925) 0.926 0.934 0.869 0.921 
   1   (0.075) 0.074 0.066 0.131 0.079 

Locus 108 : NC_035780.1:81 
2 alleles
0.0% missing data
   1   (0.459) 0.448 0.486 0.119 0.446 
   2   (0.541) 0.552 0.514 0.881 0.554 

Locus 109 : NC_035780.1:81 
2 alleles
0.0% missing data
   2   (0.880) 0.865 0.882 0.960 0.894 
   1   (0.120) 0.135 0.118 0.040 0.106 

Locus 110 : NC_035780.1:81 
2 alleles
0.0% missing data
   1   (0.380) 0.373 0.369 0.442 0.398 
   2   (0.620) 0.627 0.631 0.558 0.602 

Locus 111 : NC_035780.1:82 
2 alleles
0.0% missing data
   2   (0.925) 0.923 0.929 0.906 0.930 
   1   (0.075) 0.077 0.071 0.094 0.070 

Locus 112 : NC_035780.1:83 
2 alleles
3.4% missing data
   1   (0.162) 0.155 0.173 0.011 0.160 
   2   (0.838) 0.845 0.827 0.989 0.840 

Locus 113 : NC_035780.1:83 
2 alleles
3.4% missing data
   2   (0.935) 0.947 0.926 0.996 0.936 
   1   (0.065) 0.053 0.074 0.004 0.064 

Locus 114 : NC_035780.1:83 
2 alleles
0.0% missing data
   2   (0.931) 0.936 0.926 0.933 0.939 
   1   (0.069) 0.064 0.074 0.067 0.061 

Locus 115 : NC_035780.1:83 
2 alleles
0.0% missing data
   2   (0.876) 0.873 0.884 0.597 0.879 
   1   (0.124) 0.127 0.116 0.403 0.121 

Locus 116 : NC_035780.1:84 
2 alleles
0.0% missing data
   2   (0.907) 0.906 0.917 0.720 0.904 
   1   (0.093) 0.094 0.083 0.280 0.096 

Locus 117 : NC_035780.1:85 
2 alleles
0.3% missing data
   2   (0.888) 0.881 0.893 0.883 0.897 
   1   (0.112) 0.119 0.107 0.117 0.103 

Locus 118 : NC_035780.1:85 
2 alleles
0.3% missing data
   2   (0.582) 0.567 0.595 0.857 0.579 
   1   (0.418) 0.433 0.405 0.143 0.421 

Locus 119 : NC_035780.1:86 
2 alleles
0.0% missing data
   2   (0.911) 0.926 0.900 0.882 0.914 
   1   (0.089) 0.074 0.100 0.118 0.086 

Locus 120 : NC_035780.1:86 
2 alleles
0.0% missing data
   2   (0.594) 0.564 0.625 0.697 0.585 
   1   (0.406) 0.436 0.375 0.303 0.415 

Locus 121 : NC_035780.1:86 
2 alleles
0.0% missing data
   2   (0.959) 0.961 0.963 0.997 0.957 
   1   (0.041) 0.039 0.037 0.003 0.043 

Locus 122 : NC_035780.1:86 
2 alleles
0.0% missing data
   2   (0.954) 0.951 0.958 0.996 0.957 
   1   (0.046) 0.049 0.042 0.004 0.043 

Locus 123 : NC_035780.1:86 
2 alleles
0.0% missing data
   1   (0.184) 0.178 0.179 0.088 0.194 
   2   (0.816) 0.822 0.821 0.912 0.806 

Locus 124 : NC_035780.1:86 
2 alleles
0.0% missing data
   2   (0.914) 0.920 0.911 0.961 0.919 
   1   (0.086) 0.080 0.089 0.039 0.081 

Locus 125 : NC_035780.1:86 
2 alleles
0.0% missing data
   1   (0.155) 0.144 0.154 0.099 0.162 
   2   (0.845) 0.856 0.846 0.901 0.838 

Locus 126 : NC_035780.1:86 
2 alleles
0.0% missing data
   2   (0.910) 0.912 0.915 0.753 0.911 
   1   (0.090) 0.088 0.085 0.247 0.089 

Locus 127 : NC_035780.1:86 
2 alleles
0.0% missing data
   1   (0.177) 0.180 0.171 0.044 0.179 
   2   (0.823) 0.820 0.829 0.956 0.821 

Locus 128 : NC_035780.1:86 
2 alleles
0.0% missing data
   2   (0.908) 0.905 0.909 0.884 0.916 
   1   (0.092) 0.095 0.091 0.116 0.084 

Locus 129 : NC_035780.1:87 
2 alleles
0.3% missing data
   2   (0.800) 0.792 0.804 0.707 0.808 
   1   (0.200) 0.208 0.196 0.293 0.192 

Locus 130 : NC_035780.1:87 
2 alleles
0.0% missing data
