

----------------------------------------------------
STRUCTURE by Pritchard, Stephens and Donnelly (2000)
     and Falush, Stephens and Pritchard (2003)
       Code by Pritchard, Falush and Hubisz
             Version 2.3.4 (Jul 2012)
----------------------------------------------------



Command line arguments:   /programs/structure_2_3_4/bin/structure -K 3 -i /workdir/yc2644/CV_NYC_ddRAD/structure/n380_all_cor/threader_input/n380_all_SNP.DP3g95p10maf05.HWE.mod.biallelic.all_exGRV.n396_indep_50_1_0.2_pruned.nochr156invers.n380_refil.recode.strct_in -o /workdir/yc2644/CV_NYC_ddRAD/structure/n380_all_cor/str_K3_rep10 -D 4070331 -m /workdir/yc2644/CV_NYC_ddRAD/structure/n380_all_cor/threader_input/mainparams -e /workdir/yc2644/CV_NYC_ddRAD/structure/n380_all_cor/threader_input/extraparams 
Input File:    /workdir/yc2644/CV_NYC_ddRAD/structure/n380_all_cor/threader_input/n380_all_SNP.DP3g95p10maf05.HWE.mod.biallelic.all_exGRV.n396_indep_50_1_0.2_pruned.nochr156invers.n380_refil.recode.strct_in

Run parameters:
   380 individuals
   5625 loci
   3 populations assumed
   10000 Burn-in period
   20000 Reps
RANDOMIZE turned off


--------------------------------------------
Overall proportion of membership of the
sample in each of the 3 clusters

Inferred Clusters
  1      2      3    
0.431  0.077  0.492  

--------------------------------------------

Allele-freq. divergence among pops (Net nucleotide distance),
computed using point estimates of P.

      1       2       3      
 1      -    0.0227  0.0003  
 2   0.0227     -    0.0232  
 3   0.0003  0.0232     -    

Average distances (expected heterozygosity) between individuals in same cluster:
cluster  1  : 0.2554 
cluster  2  : 0.2216 
cluster  3  : 0.2544 

--------------------------------------------
Estimated Ln Prob of Data   = -1711644.8
Mean value of ln likelihood = -1705847.3
Variance of ln likelihood   = 11595.1
Mean value of alpha         = 0.0671

Mean value of Fst_1         = 0.0026
Mean value of Fst_2         = 0.2117
Mean value of Fst_3         = 0.0040


Inferred ancestry of individuals:
        Label (%Miss) :  Inferred clusters
  1 AB812s-002    (1)   :  0.974 0.003 0.023 
  2 AB812s-004    (0)   :  0.967 0.003 0.030 
  3 AB812s-005    (0)   :  0.963 0.025 0.012 
  4 AB812s-008    (1)   :  0.984 0.006 0.009 
  5 AB812s-009    (1)   :  0.045 0.003 0.951 
  6 AB812s-011    (0)   :  0.911 0.008 0.080 
  7 AB812s-012    (1)   :  0.842 0.001 0.156 
  8 AB812s-013    (0)   :  0.988 0.001 0.011 
  9 AB812s-014    (0)   :  0.951 0.001 0.048 
 10 AB812s-015    (0)   :  0.898 0.002 0.100 
 11 AB812s-017    (0)   :  0.976 0.002 0.022 
 12 AB812s-018    (0)   :  0.876 0.007 0.117 
 13 AB812s-019    (1)   :  0.938 0.002 0.060 
 14 AB812s-020    (1)   :  0.949 0.002 0.049 
 15 AB812s-021    (1)   :  0.916 0.002 0.081 
 16 AB812s-022    (0)   :  0.723 0.017 0.260 
 17 AB812s-024    (0)   :  0.907 0.007 0.086 
 18 AB812s-027    (0)   :  0.865 0.132 0.003 
 19 AB812s-029    (0)   :  0.836 0.016 0.148 
 20 AB812s-030    (0)   :  0.084 0.004 0.912 
 21 AB812s-031    (0)   :  0.149 0.072 0.779 
 22 AB812s-032    (0)   :  0.762 0.020 0.217 
 23 FI1012-001    (1)   :  0.000 1.000 0.000 
 24 FI1012-001r    (0)   :  0.000 1.000 0.000 
 25 FI1012-002    (0)   :  0.000 1.000 0.000 
 26 FI1012-005    (1)   :  0.001 0.998 0.001 
 27 FI1012-007    (1)   :  0.001 0.999 0.001 
 28 FI1012-010    (1)   :  0.000 1.000 0.000 
 29 FI1012-011    (1)   :  0.007 0.987 0.006 
 30 FI1012-012    (1)   :  0.000 1.000 0.000 
 31 FI1012-013    (0)   :  0.000 1.000 0.000 
 32 FI1012-014    (1)   :  0.000 1.000 0.000 
 33 FI1012-016    (1)   :  0.000 1.000 0.000 
 34 FI1012-019    (1)   :  0.009 0.985 0.007 
 35 FI1012-020    (0)   :  0.000 1.000 0.000 
 36 FIS1013a-00    (1)   :  0.080 0.891 0.030 
 37 FIS1013a-00    (1)   :  0.033 0.931 0.036 
 38 FIS1013a-00    (0)   :  0.285 0.714 0.001 
 39 FIS1013a-00    (1)   :  0.025 0.954 0.021 
 40 FIS1013a-00    (1)   :  0.137 0.843 0.020 
 41 FIS1013a-01    (0)   :  0.076 0.899 0.025 
 42 FIS1013a-01    (0)   :  0.093 0.886 0.020 
 43 FIS1013a-01    (1)   :  0.199 0.796 0.005 
 44 FIS1013a-01    (1)   :  0.298 0.700 0.003 
 45 FIS1013a-01    (1)   :  0.029 0.958 0.014 
 46 FIS1013a-02    (1)   :  0.004 0.993 0.003 
 47 FIS1013a-02    (1)   :  0.011 0.857 0.133 
 48 FIS1013a-02    (1)   :  0.087 0.877 0.037 
 49 FIS1013a-02    (1)   :  0.065 0.908 0.027 
 50 HH0512a-001    (1)   :  0.012 0.001 0.987 
 51 HH0512a-002    (0)   :  0.003 0.001 0.996 
 52 HH0512a-004    (0)   :  0.168 0.002 0.830 
 53 HH0512a-006    (0)   :  0.025 0.001 0.974 
 54 HH0512a-007    (1)   :  0.024 0.002 0.974 
 55 HH0512a-009    (0)   :  0.754 0.002 0.244 
 56 HH0512a-010    (0)   :  0.743 0.000 0.257 
 57 HH0512a-012    (0)   :  0.117 0.002 0.882 
 58 HH0512a-013    (1)   :  0.107 0.008 0.886 
 59 HH0512a-015    (0)   :  0.652 0.001 0.347 
 60 HH0512a-017    (0)   :  0.423 0.010 0.567 
 61 HH0512a-018    (1)   :  0.010 0.001 0.990 
 62 HH0512a-020    (1)   :  0.043 0.000 0.957 
 63 HH0512a-021    (1)   :  0.018 0.001 0.981 
 64 HH0512a-022    (0)   :  0.018 0.002 0.980 
 65 HH0512a-023    (0)   :  0.063 0.001 0.936 
 66 HH0512a-029    (0)   :  0.007 0.005 0.988 
 67 HH1013a-001    (1)   :  0.010 0.001 0.989 
 68 HH1013a-002    (0)   :  0.602 0.001 0.397 
 69 HH1013a-003    (0)   :  0.017 0.009 0.975 
 70 HH1013a-005    (0)   :  0.014 0.003 0.984 
 71 HH1013a-006    (0)   :  0.198 0.002 0.800 
 72 HH1013a-007    (0)   :  0.005 0.001 0.994 
 73 HH1013a-009    (0)   :  0.037 0.003 0.959 
 74 HH1013a-010    (0)   :  0.010 0.004 0.986 
 75 HH1013a-011    (1)   :  0.012 0.001 0.987 
 76 HH1013a-012    (0)   :  0.030 0.001 0.969 
 77 HH1013a-013    (0)   :  0.970 0.001 0.029 
 78 HH1013a-014    (1)   :  0.475 0.001 0.524 
 79 HH1013a-015    (1)   :  0.068 0.002 0.930 
 80 HH1013a-016    (0)   :  0.007 0.005 0.988 
 81 HH1013a-017    (0)   :  0.142 0.002 0.857 
 82 HH1013a-018    (1)   :  0.017 0.011 0.972 
 83 HH1013a-019    (0)   :  0.013 0.003 0.984 
 84 HH1013a-020    (0)   :  0.448 0.001 0.552 
 85 HH1013a-021    (0)   :  0.070 0.002 0.929 
 86 HH1013a-022    (0)   :  0.802 0.009 0.189 
 87 HH1013a-023    (1)   :  0.020 0.002 0.978 
 88 HH1013a-024    (1)   :  0.020 0.004 0.976 
 89 HH1013s-001    (1)   :  0.104 0.006 0.890 
 90 HH1013s-002    (1)   :  0.046 0.003 0.951 
 91 HH1013s-003    (0)   :  0.930 0.005 0.065 
 92 HH1013s-005    (1)   :  0.062 0.001 0.938 
 93 HH1013s-006    (1)   :  0.040 0.003 0.957 
 94 HH1013s-007    (0)   :  0.048 0.001 0.951 
 95 HH1013s-008    (0)   :  0.016 0.001 0.984 
 96 HH1013s-009    (1)   :  0.053 0.001 0.945 
 97 HH1013s-010    (1)   :  0.015 0.001 0.984 
 98 HH1013s-011    (1)   :  0.006 0.004 0.990 
 99 HH1013s-012    (1)   :  0.063 0.001 0.937 
100 HH1013s-013    (0)   :  0.020 0.001 0.980 
101 HH1013s-014    (0)   :  0.042 0.001 0.957 
102 HH1013s-016    (1)   :  0.044 0.001 0.954 
103 HH1013s-017    (1)   :  0.019 0.003 0.978 
104 HH1013s-018    (1)   :  0.086 0.001 0.913 
105 HH1013s-019    (0)   :  0.338 0.001 0.660 
106 HH1013s-020    (0)   :  0.026 0.004 0.970 
107 HH1013s-021    (1)   :  0.017 0.001 0.982 
108 HH1013s-022    (0)   :  0.041 0.000 0.958 
109 HH1013s-023    (0)   :  0.045 0.003 0.952 
110 HH1013s-024    (0)   :  0.016 0.002 0.982 
111 HH1013s-025    (1)   :  0.012 0.011 0.976 
112 HH812s-001    (1)   :  0.018 0.003 0.979 
113 HH812s-003    (1)   :  0.090 0.005 0.906 
114 HH812s-006    (0)   :  0.013 0.002 0.985 
115 HH812s-010    (1)   :  0.008 0.003 0.989 
116 HH812s-013    (0)   :  0.018 0.008 0.974 
117 HH812s-018    (0)   :  0.289 0.001 0.710 
118 HH812s-019    (1)   :  0.414 0.021 0.565 
119 HH812s-024    (0)   :  0.007 0.001 0.992 
120 HH812s-025    (0)   :  0.023 0.002 0.975 
121 HH812s-030    (0)   :  0.080 0.017 0.903 
122 HH812s-035    (0)   :  0.008 0.001 0.991 
123 HH812s-036    (1)   :  0.027 0.001 0.972 
124 HH812s-037    (0)   :  0.067 0.001 0.933 
125 HH812s-039    (1)   :  0.378 0.001 0.621 
126 HH812s-040    (0)   :  0.092 0.001 0.907 
127 HH812s-042    (0)   :  0.011 0.001 0.988 
128 HH812s-046    (0)   :  0.005 0.002 0.993 
129 HH812s-048    (0)   :  0.009 0.001 0.990 
130 HH812s-050    (1)   :  0.010 0.002 0.987 
131 HH812s-052    (1)   :  0.079 0.004 0.916 
132 HH812s-054    (1)   :  0.070 0.001 0.928 
133 HH812s-056    (1)   :  0.023 0.011 0.966 
134 HH912s-109    (0)   :  0.029 0.002 0.969 
135 HH912s-110    (0)   :  0.044 0.001 0.955 
136 HH912s-111    (0)   :  0.027 0.002 0.971 
137 HH912s-113    (0)   :  0.067 0.001 0.932 
138 HH912s-114    (0)   :  0.512 0.001 0.487 
139 HH912s-115    (0)   :  0.006 0.006 0.988 
140 HH912s-116    (1)   :  0.613 0.001 0.385 
141 HH912s-117    (0)   :  0.055 0.007 0.938 
142 HH912s-118    (1)   :  0.396 0.002 0.601 
143 HH912s-119    (1)   :  0.047 0.001 0.952 
144 HH912s-120    (0)   :  0.024 0.001 0.975 
145 HH912s-121    (0)   :  0.008 0.001 0.991 
146 HH912s-122    (1)   :  0.025 0.003 0.972 
147 HH912s-123    (0)   :  0.014 0.001 0.985 
148 HH912s-124    (0)   :  0.019 0.002 0.979 
149 HH912s-125    (0)   :  0.638 0.006 0.356 
150 HH912s-126    (0)   :  0.048 0.007 0.945 
151 HH912s-127    (0)   :  0.032 0.002 0.966 
152 HH912s-128    (0)   :  0.007 0.001 0.991 
153 HH912s-129    (0)   :  0.044 0.001 0.955 
154 HH912s-130    (0)   :  0.111 0.004 0.886 
155 HH912s-131    (0)   :  0.034 0.001 0.965 
156 HH912s-132    (0)   :  0.256 0.003 0.741 
157 IRV1012-001    (0)   :  0.049 0.016 0.935 
158 IRV1012-002    (0)   :  0.021 0.002 0.977 
159 IRV1012-003    (0)   :  0.007 0.001 0.991 
160 IRV1012-004    (1)   :  0.026 0.002 0.973 
161 IRV1012-006    (0)   :  0.008 0.001 0.991 
162 IRV1012-007    (0)   :  0.075 0.001 0.923 
163 IRV1012-008    (0)   :  0.724 0.002 0.274 
164 IRV1012-009    (1)   :  0.310 0.001 0.689 
165 IRV1012-010    (0)   :  0.024 0.001 0.975 
166 IRV1012-011    (0)   :  0.017 0.001 0.982 
167 IRV1012-012    (0)   :  0.685 0.002 0.312 
168 IRV1012-013    (0)   :  0.611 0.003 0.386 
169 IRV1012-014    (0)   :  0.021 0.001 0.978 
170 IRV1012-015    (0)   :  0.035 0.002 0.964 
171 IRV1012-016    (0)   :  0.070 0.001 0.929 
172 IRV1012-017    (0)   :  0.021 0.001 0.978 
173 IRV1012-018    (1)   :  0.061 0.002 0.938 
174 IRV1012-019    (0)   :  0.081 0.004 0.914 
175 IRV1012-020    (0)   :  0.658 0.001 0.341 
176 IRV1012-021    (0)   :  0.008 0.003 0.990 
177 IRV1012-022    (0)   :  0.005 0.000 0.995 
178 IRV1012-023    (0)   :  0.014 0.001 0.985 
179 IRV1012-024    (1)   :  0.017 0.015 0.967 
180 NTC1013a-00    (0)   :  0.911 0.017 0.072 
181 NTC1013a-00    (1)   :  0.980 0.002 0.017 
182 NTC1013a-00    (0)   :  0.882 0.002 0.116 
183 NTC1013a-00    (1)   :  0.737 0.009 0.254 
184 NTC1013a-00    (1)   :  0.846 0.045 0.108 
185 NTC1013a-00    (0)   :  0.901 0.003 0.096 
186 NTC1013a-00    (1)   :  0.931 0.007 0.062 
187 NTC1013a-00    (0)   :  0.690 0.043 0.267 
188 NTC1013a-01    (0)   :  0.908 0.052 0.040 
189 NTC1013a-01    (0)   :  0.983 0.003 0.014 
190 NTC1013a-01    (0)   :  0.959 0.035 0.006 
191 NTC1013a-01    (0)   :  0.798 0.194 0.008 
192 NTC1013a-01    (0)   :  0.980 0.003 0.017 
193 NTC1013a-01    (0)   :  0.920 0.003 0.077 
194 NTC1013a-01    (0)   :  0.989 0.003 0.008 
195 NTC1013a-01    (1)   :  0.820 0.004 0.176 
196 NTC1013a-01    (0)   :  0.978 0.002 0.019 
197 NTC1013a-01    (0)   :  0.949 0.001 0.050 
198 NTC1013a-02    (0)   :  0.915 0.004 0.081 
199 NTC1013a-02    (0)   :  0.986 0.002 0.012 
200 PM1012-01    (0)   :  0.024 0.001 0.975 
201 PM1012-02    (1)   :  0.010 0.001 0.989 
202 PM1012-04    (1)   :  0.284 0.001 0.715 
203 PM1012-06    (0)   :  0.046 0.007 0.947 
204 PM1012-07    (0)   :  0.027 0.001 0.972 
205 PM1012-09    (0)   :  0.120 0.003 0.876 
206 PM1012-10    (0)   :  0.016 0.001 0.983 
207 PM1012-13    (0)   :  0.046 0.001 0.953 
208 PM1012-14    (0)   :  0.165 0.005 0.830 
209 PM1012-16    (1)   :  0.026 0.001 0.974 
210 PM1012-17    (0)   :  0.389 0.001 0.610 
211 PM1012-23    (0)   :  0.006 0.002 0.993 
212 PM1012-24    (1)   :  0.018 0.000 0.981 
213 PM1012-25    (0)   :  0.082 0.002 0.917 
214 PM1012-26    (3)   :  0.010 0.003 0.987 
215 PM1012-27    (0)   :  0.035 0.028 0.937 
216 PRA1013a-00    (1)   :  0.129 0.001 0.870 
217 PRA1013a-00    (1)   :  0.045 0.002 0.953 
218 PRA1013a-00    (0)   :  0.016 0.001 0.983 
219 PRA1013a-00    (0)   :  0.010 0.001 0.989 
220 PRA1013a-00    (0)   :  0.006 0.004 0.990 
221 PRA1013a-00    (0)   :  0.796 0.001 0.203 
222 PRA1013a-00    (1)   :  0.117 0.001 0.882 
223 PRA1013a-01    (0)   :  0.692 0.277 0.031 
224 PRA1013a-01    (1)   :  0.830 0.002 0.169 
225 PRA1013a-01    (0)   :  0.885 0.004 0.112 
226 PRA1013a-01    (0)   :  0.016 0.001 0.983 
227 PRA1013a-01    (1)   :  0.963 0.003 0.034 
228 PRA1013a-02    (1)   :  0.030 0.001 0.968 
229 PRA1013a-02    (1)   :  0.044 0.001 0.955 
230 PRA1013a-02    (0)   :  0.006 0.002 0.992 
231 PRA1013a-03    (0)   :  0.094 0.004 0.902 
232 PRA1013a-03    (1)   :  0.005 0.001 0.995 
233 PRA1013a-03    (0)   :  0.003 0.001 0.996 
234 PRA1013a-03    (0)   :  0.010 0.003 0.987 
235 PRA1013a-03    (0)   :  0.459 0.004 0.536 
236 PRA1013a-03    (0)   :  0.017 0.002 0.981 
237 PRA1013a-03    (0)   :  0.045 0.003 0.952 
238 PRA1013a-03    (1)   :  0.012 0.015 0.973 
239 RI812s-001    (0)   :  0.936 0.042 0.022 
240 RI812s-002    (1)   :  0.931 0.053 0.016 
241 RI812s-003    (1)   :  0.880 0.016 0.104 
242 RI812s-005    (1)   :  0.974 0.014 0.012 
243 RI812s-006    (0)   :  0.989 0.001 0.010 
244 RI812s-007    (0)   :  0.965 0.002 0.033 
245 RI812s-009    (0)   :  0.915 0.083 0.002 
246 RI812s-010    (1)   :  0.830 0.035 0.135 
247 RI812s-011    (0)   :  0.849 0.048 0.102 
248 RI812s-013    (1)   :  0.344 0.003 0.653 
249 RI812s-014    (1)   :  0.987 0.005 0.008 
250 RI812s-015    (0)   :  0.971 0.003 0.027 
251 RI812s-016    (0)   :  0.757 0.233 0.011 
252 SV0512a-001    (0)   :  0.980 0.002 0.018 
253 SV0512a-002    (1)   :  0.950 0.004 0.046 
254 SV0512a-003    (0)   :  0.830 0.008 0.162 
255 SV0512a-005    (1)   :  0.832 0.002 0.166 
256 SV0512a-007    (1)   :  0.911 0.087 0.002 
257 SV0512a-008    (1)   :  0.930 0.062 0.008 
258 SV0512a-009    (1)   :  0.729 0.002 0.269 
259 SV0512a-010    (0)   :  0.950 0.005 0.045 
260 SV0512a-011    (0)   :  0.797 0.202 0.001 
261 SV0512a-013    (1)   :  0.122 0.002 0.877 
262 SV0512a-014    (6)   :  0.827 0.004 0.169 
263 SV0512a-016    (1)   :  0.978 0.002 0.020 
264 SV0512a-018    (4)   :  0.596 0.095 0.310 
265 SV0512a-021    (2)   :  0.938 0.010 0.052 
266 SV0512a-022    (0)   :  0.973 0.016 0.011 
267 SV0512a-023    (2)   :  0.990 0.002 0.008 
268 SV0512a-024    (0)   :  0.973 0.019 0.008 
269 SV0512a-025    (0)   :  0.834 0.002 0.164 
270 SV0512a-027    (0)   :  0.978 0.001 0.020 
271 SV0512a-028    (3)   :  0.550 0.040 0.410 
272 SV1013a-001    (0)   :  0.919 0.054 0.028 
273 SV1013a-002    (1)   :  0.890 0.001 0.109 
274 SV1013a-003    (0)   :  0.760 0.003 0.237 
275 SV1013a-005    (0)   :  0.971 0.023 0.007 
276 SV1013a-006    (0)   :  0.980 0.003 0.017 
277 SV1013a-007    (0)   :  0.973 0.002 0.025 
278 SV1013a-008    (0)   :  0.986 0.001 0.012 
279 SV1013a-009    (0)   :  0.902 0.039 0.059 
280 SV1013a-010    (1)   :  0.785 0.006 0.209 
281 SV1013a-011    (0)   :  0.717 0.001 0.282 
282 SV1013a-012    (0)   :  0.952 0.033 0.015 
283 SV1013a-013    (0)   :  0.956 0.003 0.041 
284 SV1013a-014    (0)   :  0.973 0.001 0.025 
285 SV1013a-015    (0)   :  0.977 0.001 0.022 
286 SV1013a-016    (0)   :  0.894 0.001 0.106 
287 SV1013a-017    (0)   :  0.157 0.022 0.820 
288 SV1013a-018    (0)   :  0.820 0.001 0.179 
289 SV1013a-019    (0)   :  0.965 0.016 0.020 
290 SV1013a-020    (0)   :  0.821 0.146 0.033 
291 SV1013a-021    (0)   :  0.956 0.001 0.042 
292 SV1013a-022    (1)   :  0.929 0.066 0.005 
293 SV1013a-023    (0)   :  0.929 0.006 0.065 
294 SV1013a-024    (0)   :  0.929 0.051 0.021 
295 SV812s-026    (1)   :  0.868 0.005 0.127 
296 SV812s-027    (0)   :  0.387 0.058 0.555 
297 SV812s-029    (0)   :  0.631 0.001 0.368 
298 SV812s-030    (0)   :  0.430 0.072 0.498 
299 SV812s-031    (0)   :  0.979 0.004 0.018 
300 SV812s-032    (0)   :  0.935 0.051 0.013 
301 SV812s-033    (0)   :  0.986 0.001 0.012 
302 SV812s-034    (0)   :  0.976 0.006 0.018 
303 SV812s-037    (0)   :  0.507 0.008 0.486 
304 SV812s-038    (0)   :  0.961 0.001 0.038 
305 SV812s-039    (0)   :  0.845 0.002 0.153 
306 SV812s-040    (0)   :  0.692 0.003 0.305 
307 SV812s-041    (0)   :  0.984 0.001 0.015 
308 SV812s-042    (0)   :  0.991 0.002 0.007 
309 SV812s-043    (1)   :  0.411 0.012 0.577 
310 SV812s-044    (0)   :  0.883 0.002 0.116 
311 SV812s-046    (0)   :  0.932 0.018 0.051 
312 SV812s-047    (0)   :  0.452 0.002 0.546 
313 SV812s-048    (1)   :  0.960 0.001 0.038 
314 SV812s-049    (0)   :  0.889 0.001 0.109 
315 SV812s-050    (1)   :  0.754 0.002 0.244 
316 SV812s-051    (0)   :  0.966 0.002 0.032 
317 SV812s-052    (0)   :  0.957 0.034 0.010 
318 SV912s-001    (1)   :  0.984 0.003 0.014 
319 SV912s-002    (0)   :  0.662 0.034 0.305 
320 SV912s-003    (0)   :  0.785 0.083 0.131 
321 SV912s-005    (1)   :  0.872 0.073 0.055 
322 SV912s-006    (1)   :  0.985 0.001 0.014 
323 SV912s-007    (0)   :  0.889 0.003 0.109 
324 SV912s-008    (1)   :  0.879 0.001 0.120 
325 SV912s-009    (0)   :  0.958 0.001 0.041 
326 SV912s-010    (1)   :  0.966 0.001 0.033 
327 SV912s-011    (1)   :  0.904 0.005 0.092 
328 SV912s-012    (1)   :  0.941 0.038 0.021 
329 SV912s-013    (0)   :  0.902 0.001 0.097 
330 SV912s-014    (1)   :  0.911 0.041 0.048 
331 SV912s-015    (0)   :  0.976 0.002 0.022 
332 SV912s-017    (0)   :  0.919 0.012 0.070 
333 SV912s-018    (1)   :  0.866 0.001 0.132 
334 SV912s-019    (1)   :  0.506 0.001 0.494 
335 SV912s-020    (1)   :  0.941 0.043 0.015 
336 SV912s-021    (0)   :  0.834 0.003 0.163 
337 SV912s-022    (0)   :  0.755 0.003 0.242 
338 SV912s-023    (0)   :  0.159 0.027 0.814 
339 SV912s-024    (0)   :  0.019 0.001 0.980 
340 SV912s-025    (1)   :  0.035 0.001 0.964 
341 TPZ0713-001    (1)   :  0.038 0.001 0.961 
342 TPZ0713-002    (1)   :  0.199 0.001 0.800 
343 TPZ0713-003    (0)   :  0.246 0.001 0.753 
344 TPZ0713-005    (0)   :  0.021 0.008 0.971 
345 TPZ0713-006    (1)   :  0.011 0.009 0.981 
346 TPZ0713-007    (1)   :  0.135 0.001 0.864 
347 TPZ0713-009    (1)   :  0.015 0.002 0.983 
348 TPZ0713-011    (1)   :  0.028 0.001 0.971 
349 TPZ0713-012    (1)   :  0.011 0.001 0.987 
350 TPZ0713-013    (0)   :  0.005 0.001 0.994 
351 TPZ0713-014    (1)   :  0.010 0.002 0.987 
352 TPZ0713-015    (0)   :  0.074 0.001 0.925 
353 TPZ0713-016    (0)   :  0.039 0.001 0.961 
354 TPZ0713-020    (1)   :  0.093 0.002 0.905 
355 TPZ0713-021    (1)   :  0.008 0.009 0.983 
356 TPZ0713-023    (0)   :  0.012 0.001 0.987 
357 TPZ0713-024    (1)   :  0.425 0.001 0.574 
358 TPZ0713-025    (1)   :  0.003 0.002 0.995 
359 TPZ0713-028    (1)   :  0.006 0.001 0.993 
360 TPZ0713-029    (1)   :  0.016 0.006 0.978 
361 WFM812s-049    (0)   :  0.916 0.001 0.083 
362 WFM812s-050    (1)   :  0.829 0.001 0.170 
363 WFM812s-051    (1)   :  0.985 0.001 0.014 
364 WFM812s-054    (0)   :  0.978 0.003 0.020 
365 WFM812s-056    (0)   :  0.951 0.002 0.047 
366 WFM812s-057    (1)   :  0.990 0.002 0.008 
367 WFM812s-058    (0)   :  0.882 0.002 0.116 
368 WFM812s-059    (0)   :  0.978 0.016 0.006 
369 WFM812s-060    (1)   :  0.783 0.216 0.001 
370 WFM812s-062    (0)   :  0.819 0.001 0.179 
371 WFM812s-063    (0)   :  0.594 0.003 0.403 
372 WFM812s-064    (0)   :  0.826 0.016 0.158 
373 WFM812s-065    (0)   :  0.980 0.002 0.018 
374 WFM812s-066    (0)   :  0.970 0.001 0.029 
375 WFM812s-067    (0)   :  0.975 0.003 0.021 
376 WFM812s-068    (1)   :  0.953 0.001 0.046 
377 WFM812s-069    (0)   :  0.513 0.002 0.485 
378 WFM812s-071    (0)   :  0.653 0.005 0.342 
379 WFM812s-072    (0)   :  0.975 0.008 0.016 
380 WFM812s-073    (1)   :  0.529 0.003 0.469 


Estimated Allele Frequencies in each cluster
First column gives estimated ancestral frequencies


Locus 1 : NC_035780.1:72 
2 alleles
1.1% missing data
   2   (0.800) 0.805 0.918 0.795 
   1   (0.200) 0.195 0.082 0.205 

Locus 2 : NC_035780.1:72 
2 alleles
1.1% missing data
   2   (0.890) 0.887 0.990 0.894 
   1   (0.110) 0.113 0.010 0.106 

Locus 3 : NC_035780.1:44 
2 alleles
0.3% missing data
   2   (0.930) 0.930 0.995 0.931 
   1   (0.070) 0.070 0.005 0.069 

Locus 4 : NC_035780.1:31 
2 alleles
0.0% missing data
   2   (0.902) 0.900 0.824 0.911 
   1   (0.098) 0.100 0.176 0.089 

Locus 5 : NC_035780.1:36 
2 alleles
0.0% missing data
   2   (0.667) 0.660 0.639 0.682 
   1   (0.333) 0.340 0.361 0.318 

Locus 6 : NC_035780.1:38 
2 alleles
0.0% missing data
   1   (0.177) 0.173 0.064 0.181 
   2   (0.823) 0.827 0.936 0.819 

Locus 7 : NC_035780.1:38 
2 alleles
0.0% missing data
   2   (0.788) 0.793 0.965 0.778 
   1   (0.212) 0.207 0.035 0.222 

Locus 8 : NC_035780.1:38 
2 alleles
0.0% missing data
   1   (0.113) 0.112 0.251 0.106 
   2   (0.887) 0.888 0.749 0.894 

Locus 9 : NC_035780.1:38 
2 alleles
0.0% missing data
   2   (0.913) 0.915 0.887 0.917 
   1   (0.087) 0.085 0.113 0.083 

Locus 10 : NC_035780.1:41 
2 alleles
3.2% missing data
   2   (0.829) 0.838 0.881 0.818 
   1   (0.171) 0.162 0.119 0.182 

Locus 11 : NC_035780.1:44 
2 alleles
0.0% missing data
   2   (0.900) 0.911 0.993 0.881 
   1   (0.100) 0.089 0.007 0.119 

Locus 12 : NC_035780.1:44 
2 alleles
0.0% missing data
   2   (0.905) 0.905 0.993 0.904 
   1   (0.095) 0.095 0.007 0.096 

Locus 13 : NC_035780.1:54 
2 alleles
3.7% missing data
   2   (0.911) 0.905 0.993 0.921 
   1   (0.089) 0.095 0.007 0.079 

Locus 14 : NC_035780.1:55 
2 alleles
0.3% missing data
   2   (0.933) 0.935 0.995 0.933 
   1   (0.067) 0.065 0.005 0.067 

Locus 15 : NC_035780.1:59 
2 alleles
0.0% missing data
   1   (0.405) 0.410 0.342 0.399 
   2   (0.595) 0.590 0.658 0.601 

Locus 16 : NC_035780.1:84 
2 alleles
1.8% missing data
   2   (0.910) 0.905 0.992 0.918 
   1   (0.090) 0.095 0.008 0.082 

Locus 17 : NC_035780.1:90 
2 alleles
1.3% missing data
   2   (0.913) 0.910 0.959 0.922 
   1   (0.087) 0.090 0.041 0.078 

Locus 18 : NC_035780.1:90 
2 alleles
1.3% missing data
   2   (0.936) 0.945 0.995 0.922 
   1   (0.064) 0.055 0.005 0.078 

Locus 19 : NC_035780.1:98 
2 alleles
0.0% missing data
   2   (0.847) 0.851 0.989 0.838 
   1   (0.153) 0.149 0.011 0.162 

Locus 20 : NC_035780.1:98 
2 alleles
0.0% missing data
   1   (0.490) 0.485 0.297 0.502 
   2   (0.510) 0.515 0.703 0.498 

Locus 21 : NC_035780.1:98 
2 alleles
0.0% missing data
   2   (0.819) 0.822 0.795 0.819 
   1   (0.181) 0.178 0.205 0.181 

Locus 22 : NC_035780.1:10 
2 alleles
3.9% missing data
   1   (0.266) 0.265 0.211 0.264 
   2   (0.734) 0.735 0.789 0.736 

Locus 23 : NC_035780.1:11 
2 alleles
0.0% missing data
   1   (0.157) 0.152 0.202 0.160 
   2   (0.843) 0.848 0.798 0.840 

Locus 24 : NC_035780.1:13 
2 alleles
0.0% missing data
   1   (0.196) 0.203 0.014 0.189 
   2   (0.804) 0.797 0.986 0.811 

Locus 25 : NC_035780.1:13 
2 alleles
0.0% missing data
   2   (0.725) 0.738 0.466 0.711 
   1   (0.275) 0.262 0.534 0.289 

Locus 26 : NC_035780.1:15 
2 alleles
0.3% missing data
   2   (0.942) 0.944 0.822 0.947 
   1   (0.058) 0.056 0.178 0.053 

Locus 27 : NC_035780.1:16 
2 alleles
0.0% missing data
   2   (0.910) 0.915 0.676 0.911 
   1   (0.090) 0.085 0.324 0.089 

Locus 28 : NC_035780.1:16 
2 alleles
0.0% missing data
   1   (0.170) 0.185 0.018 0.152 
   2   (0.830) 0.815 0.982 0.848 

Locus 29 : NC_035780.1:16 
2 alleles
5.8% missing data
   2   (0.925) 0.919 0.866 0.939 
   1   (0.075) 0.081 0.134 0.061 

Locus 30 : NC_035780.1:16 
2 alleles
5.8% missing data
   2   (0.941) 0.940 0.871 0.950 
   1   (0.059) 0.060 0.129 0.050 

Locus 31 : NC_035780.1:17 
2 alleles
0.0% missing data
   2   (0.905) 0.901 0.871 0.915 
   1   (0.095) 0.099 0.129 0.085 

Locus 32 : NC_035780.1:18 
2 alleles
0.3% missing data
   2   (0.923) 0.925 0.988 0.924 
   1   (0.077) 0.075 0.012 0.076 

Locus 33 : NC_035780.1:18 
2 alleles
1.3% missing data
   2   (0.939) 0.941 0.806 0.943 
   1   (0.061) 0.059 0.194 0.057 

Locus 34 : NC_035780.1:19 
2 alleles
0.0% missing data
   1   (0.284) 0.295 0.127 0.268 
   2   (0.716) 0.705 0.873 0.732 

Locus 35 : NC_035780.1:20 
2 alleles
0.5% missing data
   1   (0.460) 0.470 0.209 0.450 
   2   (0.540) 0.530 0.791 0.550 

Locus 36 : NC_035780.1:22 
2 alleles
1.6% missing data
   1   (0.210) 0.216 0.070 0.199 
   2   (0.790) 0.784 0.930 0.801 

Locus 37 : NC_035780.1:22 
2 alleles
1.6% missing data
   2   (0.880) 0.889 0.991 0.865 
   1   (0.120) 0.111 0.009 0.135 

Locus 38 : NC_035780.1:24 
2 alleles
0.0% missing data
   1   (0.465) 0.470 0.687 0.455 
   2   (0.535) 0.530 0.313 0.545 

Locus 39 : NC_035780.1:24 
2 alleles
0.0% missing data
   2   (0.860) 0.861 0.855 0.863 
   1   (0.140) 0.139 0.145 0.137 

Locus 40 : NC_035780.1:24 
2 alleles
0.0% missing data
   2   (0.890) 0.886 0.928 0.901 
   1   (0.110) 0.114 0.072 0.099 

Locus 41 : NC_035780.1:25 
2 alleles
0.3% missing data
   2   (0.816) 0.800 0.969 0.837 
   1   (0.184) 0.200 0.031 0.163 

Locus 42 : NC_035780.1:26 
2 alleles
0.8% missing data
   1   (0.352) 0.344 0.350 0.362 
   2   (0.648) 0.656 0.650 0.638 

Locus 43 : NC_035780.1:26 
2 alleles
0.8% missing data
   2   (0.816) 0.798 0.787 0.845 
   1   (0.184) 0.202 0.213 0.155 

Locus 44 : NC_035780.1:26 
2 alleles
0.0% missing data
   1   (0.298) 0.298 0.491 0.292 
   2   (0.702) 0.702 0.509 0.708 

Locus 45 : NC_035780.1:27 
2 alleles
0.0% missing data
   2   (0.908) 0.907 0.930 0.915 
   1   (0.092) 0.093 0.070 0.085 

Locus 46 : NC_035780.1:27 
2 alleles
0.0% missing data
   2   (0.963) 0.966 0.998 0.961 
   1   (0.037) 0.034 0.002 0.039 

Locus 47 : NC_035780.1:27 
2 alleles
3.4% missing data
   2   (0.871) 0.868 0.990 0.875 
   1   (0.129) 0.132 0.010 0.125 

Locus 48 : NC_035780.1:27 
2 alleles
3.4% missing data
   2   (0.878) 0.876 0.675 0.888 
   1   (0.122) 0.124 0.325 0.112 

Locus 49 : NC_035780.1:28 
2 alleles
3.9% missing data
   2   (0.958) 0.957 0.613 0.967 
   1   (0.042) 0.043 0.387 0.033 

Locus 50 : NC_035780.1:28 
2 alleles
3.9% missing data
   2   (0.910) 0.909 0.993 0.913 
   1   (0.090) 0.091 0.007 0.087 

Locus 51 : NC_035780.1:28 
2 alleles
0.0% missing data
   1   (0.485) 0.469 0.266 0.513 
   2   (0.515) 0.531 0.734 0.487 

Locus 52 : NC_035780.1:28 
2 alleles
0.0% missing data
   2   (0.905) 0.902 0.867 0.915 
   1   (0.095) 0.098 0.133 0.085 

Locus 53 : NC_035780.1:28 
2 alleles
1.1% missing data
   1   (0.179) 0.180 0.330 0.171 
   2   (0.821) 0.820 0.670 0.829 

Locus 54 : NC_035780.1:29 
2 alleles
0.0% missing data
   1   (0.197) 0.198 0.057 0.193 
   2   (0.803) 0.802 0.943 0.807 

Locus 55 : NC_035780.1:29 
2 alleles
0.0% missing data
   2   (0.944) 0.948 0.727 0.946 
   1   (0.056) 0.052 0.273 0.054 

Locus 56 : NC_035780.1:29 
2 alleles
0.0% missing data
   2   (0.830) 0.825 0.813 0.843 
   1   (0.170) 0.175 0.187 0.157 

Locus 57 : NC_035780.1:29 
2 alleles
0.0% missing data
   2   (0.906) 0.901 0.994 0.913 
   1   (0.094) 0.099 0.006 0.087 

Locus 58 : NC_035780.1:30 
2 alleles
0.3% missing data
   2   (0.932) 0.935 0.996 0.930 
   1   (0.068) 0.065 0.004 0.070 

Locus 59 : NC_035780.1:31 
2 alleles
0.8% missing data
   2   (0.892) 0.891 0.992 0.893 
   1   (0.108) 0.109 0.008 0.107 

Locus 60 : NC_035780.1:31 
2 alleles
0.8% missing data
   2   (0.639) 0.636 0.437 0.649 
   1   (0.361) 0.364 0.563 0.351 

Locus 61 : NC_035780.1:32 
2 alleles
0.0% missing data
   1   (0.368) 0.358 0.481 0.382 
   2   (0.632) 0.642 0.519 0.618 

Locus 62 : NC_035780.1:32 
2 alleles
0.0% missing data
   2   (0.726) 0.722 0.622 0.736 
   1   (0.274) 0.278 0.378 0.264 

Locus 63 : NC_035780.1:33 
2 alleles
3.4% missing data
   2   (0.947) 0.949 0.996 0.946 
   1   (0.053) 0.051 0.004 0.054 

Locus 64 : NC_035780.1:33 
2 alleles
3.4% missing data
   2   (0.831) 0.835 0.417 0.833 
   1   (0.169) 0.165 0.583 0.167 

Locus 65 : NC_035780.1:37 
2 alleles
0.3% missing data
   2   (0.920) 0.928 0.889 0.916 
   1   (0.080) 0.072 0.111 0.084 

Locus 66 : NC_035780.1:37 
2 alleles
0.3% missing data
   2   (0.874) 0.873 0.991 0.876 
   1   (0.126) 0.127 0.009 0.124 

Locus 67 : NC_035780.1:37 
2 alleles
0.0% missing data
   2   (0.923) 0.928 0.995 0.916 
   1   (0.077) 0.072 0.005 0.084 

Locus 68 : NC_035780.1:37 
2 alleles
0.0% missing data
   2   (0.804) 0.814 0.877 0.792 
   1   (0.196) 0.186 0.123 0.208 

Locus 69 : NC_035780.1:37 
2 alleles
0.0% missing data
   1   (0.140) 0.144 0.054 0.133 
   2   (0.860) 0.856 0.946 0.867 

Locus 70 : NC_035780.1:39 
2 alleles
0.0% missing data
   2   (0.925) 0.934 0.994 0.912 
   1   (0.075) 0.066 0.006 0.088 

Locus 71 : NC_035780.1:39 
2 alleles
0.0% missing data
   2   (0.844) 0.845 0.935 0.846 
   1   (0.156) 0.155 0.065 0.154 

Locus 72 : NC_035780.1:39 
2 alleles
0.0% missing data
   1   (0.310) 0.312 0.590 0.299 
   2   (0.690) 0.688 0.410 0.701 

Locus 73 : NC_035780.1:39 
2 alleles
0.0% missing data
   1   (0.129) 0.124 0.017 0.138 
   2   (0.871) 0.876 0.983 0.862 

Locus 74 : NC_035780.1:39 
2 alleles
2.9% missing data
   2   (0.668) 0.667 0.591 0.674 
   1   (0.332) 0.333 0.409 0.326 

Locus 75 : NC_035780.1:39 
2 alleles
0.3% missing data
   2   (0.879) 0.880 0.731 0.884 
   1   (0.121) 0.120 0.269 0.116 

Locus 76 : NC_035780.1:39 
2 alleles
0.3% missing data
   2   (0.885) 0.887 0.987 0.883 
   1   (0.115) 0.113 0.013 0.117 

Locus 77 : NC_035780.1:39 
2 alleles
0.3% missing data
   2   (0.538) 0.547 0.663 0.522 
   1   (0.462) 0.453 0.337 0.478 

Locus 78 : NC_035780.1:39 
2 alleles
0.3% missing data
   2   (0.970) 0.971 0.998 0.972 
   1   (0.030) 0.029 0.002 0.028 

Locus 79 : NC_035780.1:51 
2 alleles
0.3% missing data
   2   (0.963) 0.961 0.997 0.968 
   1   (0.037) 0.039 0.003 0.032 

Locus 80 : NC_035780.1:51 
2 alleles
1.3% missing data
   1   (0.325) 0.324 0.402 0.323 
   2   (0.675) 0.676 0.598 0.677 

Locus 81 : NC_035780.1:55 
2 alleles
0.0% missing data
   2   (0.905) 0.905 0.994 0.904 
   1   (0.095) 0.095 0.006 0.096 

Locus 82 : NC_035780.1:55 
2 alleles
2.1% missing data
   2   (0.781) 0.791 0.610 0.771 
   1   (0.219) 0.209 0.390 0.229 

Locus 83 : NC_035780.1:55 
2 alleles
0.5% missing data
   2   (0.856) 0.860 0.922 0.852 
   1   (0.144) 0.140 0.078 0.148 

Locus 84 : NC_035780.1:57 
2 alleles
0.0% missing data
   2   (0.949) 0.947 0.771 0.959 
   1   (0.051) 0.053 0.229 0.041 

Locus 85 : NC_035780.1:63 
2 alleles
2.1% missing data
   2   (0.948) 0.958 0.818 0.939 
   1   (0.052) 0.042 0.182 0.061 

Locus 86 : NC_035780.1:63 
2 alleles
1.3% missing data
   2   (0.896) 0.890 0.960 0.907 
   1   (0.104) 0.110 0.040 0.093 

Locus 87 : NC_035780.1:63 
2 alleles
1.3% missing data
   2   (0.736) 0.745 0.566 0.725 
   1   (0.264) 0.255 0.434 0.275 

Locus 88 : NC_035780.1:65 
2 alleles
0.0% missing data
   2   (0.861) 0.862 0.916 0.866 
   1   (0.139) 0.138 0.084 0.134 

Locus 89 : NC_035780.1:65 
2 alleles
0.0% missing data
   2   (0.958) 0.956 0.876 0.968 
   1   (0.042) 0.044 0.124 0.032 

Locus 90 : NC_035780.1:65 
2 alleles
0.0% missing data
   1   (0.232) 0.229 0.083 0.238 
   2   (0.768) 0.771 0.917 0.762 

Locus 91 : NC_035780.1:65 
2 alleles
0.0% missing data
   1   (0.253) 0.244 0.168 0.264 
   2   (0.747) 0.756 0.832 0.736 

Locus 92 : NC_035780.1:70 
2 alleles
2.4% missing data
   2   (0.922) 0.923 0.874 0.927 
   1   (0.078) 0.077 0.126 0.073 

Locus 93 : NC_035780.1:70 
2 alleles
0.3% missing data
   2   (0.957) 0.966 0.751 0.949 
   1   (0.043) 0.034 0.249 0.051 

Locus 94 : NC_035780.1:70 
2 alleles
0.3% missing data
   1   (0.210) 0.208 0.217 0.210 
   2   (0.790) 0.792 0.783 0.790 

Locus 95 : NC_035780.1:71 
2 alleles
1.6% missing data
   1   (0.416) 0.412 0.314 0.422 
   2   (0.584) 0.588 0.686 0.578 

Locus 96 : NC_035780.1:72 
2 alleles
0.0% missing data
   2   (0.932) 0.945 0.988 0.911 
   1   (0.068) 0.055 0.012 0.089 

Locus 97 : NC_035780.1:74 
2 alleles
1.1% missing data
   2   (0.946) 0.951 0.699 0.946 
   1   (0.054) 0.049 0.301 0.054 

Locus 98 : NC_035780.1:75 
2 alleles
0.5% missing data
   2   (0.794) 0.784 0.872 0.811 
   1   (0.206) 0.216 0.128 0.189 

Locus 99 : NC_035780.1:75 
2 alleles
0.5% missing data
   2   (0.867) 0.876 0.744 0.858 
   1   (0.133) 0.124 0.256 0.142 

Locus 100 : NC_035780.1:75 
2 alleles
1.1% missing data
   2   (0.927) 0.921 0.994 0.937 
   1   (0.073) 0.079 0.006 0.063 

Locus 101 : NC_035780.1:75 
2 alleles
0.0% missing data
   1   (0.473) 0.477 0.700 0.462 
   2   (0.527) 0.523 0.300 0.538 

Locus 102 : NC_035780.1:75 
2 alleles
0.3% missing data
   2   (0.900) 0.898 0.756 0.910 
   1   (0.100) 0.102 0.244 0.090 

Locus 103 : NC_035780.1:76 
2 alleles
2.9% missing data
   1   (0.338) 0.333 0.609 0.340 
   2   (0.662) 0.667 0.391 0.660 

Locus 104 : NC_035780.1:76 
2 alleles
2.9% missing data
   2   (0.935) 0.944 0.995 0.920 
   1   (0.065) 0.056 0.005 0.080 

Locus 105 : NC_035780.1:77 
2 alleles
4.5% missing data
   2   (0.846) 0.825 0.926 0.876 
   1   (0.154) 0.175 0.074 0.124 

Locus 106 : NC_035780.1:77 
2 alleles
4.5% missing data
   2   (0.901) 0.908 0.664 0.898 
   1   (0.099) 0.092 0.336 0.102 

Locus 107 : NC_035780.1:79 
2 alleles
0.0% missing data
   2   (0.925) 0.930 0.869 0.925 
   1   (0.075) 0.070 0.131 0.075 

Locus 108 : NC_035780.1:81 
2 alleles
0.0% missing data
   1   (0.460) 0.473 0.119 0.447 
   2   (0.540) 0.527 0.881 0.553 

Locus 109 : NC_035780.1:81 
2 alleles
0.0% missing data
   2   (0.880) 0.891 0.960 0.866 
   1   (0.120) 0.109 0.040 0.134 

Locus 110 : NC_035780.1:81 
2 alleles
0.0% missing data
   1   (0.382) 0.387 0.442 0.371 
   2   (0.618) 0.613 0.558 0.629 

Locus 111 : NC_035780.1:82 
2 alleles
0.0% missing data
   2   (0.926) 0.931 0.907 0.924 
   1   (0.074) 0.069 0.093 0.076 

Locus 112 : NC_035780.1:83 
2 alleles
3.4% missing data
   1   (0.160) 0.160 0.011 0.163 
   2   (0.840) 0.840 0.989 0.837 

Locus 113 : NC_035780.1:83 
2 alleles
3.4% missing data
   2   (0.935) 0.926 0.996 0.949 
   1   (0.065) 0.074 0.004 0.051 

Locus 114 : NC_035780.1:83 
2 alleles
0.0% missing data
   2   (0.932) 0.938 0.932 0.930 
   1   (0.068) 0.062 0.068 0.070 

Locus 115 : NC_035780.1:83 
2 alleles
0.0% missing data
   2   (0.875) 0.879 0.599 0.876 
   1   (0.125) 0.121 0.401 0.124 

Locus 116 : NC_035780.1:84 
2 alleles
0.0% missing data
   2   (0.907) 0.912 0.719 0.907 
   1   (0.093) 0.088 0.281 0.093 

Locus 117 : NC_035780.1:85 
2 alleles
0.3% missing data
   2   (0.889) 0.896 0.882 0.883 
   1   (0.111) 0.104 0.118 0.117 

Locus 118 : NC_035780.1:85 
2 alleles
0.3% missing data
   2   (0.584) 0.592 0.855 0.568 
   1   (0.416) 0.408 0.145 0.432 

Locus 119 : NC_035780.1:86 
2 alleles
0.0% missing data
   2   (0.911) 0.903 0.882 0.926 
   1   (0.089) 0.097 0.118 0.074 

Locus 120 : NC_035780.1:86 
2 alleles
0.0% missing data
   2   (0.596) 0.619 0.695 0.560 
   1   (0.404) 0.381 0.305 0.440 

Locus 121 : NC_035780.1:86 
2 alleles
0.0% missing data
   2   (0.960) 0.961 0.997 0.960 
   1   (0.040) 0.039 0.003 0.040 

Locus 122 : NC_035780.1:86 
2 alleles
0.0% missing data
   2   (0.955) 0.958 0.996 0.952 
   1   (0.045) 0.042 0.004 0.048 

Locus 123 : NC_035780.1:86 
2 alleles
0.0% missing data
   1   (0.186) 0.192 0.087 0.174 
   2   (0.814) 0.808 0.913 0.826 

Locus 124 : NC_035780.1:86 
2 alleles
0.0% missing data
   2   (0.915) 0.914 0.962 0.920 
   1   (0.085) 0.086 0.038 0.080 

Locus 125 : NC_035780.1:86 
2 alleles
0.0% missing data
   1   (0.155) 0.160 0.100 0.144 
   2   (0.845) 0.840 0.900 0.856 

Locus 126 : NC_035780.1:86 
2 alleles
0.0% missing data
   2   (0.912) 0.918 0.753 0.909 
   1   (0.088) 0.082 0.247 0.091 

Locus 127 : NC_035780.1:86 
2 alleles
0.0% missing data
   1   (0.175) 0.170 0.044 0.183 
   2   (0.825) 0.830 0.956 0.817 

Locus 128 : NC_035780.1:86 
2 alleles
0.0% missing data
   2   (0.907) 0.910 0.886 0.909 
   1   (0.093) 0.090 0.114 0.091 

Locus 129 : NC_035780.1:87 
2 alleles
0.3% missing data
   2   (0.801) 0.810 0.706 0.793 
   1   (0.199) 0.190 0.294 0.207 

Locus 130 : NC_035780.1:87 
2 alleles
0.0% missing data
   1   (0.300) 0.291 0.311 0.313 
   2   (0.700) 0.709 0.689 0.687 

Locus 131 : NC_035780.1:87 
2 alleles
0.0% missing data
   1   (0.277) 0.275 0.283 0.275 
   2   (0.723) 0.725 0.717 0.725 

Locus 132 : NC_035780.1:87 
2 alleles
0.0% missing data
   2   (0.712) 0.717 0.742 0.706 
   1   (0.288) 0.283 0.258 0.294 

Locus 133 : NC_035780.1:88 
2 alleles
0.8% missing data
   2   (0.691) 0.684 0.965 0.695 
   1   (0.309) 0.316 0.035 0.305 

Locus 134 : NC_035780.1:88 
2 alleles
0.8% missing data
   1   (0.221) 0.226 0.026 0.218 
   2   (0.779) 0.774 0.974 0.782 

Locus 135 : NC_035780.1:88 
2 alleles
0.0% missing data
   1   (0.332) 0.343 0.221 0.315 
   2   (0.668) 0.657 0.779 0.685 

Locus 136 : NC_035780.1:89 
2 alleles
4.7% missing data
   1   (0.114) 0.123 0.029 0.100 
   2   (0.886) 0.877 0.971 0.900 

Locus 137 : NC_035780.1:89 
2 alleles
4.7% missing data
   2   (0.881) 0.885 0.992 0.874 
   1   (0.119) 0.115 0.008 0.126 

Locus 138 : NC_035780.1:89 
2 alleles
4.5% missing data
   2   (0.547) 0.558 0.256 0.536 
   1   (0.453) 0.442 0.744 0.464 

Locus 139 : NC_035780.1:89 
2 alleles
0.0% missing data
   2   (0.670) 0.662 0.717 0.684 
   1   (0.330) 0.338 0.283 0.316 

Locus 140 : NC_035780.1:90 
2 alleles
0.8% missing data
   2   (0.951) 0.951 0.896 0.958 
   1   (0.049) 0.049 0.104 0.042 

Locus 141 : NC_035780.1:90 
2 alleles
0.3% missing data
   1   (0.100) 0.095 0.007 0.108 
   2   (0.900) 0.905 0.993 0.892 

Locus 142 : NC_035780.1:90 
2 alleles
0.3% missing data
   2   (0.603) 0.603 0.459 0.608 
   1   (0.397) 0.397 0.541 0.392 

Locus 143 : NC_035780.1:92 
2 alleles
0.0% missing data
   1   (0.175) 0.171 0.012 0.185 
   2   (0.825) 0.829 0.988 0.815 

Locus 144 : NC_035780.1:92 
2 alleles
0.0% missing data
   2   (0.859) 0.851 0.990 0.870 
   1   (0.141) 0.149 0.010 0.130 

Locus 145 : NC_035780.1:92 
2 alleles
0.0% missing data
   2   (0.827) 0.831 0.448 0.828 
   1   (0.173) 0.169 0.552 0.172 

Locus 146 : NC_035780.1:94 
2 alleles
1.6% missing data
   2   (0.928) 0.937 0.995 0.915 
   1   (0.072) 0.063 0.005 0.085 

Locus 147 : NC_035780.1:94 
2 alleles
1.6% missing data
   2   (0.672) 0.694 0.639 0.640 
   1   (0.328) 0.306 0.361 0.360 

Locus 148 : NC_035780.1:95 
2 alleles
1.8% missing data
   1   (0.234) 0.260 0.051 0.198 
   2   (0.766) 0.740 0.949 0.802 

Locus 149 : NC_035780.1:95 
2 alleles
1.8% missing data
   2   (0.854) 0.868 0.733 0.839 
   1   (0.146) 0.132 0.267 0.161 

Locus 150 : NC_035780.1:95 
2 alleles
0.0% missing data
   2   (0.529) 0.526 0.549 0.533 
   1   (0.471) 0.474 0.451 0.467 

Locus 151 : NC_035780.1:95 
2 alleles
0.0% missing data
   2   (0.882) 0.888 0.695 0.881 
   1   (0.118) 0.112 0.305 0.119 

Locus 152 : NC_035780.1:95 
2 alleles
1.6% missing data
   2   (0.912) 0.917 0.975 0.908 
   1   (0.088) 0.083 0.025 0.092 

Locus 153 : NC_035780.1:97 
2 alleles
0.0% missing data
   1   (0.051) 0.050 0.360 0.045 
   2   (0.949) 0.950 0.640 0.955 

Locus 154 : NC_035780.1:97 
2 alleles
0.0% missing data
   2   (0.942) 0.942 0.742 0.949 
   1   (0.058) 0.058 0.258 0.051 

Locus 155 : NC_035780.1:97 
2 alleles
0.0% missing data
   1   (0.157) 0.158 0.115 0.151 
   2   (0.843) 0.842 0.885 0.849 

Locus 156 : NC_035780.1:97 
2 alleles
1.6% missing data
   2   (0.551) 0.568 0.321 0.529 
   1   (0.449) 0.432 0.679 0.471 

Locus 157 : NC_035780.1:97 
2 alleles
1.6% missing data
   2   (0.911) 0.902 0.841 0.929 
   1   (0.089) 0.098 0.159 0.071 

Locus 158 : NC_035780.1:99 
2 alleles
0.5% missing data
   2   (0.521) 0.526 0.311 0.516 
   1   (0.479) 0.474 0.689 0.484 

Locus 159 : NC_035780.1:99 
2 alleles
0.5% missing data
   2   (0.937) 0.937 0.965 0.941 
   1   (0.063) 0.063 0.035 0.059 

Locus 160 : NC_035780.1:99 
2 alleles
0.5% missing data
   2   (0.763) 0.754 0.771 0.779 
   1   (0.237) 0.246 0.229 0.221 

Locus 161 : NC_035780.1:99 
2 alleles
0.5% missing data
   1   (0.110) 0.110 0.050 0.107 
   2   (0.890) 0.890 0.950 0.893 

Locus 162 : NC_035780.1:99 
2 alleles
2.9% missing data
