

----------------------------------------------------
STRUCTURE by Pritchard, Stephens and Donnelly (2000)
     and Falush, Stephens and Pritchard (2003)
       Code by Pritchard, Falush and Hubisz
             Version 2.3.4 (Jul 2012)
----------------------------------------------------



Command line arguments:   /programs/structure_2_3_4/bin/structure -K 3 -i /workdir/yc2644/CV_NYC_ddRAD/structure/n380_all_cor/threader_input/n380_all_SNP.DP3g95p10maf05.HWE.mod.biallelic.all_exGRV.n396_indep_50_1_0.2_pruned.nochr156invers.n380_refil.recode.strct_in -o /workdir/yc2644/CV_NYC_ddRAD/structure/n380_all_cor/str_K3_rep1 -D 5274171 -m /workdir/yc2644/CV_NYC_ddRAD/structure/n380_all_cor/threader_input/mainparams -e /workdir/yc2644/CV_NYC_ddRAD/structure/n380_all_cor/threader_input/extraparams 
Input File:    /workdir/yc2644/CV_NYC_ddRAD/structure/n380_all_cor/threader_input/n380_all_SNP.DP3g95p10maf05.HWE.mod.biallelic.all_exGRV.n396_indep_50_1_0.2_pruned.nochr156invers.n380_refil.recode.strct_in

Run parameters:
   380 individuals
   5625 loci
   3 populations assumed
   10000 Burn-in period
   20000 Reps
RANDOMIZE turned off


--------------------------------------------
Overall proportion of membership of the
sample in each of the 3 clusters

Inferred Clusters
  1      2      3    
0.077  0.444  0.479  

--------------------------------------------

Allele-freq. divergence among pops (Net nucleotide distance),
computed using point estimates of P.

      1       2       3      
 1      -    0.0225  0.0231  
 2   0.0225     -    0.0003  
 3   0.0231  0.0003     -    

Average distances (expected heterozygosity) between individuals in same cluster:
cluster  1  : 0.2219 
cluster  2  : 0.2554 
cluster  3  : 0.2543 

--------------------------------------------
Estimated Ln Prob of Data   = -1711234.9
Mean value of ln likelihood = -1705867.7
Variance of ln likelihood   = 10734.4
Mean value of alpha         = 0.0573

Mean value of Fst_1         = 0.2100
Mean value of Fst_2         = 0.0023
Mean value of Fst_3         = 0.0039


Inferred ancestry of individuals:
        Label (%Miss) :  Inferred clusters
  1 AB812s-002    (1)   :  0.002 0.962 0.036 
  2 AB812s-004    (0)   :  0.002 0.976 0.022 
  3 AB812s-005    (0)   :  0.019 0.966 0.015 
  4 AB812s-008    (1)   :  0.005 0.987 0.008 
  5 AB812s-009    (1)   :  0.003 0.027 0.969 
  6 AB812s-011    (0)   :  0.007 0.952 0.041 
  7 AB812s-012    (1)   :  0.001 0.962 0.036 
  8 AB812s-013    (0)   :  0.001 0.991 0.008 
  9 AB812s-014    (0)   :  0.000 0.982 0.018 
 10 AB812s-015    (0)   :  0.003 0.851 0.146 
 11 AB812s-017    (0)   :  0.001 0.993 0.006 
 12 AB812s-018    (0)   :  0.006 0.949 0.045 
 13 AB812s-019    (1)   :  0.002 0.955 0.043 
 14 AB812s-020    (1)   :  0.002 0.955 0.043 
 15 AB812s-021    (1)   :  0.003 0.930 0.067 
 16 AB812s-022    (0)   :  0.009 0.905 0.086 
 17 AB812s-024    (0)   :  0.006 0.970 0.025 
 18 AB812s-027    (0)   :  0.132 0.864 0.004 
 19 AB812s-029    (0)   :  0.016 0.933 0.051 
 20 AB812s-030    (0)   :  0.003 0.093 0.904 
 21 AB812s-031    (0)   :  0.060 0.592 0.348 
 22 AB812s-032    (0)   :  0.013 0.927 0.059 
 23 FI1012-001    (1)   :  1.000 0.000 0.000 
 24 FI1012-001r    (0)   :  1.000 0.000 0.000 
 25 FI1012-002    (0)   :  1.000 0.000 0.000 
 26 FI1012-005    (1)   :  0.998 0.001 0.001 
 27 FI1012-007    (1)   :  0.999 0.000 0.001 
 28 FI1012-010    (1)   :  1.000 0.000 0.000 
 29 FI1012-011    (1)   :  0.989 0.008 0.003 
 30 FI1012-012    (1)   :  1.000 0.000 0.000 
 31 FI1012-013    (0)   :  1.000 0.000 0.000 
 32 FI1012-014    (1)   :  1.000 0.000 0.000 
 33 FI1012-016    (1)   :  1.000 0.000 0.000 
 34 FI1012-019    (1)   :  0.991 0.006 0.003 
 35 FI1012-020    (0)   :  1.000 0.000 0.000 
 36 FIS1013a-00    (1)   :  0.893 0.068 0.038 
 37 FIS1013a-00    (1)   :  0.931 0.044 0.025 
 38 FIS1013a-00    (0)   :  0.721 0.271 0.009 
 39 FIS1013a-00    (1)   :  0.966 0.018 0.016 
 40 FIS1013a-00    (1)   :  0.845 0.137 0.017 
 41 FIS1013a-01    (0)   :  0.902 0.090 0.007 
 42 FIS1013a-01    (0)   :  0.890 0.081 0.029 
 43 FIS1013a-01    (1)   :  0.801 0.159 0.040 
 44 FIS1013a-01    (1)   :  0.702 0.294 0.004 
 45 FIS1013a-01    (1)   :  0.970 0.018 0.012 
 46 FIS1013a-02    (1)   :  0.994 0.004 0.002 
 47 FIS1013a-02    (1)   :  0.862 0.025 0.113 
 48 FIS1013a-02    (1)   :  0.881 0.071 0.049 
 49 FIS1013a-02    (1)   :  0.911 0.061 0.028 
 50 HH0512a-001    (1)   :  0.001 0.009 0.990 
 51 HH0512a-002    (0)   :  0.000 0.004 0.995 
 52 HH0512a-004    (0)   :  0.002 0.260 0.739 
 53 HH0512a-006    (0)   :  0.001 0.011 0.988 
 54 HH0512a-007    (1)   :  0.002 0.016 0.982 
 55 HH0512a-009    (0)   :  0.002 0.758 0.240 
 56 HH0512a-010    (0)   :  0.000 0.836 0.164 
 57 HH0512a-012    (0)   :  0.001 0.037 0.962 
 58 HH0512a-013    (1)   :  0.009 0.089 0.902 
 59 HH0512a-015    (0)   :  0.002 0.604 0.394 
 60 HH0512a-017    (0)   :  0.006 0.758 0.237 
 61 HH0512a-018    (1)   :  0.000 0.007 0.993 
 62 HH0512a-020    (1)   :  0.000 0.059 0.940 
 63 HH0512a-021    (1)   :  0.001 0.018 0.981 
 64 HH0512a-022    (0)   :  0.001 0.011 0.988 
 65 HH0512a-023    (0)   :  0.001 0.057 0.943 
 66 HH0512a-029    (0)   :  0.005 0.007 0.988 
 67 HH1013a-001    (1)   :  0.002 0.009 0.990 
 68 HH1013a-002    (0)   :  0.001 0.759 0.240 
 69 HH1013a-003    (0)   :  0.008 0.011 0.982 
 70 HH1013a-005    (0)   :  0.003 0.008 0.989 
 71 HH1013a-006    (0)   :  0.003 0.124 0.874 
 72 HH1013a-007    (0)   :  0.001 0.003 0.996 
 73 HH1013a-009    (0)   :  0.003 0.043 0.954 
 74 HH1013a-010    (0)   :  0.003 0.013 0.984 
 75 HH1013a-011    (1)   :  0.000 0.017 0.982 
 76 HH1013a-012    (0)   :  0.001 0.016 0.983 
 77 HH1013a-013    (0)   :  0.001 0.963 0.036 
 78 HH1013a-014    (1)   :  0.001 0.765 0.234 
 79 HH1013a-015    (1)   :  0.002 0.057 0.941 
 80 HH1013a-016    (0)   :  0.004 0.007 0.989 
 81 HH1013a-017    (0)   :  0.001 0.202 0.796 
 82 HH1013a-018    (1)   :  0.011 0.019 0.970 
 83 HH1013a-019    (0)   :  0.003 0.014 0.983 
 84 HH1013a-020    (0)   :  0.001 0.617 0.382 
 85 HH1013a-021    (0)   :  0.001 0.149 0.850 
 86 HH1013a-022    (0)   :  0.006 0.871 0.123 
 87 HH1013a-023    (1)   :  0.001 0.011 0.988 
 88 HH1013a-024    (1)   :  0.003 0.028 0.970 
 89 HH1013s-001    (1)   :  0.004 0.065 0.931 
 90 HH1013s-002    (1)   :  0.002 0.045 0.953 
 91 HH1013s-003    (0)   :  0.004 0.937 0.059 
 92 HH1013s-005    (1)   :  0.001 0.055 0.944 
 93 HH1013s-006    (1)   :  0.002 0.069 0.928 
 94 HH1013s-007    (0)   :  0.001 0.058 0.941 
 95 HH1013s-008    (0)   :  0.001 0.010 0.989 
 96 HH1013s-009    (1)   :  0.001 0.044 0.955 
 97 HH1013s-010    (1)   :  0.001 0.016 0.983 
 98 HH1013s-011    (1)   :  0.003 0.004 0.993 
 99 HH1013s-012    (1)   :  0.000 0.036 0.963 
100 HH1013s-013    (0)   :  0.001 0.018 0.981 
101 HH1013s-014    (0)   :  0.001 0.028 0.971 
102 HH1013s-016    (1)   :  0.001 0.037 0.962 
103 HH1013s-017    (1)   :  0.002 0.010 0.988 
104 HH1013s-018    (1)   :  0.001 0.089 0.910 
105 HH1013s-019    (0)   :  0.001 0.202 0.797 
106 HH1013s-020    (0)   :  0.003 0.076 0.922 
107 HH1013s-021    (1)   :  0.001 0.013 0.986 
108 HH1013s-022    (0)   :  0.000 0.042 0.957 
109 HH1013s-023    (0)   :  0.003 0.025 0.973 
110 HH1013s-024    (0)   :  0.001 0.012 0.986 
111 HH1013s-025    (1)   :  0.009 0.016 0.975 
112 HH812s-001    (1)   :  0.003 0.018 0.979 
113 HH812s-003    (1)   :  0.003 0.043 0.954 
114 HH812s-006    (0)   :  0.002 0.013 0.985 
115 HH812s-010    (1)   :  0.003 0.009 0.988 
116 HH812s-013    (0)   :  0.005 0.017 0.978 
117 HH812s-018    (0)   :  0.002 0.070 0.929 
118 HH812s-019    (1)   :  0.018 0.432 0.550 
119 HH812s-024    (0)   :  0.002 0.006 0.992 
120 HH812s-025    (0)   :  0.002 0.023 0.975 
121 HH812s-030    (0)   :  0.013 0.048 0.939 
122 HH812s-035    (0)   :  0.001 0.007 0.991 
123 HH812s-036    (1)   :  0.001 0.018 0.981 
124 HH812s-037    (0)   :  0.000 0.029 0.971 
125 HH812s-039    (1)   :  0.002 0.326 0.673 
126 HH812s-040    (0)   :  0.001 0.154 0.845 
127 HH812s-042    (0)   :  0.001 0.010 0.990 
128 HH812s-046    (0)   :  0.001 0.004 0.995 
129 HH812s-048    (0)   :  0.001 0.014 0.986 
130 HH812s-050    (1)   :  0.003 0.016 0.981 
131 HH812s-052    (1)   :  0.006 0.042 0.952 
132 HH812s-054    (1)   :  0.001 0.043 0.956 
133 HH812s-056    (1)   :  0.011 0.018 0.971 
134 HH912s-109    (0)   :  0.002 0.023 0.975 
135 HH912s-110    (0)   :  0.001 0.034 0.965 
136 HH912s-111    (0)   :  0.001 0.031 0.968 
137 HH912s-113    (0)   :  0.001 0.036 0.963 
138 HH912s-114    (0)   :  0.001 0.284 0.715 
139 HH912s-115    (0)   :  0.005 0.007 0.988 
140 HH912s-116    (1)   :  0.001 0.343 0.656 
141 HH912s-117    (0)   :  0.010 0.098 0.892 
142 HH912s-118    (1)   :  0.004 0.162 0.834 
143 HH912s-119    (1)   :  0.001 0.028 0.971 
144 HH912s-120    (0)   :  0.001 0.047 0.952 
145 HH912s-121    (0)   :  0.001 0.009 0.990 
146 HH912s-122    (1)   :  0.002 0.015 0.983 
147 HH912s-123    (0)   :  0.001 0.011 0.988 
148 HH912s-124    (0)   :  0.002 0.016 0.982 
149 HH912s-125    (0)   :  0.003 0.616 0.381 
150 HH912s-126    (0)   :  0.005 0.101 0.894 
151 HH912s-127    (0)   :  0.001 0.021 0.978 
152 HH912s-128    (0)   :  0.001 0.006 0.992 
153 HH912s-129    (0)   :  0.001 0.041 0.958 
154 HH912s-130    (0)   :  0.002 0.063 0.935 
155 HH912s-131    (0)   :  0.002 0.026 0.972 
156 HH912s-132    (0)   :  0.004 0.160 0.836 
157 IRV1012-001    (0)   :  0.011 0.089 0.900 
158 IRV1012-002    (0)   :  0.001 0.028 0.971 
159 IRV1012-003    (0)   :  0.002 0.011 0.987 
160 IRV1012-004    (1)   :  0.001 0.020 0.979 
161 IRV1012-006    (0)   :  0.001 0.008 0.991 
162 IRV1012-007    (0)   :  0.001 0.040 0.959 
163 IRV1012-008    (0)   :  0.002 0.813 0.185 
164 IRV1012-009    (1)   :  0.001 0.095 0.903 
165 IRV1012-010    (0)   :  0.001 0.021 0.978 
166 IRV1012-011    (0)   :  0.001 0.011 0.988 
167 IRV1012-012    (0)   :  0.001 0.670 0.329 
168 IRV1012-013    (0)   :  0.003 0.773 0.225 
169 IRV1012-014    (0)   :  0.000 0.034 0.966 
170 IRV1012-015    (0)   :  0.002 0.024 0.974 
171 IRV1012-016    (0)   :  0.001 0.030 0.969 
172 IRV1012-017    (0)   :  0.001 0.029 0.970 
173 IRV1012-018    (1)   :  0.001 0.023 0.976 
174 IRV1012-019    (0)   :  0.003 0.021 0.976 
175 IRV1012-020    (0)   :  0.001 0.427 0.572 
176 IRV1012-021    (0)   :  0.002 0.005 0.993 
177 IRV1012-022    (0)   :  0.000 0.007 0.993 
178 IRV1012-023    (0)   :  0.001 0.013 0.986 
179 IRV1012-024    (1)   :  0.014 0.031 0.955 
180 NTC1013a-00    (0)   :  0.016 0.948 0.036 
181 NTC1013a-00    (1)   :  0.002 0.991 0.007 
182 NTC1013a-00    (0)   :  0.001 0.955 0.043 
183 NTC1013a-00    (1)   :  0.005 0.778 0.217 
184 NTC1013a-00    (1)   :  0.034 0.943 0.023 
185 NTC1013a-00    (0)   :  0.002 0.827 0.171 
186 NTC1013a-00    (1)   :  0.005 0.953 0.042 
187 NTC1013a-00    (0)   :  0.034 0.942 0.024 
188 NTC1013a-01    (0)   :  0.054 0.917 0.029 
189 NTC1013a-01    (0)   :  0.003 0.985 0.012 
190 NTC1013a-01    (0)   :  0.031 0.959 0.010 
191 NTC1013a-01    (0)   :  0.196 0.804 0.000 
192 NTC1013a-01    (0)   :  0.002 0.984 0.015 
193 NTC1013a-01    (0)   :  0.003 0.915 0.082 
194 NTC1013a-01    (0)   :  0.003 0.985 0.012 
195 NTC1013a-01    (1)   :  0.003 0.951 0.047 
196 NTC1013a-01    (0)   :  0.002 0.974 0.025 
197 NTC1013a-01    (0)   :  0.001 0.974 0.025 
198 NTC1013a-02    (0)   :  0.003 0.953 0.044 
199 NTC1013a-02    (0)   :  0.002 0.990 0.007 
200 PM1012-01    (0)   :  0.001 0.013 0.986 
201 PM1012-02    (1)   :  0.001 0.012 0.987 
202 PM1012-04    (1)   :  0.001 0.130 0.869 
203 PM1012-06    (0)   :  0.006 0.020 0.973 
204 PM1012-07    (0)   :  0.001 0.022 0.977 
205 PM1012-09    (0)   :  0.003 0.093 0.904 
206 PM1012-10    (0)   :  0.001 0.016 0.983 
207 PM1012-13    (0)   :  0.000 0.034 0.966 
208 PM1012-14    (0)   :  0.003 0.275 0.721 
209 PM1012-16    (1)   :  0.001 0.017 0.982 
210 PM1012-17    (0)   :  0.001 0.597 0.403 
211 PM1012-23    (0)   :  0.001 0.007 0.992 
212 PM1012-24    (1)   :  0.001 0.031 0.968 
213 PM1012-25    (0)   :  0.001 0.036 0.963 
214 PM1012-26    (3)   :  0.002 0.005 0.993 
215 PM1012-27    (0)   :  0.025 0.082 0.893 
216 PRA1013a-00    (1)   :  0.001 0.041 0.959 
217 PRA1013a-00    (1)   :  0.001 0.033 0.966 
218 PRA1013a-00    (0)   :  0.001 0.012 0.987 
219 PRA1013a-00    (0)   :  0.001 0.009 0.991 
220 PRA1013a-00    (0)   :  0.003 0.003 0.994 
221 PRA1013a-00    (0)   :  0.001 0.828 0.172 
222 PRA1013a-00    (1)   :  0.001 0.133 0.866 
223 PRA1013a-01    (0)   :  0.277 0.717 0.006 
224 PRA1013a-01    (1)   :  0.001 0.965 0.034 
225 PRA1013a-01    (0)   :  0.002 0.940 0.058 
226 PRA1013a-01    (0)   :  0.001 0.011 0.988 
227 PRA1013a-01    (1)   :  0.003 0.973 0.025 
228 PRA1013a-02    (1)   :  0.001 0.038 0.961 
229 PRA1013a-02    (1)   :  0.001 0.059 0.939 
230 PRA1013a-02    (0)   :  0.001 0.005 0.994 
231 PRA1013a-03    (0)   :  0.003 0.029 0.968 
232 PRA1013a-03    (1)   :  0.001 0.006 0.994 
233 PRA1013a-03    (0)   :  0.001 0.005 0.994 
234 PRA1013a-03    (0)   :  0.003 0.006 0.991 
235 PRA1013a-03    (0)   :  0.005 0.522 0.473 
236 PRA1013a-03    (0)   :  0.001 0.020 0.979 
237 PRA1013a-03    (0)   :  0.002 0.063 0.935 
238 PRA1013a-03    (1)   :  0.011 0.010 0.979 
239 RI812s-001    (0)   :  0.036 0.953 0.011 
240 RI812s-002    (1)   :  0.056 0.933 0.011 
241 RI812s-003    (1)   :  0.009 0.941 0.050 
242 RI812s-005    (1)   :  0.010 0.983 0.008 
243 RI812s-006    (0)   :  0.001 0.989 0.010 
244 RI812s-007    (0)   :  0.002 0.980 0.018 
245 RI812s-009    (0)   :  0.079 0.915 0.006 
246 RI812s-010    (1)   :  0.043 0.852 0.106 
247 RI812s-011    (0)   :  0.038 0.946 0.016 
248 RI812s-013    (1)   :  0.002 0.383 0.616 
249 RI812s-014    (1)   :  0.002 0.986 0.011 
250 RI812s-015    (0)   :  0.002 0.986 0.012 
251 RI812s-016    (0)   :  0.232 0.755 0.013 
252 SV0512a-001    (0)   :  0.001 0.970 0.029 
253 SV0512a-002    (1)   :  0.003 0.979 0.018 
254 SV0512a-003    (0)   :  0.005 0.890 0.105 
255 SV0512a-005    (1)   :  0.001 0.971 0.028 
256 SV0512a-007    (1)   :  0.085 0.911 0.005 
257 SV0512a-008    (1)   :  0.062 0.931 0.007 
258 SV0512a-009    (1)   :  0.001 0.978 0.021 
259 SV0512a-010    (0)   :  0.003 0.943 0.054 
260 SV0512a-011    (0)   :  0.202 0.795 0.003 
261 SV0512a-013    (1)   :  0.002 0.100 0.898 
262 SV0512a-014    (6)   :  0.003 0.718 0.279 
263 SV0512a-016    (1)   :  0.002 0.958 0.040 
264 SV0512a-018    (4)   :  0.099 0.449 0.452 
265 SV0512a-021    (2)   :  0.009 0.970 0.021 
266 SV0512a-022    (0)   :  0.020 0.974 0.006 
267 SV0512a-023    (2)   :  0.001 0.992 0.006 
268 SV0512a-024    (0)   :  0.019 0.976 0.005 
269 SV0512a-025    (0)   :  0.002 0.941 0.057 
270 SV0512a-027    (0)   :  0.001 0.978 0.021 
271 SV0512a-028    (3)   :  0.043 0.720 0.237 
272 SV1013a-001    (0)   :  0.055 0.935 0.011 
273 SV1013a-002    (1)   :  0.001 0.733 0.267 
274 SV1013a-003    (0)   :  0.002 0.896 0.102 
275 SV1013a-005    (0)   :  0.026 0.969 0.005 
276 SV1013a-006    (0)   :  0.002 0.981 0.017 
277 SV1013a-007    (0)   :  0.001 0.988 0.011 
278 SV1013a-008    (0)   :  0.002 0.992 0.006 
279 SV1013a-009    (0)   :  0.042 0.918 0.040 
280 SV1013a-010    (1)   :  0.003 0.931 0.065 
281 SV1013a-011    (0)   :  0.001 0.540 0.459 
282 SV1013a-012    (0)   :  0.027 0.966 0.006 
283 SV1013a-013    (0)   :  0.003 0.888 0.109 
284 SV1013a-014    (0)   :  0.001 0.982 0.016 
285 SV1013a-015    (0)   :  0.001 0.972 0.026 
286 SV1013a-016    (0)   :  0.001 0.908 0.091 
287 SV1013a-017    (0)   :  0.011 0.648 0.341 
288 SV1013a-018    (0)   :  0.001 0.877 0.123 
289 SV1013a-019    (0)   :  0.014 0.976 0.010 
290 SV1013a-020    (0)   :  0.145 0.829 0.026 
291 SV1013a-021    (0)   :  0.001 0.955 0.045 
292 SV1013a-022    (1)   :  0.056 0.939 0.005 
293 SV1013a-023    (0)   :  0.006 0.969 0.025 
294 SV1013a-024    (0)   :  0.040 0.945 0.014 
295 SV812s-026    (1)   :  0.003 0.955 0.041 
296 SV812s-027    (0)   :  0.045 0.684 0.271 
297 SV812s-029    (0)   :  0.000 0.859 0.141 
298 SV812s-030    (0)   :  0.066 0.858 0.075 
299 SV812s-031    (0)   :  0.003 0.982 0.015 
300 SV812s-032    (0)   :  0.057 0.939 0.004 
301 SV812s-033    (0)   :  0.001 0.985 0.014 
302 SV812s-034    (0)   :  0.005 0.985 0.010 
303 SV812s-037    (0)   :  0.008 0.191 0.801 
304 SV812s-038    (0)   :  0.001 0.965 0.035 
305 SV812s-039    (0)   :  0.001 0.873 0.126 
306 SV812s-040    (0)   :  0.003 0.648 0.349 
307 SV812s-041    (0)   :  0.001 0.987 0.012 
308 SV812s-042    (0)   :  0.001 0.991 0.008 
309 SV812s-043    (1)   :  0.018 0.280 0.702 
310 SV812s-044    (0)   :  0.001 0.977 0.022 
311 SV812s-046    (0)   :  0.013 0.956 0.031 
312 SV812s-047    (0)   :  0.001 0.846 0.153 
313 SV812s-048    (1)   :  0.001 0.975 0.024 
314 SV812s-049    (0)   :  0.001 0.955 0.044 
315 SV812s-050    (1)   :  0.001 0.861 0.138 
316 SV812s-051    (0)   :  0.002 0.968 0.029 
317 SV812s-052    (0)   :  0.041 0.948 0.010 
318 SV912s-001    (1)   :  0.003 0.979 0.018 
319 SV912s-002    (0)   :  0.030 0.830 0.140 
320 SV912s-003    (0)   :  0.077 0.874 0.049 
321 SV912s-005    (1)   :  0.069 0.905 0.026 
322 SV912s-006    (1)   :  0.000 0.992 0.008 
323 SV912s-007    (0)   :  0.002 0.976 0.022 
324 SV912s-008    (1)   :  0.001 0.933 0.065 
325 SV912s-009    (0)   :  0.001 0.976 0.023 
326 SV912s-010    (1)   :  0.001 0.973 0.027 
327 SV912s-011    (1)   :  0.003 0.971 0.025 
328 SV912s-012    (1)   :  0.036 0.946 0.018 
329 SV912s-013    (0)   :  0.001 0.961 0.038 
330 SV912s-014    (1)   :  0.046 0.867 0.087 
331 SV912s-015    (0)   :  0.002 0.984 0.013 
332 SV912s-017    (0)   :  0.013 0.925 0.062 
333 SV912s-018    (1)   :  0.001 0.890 0.109 
334 SV912s-019    (1)   :  0.001 0.286 0.713 
335 SV912s-020    (1)   :  0.051 0.942 0.007 
336 SV912s-021    (0)   :  0.003 0.898 0.099 
337 SV912s-022    (0)   :  0.002 0.841 0.157 
338 SV912s-023    (0)   :  0.028 0.091 0.881 
339 SV912s-024    (0)   :  0.001 0.012 0.988 
340 SV912s-025    (1)   :  0.001 0.052 0.947 
341 TPZ0713-001    (1)   :  0.001 0.015 0.984 
342 TPZ0713-002    (1)   :  0.001 0.421 0.578 
343 TPZ0713-003    (0)   :  0.001 0.099 0.900 
344 TPZ0713-005    (0)   :  0.009 0.043 0.949 
345 TPZ0713-006    (1)   :  0.007 0.009 0.984 
346 TPZ0713-007    (1)   :  0.001 0.109 0.890 
347 TPZ0713-009    (1)   :  0.002 0.029 0.969 
348 TPZ0713-011    (1)   :  0.001 0.034 0.966 
349 TPZ0713-012    (1)   :  0.001 0.006 0.993 
350 TPZ0713-013    (0)   :  0.001 0.003 0.996 
351 TPZ0713-014    (1)   :  0.002 0.008 0.990 
352 TPZ0713-015    (0)   :  0.001 0.107 0.892 
353 TPZ0713-016    (0)   :  0.001 0.068 0.931 
354 TPZ0713-020    (1)   :  0.002 0.235 0.763 
355 TPZ0713-021    (1)   :  0.007 0.010 0.983 
356 TPZ0713-023    (0)   :  0.001 0.007 0.992 
357 TPZ0713-024    (1)   :  0.000 0.557 0.443 
358 TPZ0713-025    (1)   :  0.001 0.004 0.994 
359 TPZ0713-028    (1)   :  0.001 0.007 0.992 
360 TPZ0713-029    (1)   :  0.007 0.022 0.971 
361 WFM812s-049    (0)   :  0.000 0.981 0.019 
362 WFM812s-050    (1)   :  0.001 0.744 0.255 
363 WFM812s-051    (1)   :  0.001 0.983 0.016 
364 WFM812s-054    (0)   :  0.002 0.979 0.019 
365 WFM812s-056    (0)   :  0.001 0.960 0.039 
366 WFM812s-057    (1)   :  0.001 0.992 0.006 
367 WFM812s-058    (0)   :  0.002 0.804 0.194 
368 WFM812s-059    (0)   :  0.013 0.977 0.009 
369 WFM812s-060    (1)   :  0.219 0.710 0.072 
370 WFM812s-062    (0)   :  0.001 0.947 0.051 
371 WFM812s-063    (0)   :  0.003 0.796 0.201 
372 WFM812s-064    (0)   :  0.012 0.943 0.045 
373 WFM812s-065    (0)   :  0.002 0.978 0.020 
374 WFM812s-066    (0)   :  0.001 0.986 0.013 
375 WFM812s-067    (0)   :  0.003 0.987 0.010 
376 WFM812s-068    (1)   :  0.001 0.957 0.042 
377 WFM812s-069    (0)   :  0.002 0.433 0.566 
378 WFM812s-071    (0)   :  0.007 0.297 0.697 
379 WFM812s-072    (0)   :  0.009 0.981 0.011 
380 WFM812s-073    (1)   :  0.002 0.819 0.179 


Estimated Allele Frequencies in each cluster
First column gives estimated ancestral frequencies


Locus 1 : NC_035780.1:72 
2 alleles
1.1% missing data
   2   (0.801) 0.918 0.806 0.794 
   1   (0.199) 0.082 0.194 0.206 

Locus 2 : NC_035780.1:72 
2 alleles
1.1% missing data
   2   (0.889) 0.990 0.885 0.896 
   1   (0.111) 0.010 0.115 0.104 

Locus 3 : NC_035780.1:44 
2 alleles
0.3% missing data
   2   (0.930) 0.995 0.931 0.931 
   1   (0.070) 0.005 0.069 0.069 

Locus 4 : NC_035780.1:31 
2 alleles
0.0% missing data
   2   (0.902) 0.823 0.901 0.910 
   1   (0.098) 0.177 0.099 0.090 

Locus 5 : NC_035780.1:36 
2 alleles
0.0% missing data
   2   (0.667) 0.641 0.660 0.682 
   1   (0.333) 0.359 0.340 0.318 

Locus 6 : NC_035780.1:38 
2 alleles
0.0% missing data
   1   (0.176) 0.067 0.173 0.180 
   2   (0.824) 0.933 0.827 0.820 

Locus 7 : NC_035780.1:38 
2 alleles
0.0% missing data
   2   (0.789) 0.964 0.795 0.776 
   1   (0.211) 0.036 0.205 0.224 

Locus 8 : NC_035780.1:38 
2 alleles
0.0% missing data
   1   (0.113) 0.249 0.113 0.106 
   2   (0.887) 0.751 0.887 0.894 

Locus 9 : NC_035780.1:38 
2 alleles
0.0% missing data
   2   (0.913) 0.887 0.914 0.918 
   1   (0.087) 0.113 0.086 0.082 

Locus 10 : NC_035780.1:41 
2 alleles
3.2% missing data
   2   (0.829) 0.881 0.837 0.818 
   1   (0.171) 0.119 0.163 0.182 

Locus 11 : NC_035780.1:44 
2 alleles
0.0% missing data
   2   (0.900) 0.993 0.910 0.881 
   1   (0.100) 0.007 0.090 0.119 

Locus 12 : NC_035780.1:44 
2 alleles
0.0% missing data
   2   (0.904) 0.993 0.905 0.904 
   1   (0.096) 0.007 0.095 0.096 

Locus 13 : NC_035780.1:54 
2 alleles
3.7% missing data
   2   (0.911) 0.993 0.905 0.922 
   1   (0.089) 0.007 0.095 0.078 

Locus 14 : NC_035780.1:55 
2 alleles
0.3% missing data
   2   (0.933) 0.995 0.934 0.934 
   1   (0.067) 0.005 0.066 0.066 

Locus 15 : NC_035780.1:59 
2 alleles
0.0% missing data
   1   (0.405) 0.343 0.408 0.399 
   2   (0.595) 0.657 0.592 0.601 

Locus 16 : NC_035780.1:84 
2 alleles
1.8% missing data
   2   (0.910) 0.992 0.906 0.917 
   1   (0.090) 0.008 0.094 0.083 

Locus 17 : NC_035780.1:90 
2 alleles
1.3% missing data
   2   (0.913) 0.959 0.910 0.923 
   1   (0.087) 0.041 0.090 0.077 

Locus 18 : NC_035780.1:90 
2 alleles
1.3% missing data
   2   (0.936) 0.995 0.944 0.921 
   1   (0.064) 0.005 0.056 0.079 

Locus 19 : NC_035780.1:98 
2 alleles
0.0% missing data
   2   (0.846) 0.989 0.851 0.838 
   1   (0.154) 0.011 0.149 0.162 

Locus 20 : NC_035780.1:98 
2 alleles
0.0% missing data
   1   (0.491) 0.298 0.487 0.501 
   2   (0.509) 0.702 0.513 0.499 

Locus 21 : NC_035780.1:98 
2 alleles
0.0% missing data
   2   (0.819) 0.794 0.823 0.818 
   1   (0.181) 0.206 0.177 0.182 

Locus 22 : NC_035780.1:10 
2 alleles
3.9% missing data
   1   (0.265) 0.211 0.265 0.264 
   2   (0.735) 0.789 0.735 0.736 

Locus 23 : NC_035780.1:11 
2 alleles
0.0% missing data
   1   (0.157) 0.200 0.153 0.159 
   2   (0.843) 0.800 0.847 0.841 

Locus 24 : NC_035780.1:13 
2 alleles
0.0% missing data
   1   (0.195) 0.014 0.201 0.189 
   2   (0.805) 0.986 0.799 0.811 

Locus 25 : NC_035780.1:13 
2 alleles
0.0% missing data
   2   (0.724) 0.468 0.735 0.711 
   1   (0.276) 0.532 0.265 0.289 

Locus 26 : NC_035780.1:15 
2 alleles
0.3% missing data
   2   (0.942) 0.821 0.944 0.946 
   1   (0.058) 0.179 0.056 0.054 

Locus 27 : NC_035780.1:16 
2 alleles
0.0% missing data
   2   (0.910) 0.677 0.913 0.912 
   1   (0.090) 0.323 0.087 0.088 

Locus 28 : NC_035780.1:16 
2 alleles
0.0% missing data
   1   (0.171) 0.019 0.185 0.152 
   2   (0.829) 0.981 0.815 0.848 

Locus 29 : NC_035780.1:16 
2 alleles
5.8% missing data
   2   (0.925) 0.867 0.919 0.939 
   1   (0.075) 0.133 0.081 0.061 

Locus 30 : NC_035780.1:16 
2 alleles
5.8% missing data
   2   (0.941) 0.871 0.940 0.950 
   1   (0.059) 0.129 0.060 0.050 

Locus 31 : NC_035780.1:17 
2 alleles
0.0% missing data
   2   (0.905) 0.870 0.902 0.915 
   1   (0.095) 0.130 0.098 0.085 

Locus 32 : NC_035780.1:18 
2 alleles
0.3% missing data
   2   (0.923) 0.988 0.924 0.924 
   1   (0.077) 0.012 0.076 0.076 

Locus 33 : NC_035780.1:18 
2 alleles
1.3% missing data
   2   (0.939) 0.806 0.940 0.943 
   1   (0.061) 0.194 0.060 0.057 

Locus 34 : NC_035780.1:19 
2 alleles
0.0% missing data
   1   (0.284) 0.128 0.292 0.270 
   2   (0.716) 0.872 0.708 0.730 

Locus 35 : NC_035780.1:20 
2 alleles
0.5% missing data
   1   (0.461) 0.210 0.470 0.450 
   2   (0.539) 0.790 0.530 0.550 

Locus 36 : NC_035780.1:22 
2 alleles
1.6% missing data
   1   (0.209) 0.070 0.215 0.198 
   2   (0.791) 0.930 0.785 0.802 

Locus 37 : NC_035780.1:22 
2 alleles
1.6% missing data
   2   (0.881) 0.991 0.890 0.864 
   1   (0.119) 0.009 0.110 0.136 

Locus 38 : NC_035780.1:24 
2 alleles
0.0% missing data
   1   (0.465) 0.684 0.469 0.455 
   2   (0.535) 0.316 0.531 0.545 

Locus 39 : NC_035780.1:24 
2 alleles
0.0% missing data
   2   (0.860) 0.856 0.861 0.862 
   1   (0.140) 0.144 0.139 0.138 

Locus 40 : NC_035780.1:24 
2 alleles
0.0% missing data
   2   (0.890) 0.929 0.886 0.902 
   1   (0.110) 0.071 0.114 0.098 

Locus 41 : NC_035780.1:25 
2 alleles
0.3% missing data
   2   (0.816) 0.969 0.802 0.837 
   1   (0.184) 0.031 0.198 0.163 

Locus 42 : NC_035780.1:26 
2 alleles
0.8% missing data
   1   (0.351) 0.350 0.344 0.363 
   2   (0.649) 0.650 0.656 0.637 

Locus 43 : NC_035780.1:26 
2 alleles
0.8% missing data
   2   (0.816) 0.786 0.801 0.844 
   1   (0.184) 0.214 0.199 0.156 

Locus 44 : NC_035780.1:26 
2 alleles
0.0% missing data
   1   (0.298) 0.490 0.300 0.291 
   2   (0.702) 0.510 0.700 0.709 

Locus 45 : NC_035780.1:27 
2 alleles
0.0% missing data
   2   (0.909) 0.929 0.909 0.913 
   1   (0.091) 0.071 0.091 0.087 

Locus 46 : NC_035780.1:27 
2 alleles
0.0% missing data
   2   (0.964) 0.998 0.968 0.959 
   1   (0.036) 0.002 0.032 0.041 

Locus 47 : NC_035780.1:27 
2 alleles
3.4% missing data
   2   (0.870) 0.990 0.864 0.878 
   1   (0.130) 0.010 0.136 0.122 

Locus 48 : NC_035780.1:27 
2 alleles
3.4% missing data
   2   (0.878) 0.675 0.876 0.888 
   1   (0.122) 0.325 0.124 0.112 

Locus 49 : NC_035780.1:28 
2 alleles
3.9% missing data
   2   (0.957) 0.614 0.956 0.967 
   1   (0.043) 0.386 0.044 0.033 

Locus 50 : NC_035780.1:28 
2 alleles
3.9% missing data
   2   (0.910) 0.993 0.908 0.914 
   1   (0.090) 0.007 0.092 0.086 

Locus 51 : NC_035780.1:28 
2 alleles
0.0% missing data
   1   (0.484) 0.266 0.470 0.512 
   2   (0.516) 0.734 0.530 0.488 

Locus 52 : NC_035780.1:28 
2 alleles
0.0% missing data
   2   (0.906) 0.866 0.903 0.916 
   1   (0.094) 0.134 0.097 0.084 

Locus 53 : NC_035780.1:28 
2 alleles
1.1% missing data
   1   (0.179) 0.331 0.180 0.172 
   2   (0.821) 0.669 0.820 0.828 

Locus 54 : NC_035780.1:29 
2 alleles
0.0% missing data
   1   (0.196) 0.058 0.196 0.195 
   2   (0.804) 0.942 0.804 0.805 

Locus 55 : NC_035780.1:29 
2 alleles
0.0% missing data
   2   (0.943) 0.729 0.946 0.947 
   1   (0.057) 0.271 0.054 0.053 

Locus 56 : NC_035780.1:29 
2 alleles
0.0% missing data
   2   (0.830) 0.813 0.825 0.843 
   1   (0.170) 0.187 0.175 0.157 

Locus 57 : NC_035780.1:29 
2 alleles
0.0% missing data
   2   (0.905) 0.993 0.899 0.916 
   1   (0.095) 0.007 0.101 0.084 

Locus 58 : NC_035780.1:30 
2 alleles
0.3% missing data
   2   (0.932) 0.995 0.934 0.931 
   1   (0.068) 0.005 0.066 0.069 

Locus 59 : NC_035780.1:31 
2 alleles
0.8% missing data
   2   (0.893) 0.992 0.892 0.893 
   1   (0.107) 0.008 0.108 0.107 

Locus 60 : NC_035780.1:31 
2 alleles
0.8% missing data
   2   (0.637) 0.438 0.633 0.650 
   1   (0.363) 0.562 0.367 0.350 

Locus 61 : NC_035780.1:32 
2 alleles
0.0% missing data
   1   (0.369) 0.481 0.359 0.383 
   2   (0.631) 0.519 0.641 0.617 

Locus 62 : NC_035780.1:32 
2 alleles
0.0% missing data
   2   (0.725) 0.620 0.721 0.738 
   1   (0.275) 0.380 0.279 0.262 

Locus 63 : NC_035780.1:33 
2 alleles
3.4% missing data
   2   (0.948) 0.996 0.950 0.946 
   1   (0.052) 0.004 0.050 0.054 

Locus 64 : NC_035780.1:33 
2 alleles
3.4% missing data
   2   (0.830) 0.419 0.833 0.834 
   1   (0.170) 0.581 0.167 0.166 

Locus 65 : NC_035780.1:37 
2 alleles
0.3% missing data
   2   (0.921) 0.889 0.928 0.916 
   1   (0.079) 0.111 0.072 0.084 

Locus 66 : NC_035780.1:37 
2 alleles
0.3% missing data
   2   (0.875) 0.991 0.872 0.877 
   1   (0.125) 0.009 0.128 0.123 

Locus 67 : NC_035780.1:37 
2 alleles
0.0% missing data
   2   (0.923) 0.995 0.929 0.914 
   1   (0.077) 0.005 0.071 0.086 

Locus 68 : NC_035780.1:37 
2 alleles
0.0% missing data
   2   (0.804) 0.877 0.813 0.793 
   1   (0.196) 0.123 0.187 0.207 

Locus 69 : NC_035780.1:37 
2 alleles
0.0% missing data
   1   (0.140) 0.053 0.143 0.133 
   2   (0.860) 0.947 0.857 0.867 

Locus 70 : NC_035780.1:39 
2 alleles
0.0% missing data
   2   (0.925) 0.994 0.933 0.912 
   1   (0.075) 0.006 0.067 0.088 

Locus 71 : NC_035780.1:39 
2 alleles
0.0% missing data
   2   (0.845) 0.933 0.845 0.846 
   1   (0.155) 0.067 0.155 0.154 

Locus 72 : NC_035780.1:39 
2 alleles
0.0% missing data
   1   (0.309) 0.589 0.309 0.302 
   2   (0.691) 0.411 0.691 0.698 

Locus 73 : NC_035780.1:39 
2 alleles
0.0% missing data
   1   (0.130) 0.018 0.127 0.136 
   2   (0.870) 0.982 0.873 0.864 

Locus 74 : NC_035780.1:39 
2 alleles
2.9% missing data
   2   (0.669) 0.590 0.670 0.672 
   1   (0.331) 0.410 0.330 0.328 

Locus 75 : NC_035780.1:39 
2 alleles
0.3% missing data
   2   (0.878) 0.735 0.877 0.886 
   1   (0.122) 0.265 0.123 0.114 

Locus 76 : NC_035780.1:39 
2 alleles
0.3% missing data
   2   (0.886) 0.987 0.887 0.883 
   1   (0.114) 0.013 0.113 0.117 

Locus 77 : NC_035780.1:39 
2 alleles
0.3% missing data
   2   (0.539) 0.661 0.550 0.519 
   1   (0.461) 0.339 0.450 0.481 

Locus 78 : NC_035780.1:39 
2 alleles
0.3% missing data
   2   (0.970) 0.998 0.971 0.972 
   1   (0.030) 0.002 0.029 0.028 

Locus 79 : NC_035780.1:51 
2 alleles
0.3% missing data
   2   (0.963) 0.998 0.961 0.968 
   1   (0.037) 0.002 0.039 0.032 

Locus 80 : NC_035780.1:51 
2 alleles
1.3% missing data
   1   (0.324) 0.401 0.322 0.325 
   2   (0.676) 0.599 0.678 0.675 

Locus 81 : NC_035780.1:55 
2 alleles
0.0% missing data
   2   (0.905) 0.994 0.905 0.905 
   1   (0.095) 0.006 0.095 0.095 

Locus 82 : NC_035780.1:55 
2 alleles
2.1% missing data
   2   (0.781) 0.612 0.789 0.772 
   1   (0.219) 0.388 0.211 0.228 

Locus 83 : NC_035780.1:55 
2 alleles
0.5% missing data
   2   (0.856) 0.922 0.860 0.851 
   1   (0.144) 0.078 0.140 0.149 

Locus 84 : NC_035780.1:57 
2 alleles
0.0% missing data
   2   (0.949) 0.772 0.946 0.959 
   1   (0.051) 0.228 0.054 0.041 

Locus 85 : NC_035780.1:63 
2 alleles
2.1% missing data
   2   (0.948) 0.817 0.956 0.939 
   1   (0.052) 0.183 0.044 0.061 

Locus 86 : NC_035780.1:63 
2 alleles
1.3% missing data
   2   (0.895) 0.961 0.890 0.908 
   1   (0.105) 0.039 0.110 0.092 

Locus 87 : NC_035780.1:63 
2 alleles
1.3% missing data
   2   (0.736) 0.567 0.745 0.726 
   1   (0.264) 0.433 0.255 0.274 

Locus 88 : NC_035780.1:65 
2 alleles
0.0% missing data
   2   (0.863) 0.915 0.863 0.865 
   1   (0.137) 0.085 0.137 0.135 

Locus 89 : NC_035780.1:65 
2 alleles
0.0% missing data
   2   (0.958) 0.876 0.956 0.969 
   1   (0.042) 0.124 0.044 0.031 

Locus 90 : NC_035780.1:65 
2 alleles
0.0% missing data
   1   (0.233) 0.083 0.230 0.237 
   2   (0.767) 0.917 0.770 0.763 

Locus 91 : NC_035780.1:65 
2 alleles
0.0% missing data
   1   (0.253) 0.168 0.246 0.263 
   2   (0.747) 0.832 0.754 0.737 

Locus 92 : NC_035780.1:70 
2 alleles
2.4% missing data
   2   (0.922) 0.873 0.924 0.925 
   1   (0.078) 0.127 0.076 0.075 

Locus 93 : NC_035780.1:70 
2 alleles
0.3% missing data
   2   (0.956) 0.753 0.964 0.949 
   1   (0.044) 0.247 0.036 0.051 

Locus 94 : NC_035780.1:70 
2 alleles
0.3% missing data
   1   (0.210) 0.219 0.208 0.210 
   2   (0.790) 0.781 0.792 0.790 

Locus 95 : NC_035780.1:71 
2 alleles
1.6% missing data
   1   (0.415) 0.312 0.412 0.422 
   2   (0.585) 0.688 0.588 0.578 

Locus 96 : NC_035780.1:72 
2 alleles
0.0% missing data
   2   (0.933) 0.987 0.945 0.911 
   1   (0.067) 0.013 0.055 0.089 

Locus 97 : NC_035780.1:74 
2 alleles
1.1% missing data
   2   (0.946) 0.699 0.951 0.945 
   1   (0.054) 0.301 0.049 0.055 

Locus 98 : NC_035780.1:75 
2 alleles
0.5% missing data
   2   (0.795) 0.872 0.787 0.810 
   1   (0.205) 0.128 0.213 0.190 

Locus 99 : NC_035780.1:75 
2 alleles
0.5% missing data
   2   (0.866) 0.744 0.874 0.858 
   1   (0.134) 0.256 0.126 0.142 

Locus 100 : NC_035780.1:75 
2 alleles
1.1% missing data
   2   (0.927) 0.994 0.922 0.937 
   1   (0.073) 0.006 0.078 0.063 

Locus 101 : NC_035780.1:75 
2 alleles
0.0% missing data
   1   (0.473) 0.700 0.476 0.462 
   2   (0.527) 0.300 0.524 0.538 

Locus 102 : NC_035780.1:75 
2 alleles
0.3% missing data
   2   (0.900) 0.757 0.900 0.908 
   1   (0.100) 0.243 0.100 0.092 

Locus 103 : NC_035780.1:76 
2 alleles
2.9% missing data
   1   (0.338) 0.610 0.332 0.343 
   2   (0.662) 0.390 0.668 0.657 

Locus 104 : NC_035780.1:76 
2 alleles
2.9% missing data
   2   (0.935) 0.995 0.943 0.920 
   1   (0.065) 0.005 0.057 0.080 

Locus 105 : NC_035780.1:77 
2 alleles
4.5% missing data
   2   (0.847) 0.925 0.829 0.876 
   1   (0.153) 0.075 0.171 0.124 

Locus 106 : NC_035780.1:77 
2 alleles
4.5% missing data
   2   (0.902) 0.664 0.908 0.898 
   1   (0.098) 0.336 0.092 0.102 

Locus 107 : NC_035780.1:79 
2 alleles
0.0% missing data
   2   (0.925) 0.869 0.929 0.926 
   1   (0.075) 0.131 0.071 0.074 

Locus 108 : NC_035780.1:81 
2 alleles
0.0% missing data
   1   (0.460) 0.119 0.471 0.447 
   2   (0.540) 0.881 0.529 0.553 

Locus 109 : NC_035780.1:81 
2 alleles
0.0% missing data
   2   (0.880) 0.959 0.888 0.869 
   1   (0.120) 0.041 0.112 0.131 

Locus 110 : NC_035780.1:81 
2 alleles
0.0% missing data
   1   (0.382) 0.440 0.388 0.370 
   2   (0.618) 0.560 0.612 0.630 

Locus 111 : NC_035780.1:82 
2 alleles
0.0% missing data
   2   (0.926) 0.907 0.931 0.923 
   1   (0.074) 0.093 0.069 0.077 

Locus 112 : NC_035780.1:83 
2 alleles
3.4% missing data
   1   (0.162) 0.011 0.166 0.158 
   2   (0.838) 0.989 0.834 0.842 

Locus 113 : NC_035780.1:83 
2 alleles
3.4% missing data
   2   (0.935) 0.995 0.928 0.948 
   1   (0.065) 0.005 0.072 0.052 

Locus 114 : NC_035780.1:83 
2 alleles
0.0% missing data
   2   (0.932) 0.931 0.937 0.930 
   1   (0.068) 0.069 0.063 0.070 

Locus 115 : NC_035780.1:83 
2 alleles
0.0% missing data
   2   (0.876) 0.600 0.881 0.874 
   1   (0.124) 0.400 0.119 0.126 

Locus 116 : NC_035780.1:84 
2 alleles
0.0% missing data
   2   (0.906) 0.720 0.911 0.907 
   1   (0.094) 0.280 0.089 0.093 

Locus 117 : NC_035780.1:85 
2 alleles
0.3% missing data
   2   (0.889) 0.881 0.896 0.884 
   1   (0.111) 0.119 0.104 0.116 

Locus 118 : NC_035780.1:85 
2 alleles
0.3% missing data
   2   (0.584) 0.855 0.590 0.569 
   1   (0.416) 0.145 0.410 0.431 

Locus 119 : NC_035780.1:86 
2 alleles
0.0% missing data
   2   (0.910) 0.882 0.904 0.927 
   1   (0.090) 0.118 0.096 0.073 

Locus 120 : NC_035780.1:86 
2 alleles
0.0% missing data
   2   (0.596) 0.695 0.615 0.562 
   1   (0.404) 0.305 0.385 0.438 

Locus 121 : NC_035780.1:86 
2 alleles
0.0% missing data
   2   (0.959) 0.997 0.961 0.961 
   1   (0.041) 0.003 0.039 0.039 

Locus 122 : NC_035780.1:86 
2 alleles
0.0% missing data
   2   (0.955) 0.996 0.957 0.953 
   1   (0.045) 0.004 0.043 0.047 

Locus 123 : NC_035780.1:86 
2 alleles
0.0% missing data
   1   (0.185) 0.088 0.191 0.174 
   2   (0.815) 0.912 0.809 0.826 

Locus 124 : NC_035780.1:86 
2 alleles
0.0% missing data
   2   (0.914) 0.961 0.913 0.921 
   1   (0.086) 0.039 0.087 0.079 

Locus 125 : NC_035780.1:86 
2 alleles
0.0% missing data
   1   (0.155) 0.100 0.160 0.144 
   2   (0.845) 0.900 0.840 0.856 

Locus 126 : NC_035780.1:86 
2 alleles
0.0% missing data
   2   (0.912) 0.752 0.919 0.908 
   1   (0.088) 0.248 0.081 0.092 

Locus 127 : NC_035780.1:86 
2 alleles
0.0% missing data
   1   (0.177) 0.045 0.174 0.180 
   2   (0.823) 0.955 0.826 0.820 

Locus 128 : NC_035780.1:86 
2 alleles
0.0% missing data
   2   (0.907) 0.885 0.911 0.907 
   1   (0.093) 0.115 0.089 0.093 

Locus 129 : NC_035780.1:87 
2 alleles
0.3% missing data
   2   (0.801) 0.707 0.808 0.793 
   1   (0.199) 0.293 0.192 0.207 

Locus 130 : NC_035780.1:87 
2 alleles
0.0% missing data
   1   (0.300) 0.310 0.292 0.313 
   2   (0.700) 0.690 0.708 0.687 

Locus 131 : NC_035780.1:87 
2 alleles
0.0% missing data
   1   (0.277) 0.281 0.277 0.274 
   2   (0.723) 0.719 0.723 0.726 

Locus 132 : NC_035780.1:87 
2 alleles
0.0% missing data
   2   (0.712) 0.742 0.717 0.706 
   1   (0.288) 0.258 0.283 0.294 

Locus 133 : NC_035780.1:88 
2 alleles
0.8% missing data
   2   (0.691) 0.965 0.684 0.696 
   1   (0.309) 0.035 0.316 0.304 

Locus 134 : NC_035780.1:88 
2 alleles
0.8% missing data
   1   (0.221) 0.027 0.223 0.220 
   2   (0.779) 0.973 0.777 0.780 

Locus 135 : NC_035780.1:88 
2 alleles
0.0% missing data
   1   (0.333) 0.221 0.343 0.315 
   2   (0.667) 0.779 0.657 0.685 

Locus 136 : NC_035780.1:89 
2 alleles
4.7% missing data
   1   (0.114) 0.030 0.121 0.100 
   2   (0.886) 0.970 0.879 0.900 

Locus 137 : NC_035780.1:89 
2 alleles
4.7% missing data
   2   (0.879) 0.992 0.878 0.881 
   1   (0.121) 0.008 0.122 0.119 

Locus 138 : NC_035780.1:89 
2 alleles
4.5% missing data
   2   (0.547) 0.257 0.557 0.535 
   1   (0.453) 0.743 0.443 0.465 

Locus 139 : NC_035780.1:89 
2 alleles
0.0% missing data
   2   (0.670) 0.716 0.662 0.685 
   1   (0.330) 0.284 0.338 0.315 

Locus 140 : NC_035780.1:90 
2 alleles
0.8% missing data
   2   (0.951) 0.895 0.952 0.957 
   1   (0.049) 0.105 0.048 0.043 

Locus 141 : NC_035780.1:90 
2 alleles
0.3% missing data
   1   (0.100) 0.007 0.095 0.107 
   2   (0.900) 0.993 0.905 0.893 

Locus 142 : NC_035780.1:90 
2 alleles
0.3% missing data
   2   (0.604) 0.460 0.606 0.605 
   1   (0.396) 0.540 0.394 0.395 

Locus 143 : NC_035780.1:92 
2 alleles
0.0% missing data
   1   (0.176) 0.012 0.173 0.184 
   2   (0.824) 0.988 0.827 0.816 

Locus 144 : NC_035780.1:92 
2 alleles
0.0% missing data
   2   (0.860) 0.990 0.853 0.869 
   1   (0.140) 0.010 0.147 0.131 

Locus 145 : NC_035780.1:92 
2 alleles
0.0% missing data
   2   (0.827) 0.449 0.832 0.826 
   1   (0.173) 0.551 0.168 0.174 

Locus 146 : NC_035780.1:94 
2 alleles
1.6% missing data
   2   (0.929) 0.995 0.937 0.914 
   1   (0.071) 0.005 0.063 0.086 

Locus 147 : NC_035780.1:94 
2 alleles
1.6% missing data
   2   (0.672) 0.635 0.693 0.640 
   1   (0.328) 0.365 0.307 0.360 

Locus 148 : NC_035780.1:95 
2 alleles
1.8% missing data
   1   (0.234) 0.052 0.257 0.199 
   2   (0.766) 0.948 0.743 0.801 

Locus 149 : NC_035780.1:95 
2 alleles
1.8% missing data
   2   (0.854) 0.731 0.865 0.841 
   1   (0.146) 0.269 0.135 0.159 

Locus 150 : NC_035780.1:95 
2 alleles
0.0% missing data
   2   (0.527) 0.551 0.522 0.536 
   1   (0.473) 0.449 0.478 0.464 

Locus 151 : NC_035780.1:95 
2 alleles
0.0% missing data
   2   (0.882) 0.696 0.887 0.881 
   1   (0.118) 0.304 0.113 0.119 

Locus 152 : NC_035780.1:95 
2 alleles
1.6% missing data
   2   (0.912) 0.975 0.915 0.910 
   1   (0.088) 0.025 0.085 0.090 

Locus 153 : NC_035780.1:97 
2 alleles
0.0% missing data
   1   (0.051) 0.357 0.051 0.044 
   2   (0.949) 0.643 0.949 0.956 

Locus 154 : NC_035780.1:97 
2 alleles
0.0% missing data
   2   (0.941) 0.744 0.940 0.950 
   1   (0.059) 0.256 0.060 0.050 

Locus 155 : NC_035780.1:97 
2 alleles
0.0% missing data
   1   (0.157) 0.115 0.159 0.151 
   2   (0.843) 0.885 0.841 0.849 

Locus 156 : NC_035780.1:97 
2 alleles
1.6% missing data
   2   (0.547) 0.323 0.555 0.538 
   1   (0.453) 0.677 0.445 0.462 

Locus 157 : NC_035780.1:97 
2 alleles
1.6% missing data
   2   (0.912) 0.841 0.905 0.927 
   1   (0.088) 0.159 0.095 0.073 

Locus 158 : NC_035780.1:99 
2 alleles
0.5% missing data
   2   (0.519) 0.311 0.523 0.517 
   1   (0.481) 0.689 0.477 0.483 

Locus 159 : NC_035780.1:99 
2 alleles
0.5% missing data
   2   (0.937) 0.964 0.938 0.940 
   1   (0.063) 0.036 0.062 0.060 

Locus 160 : NC_035780.1:99 
2 alleles
0.5% missing data
   2   (0.762) 0.773 0.752 0.781 
   1   (0.238) 0.227 0.248 0.219 

Locus 161 : NC_035780.1:99 
2 alleles
0.5% missing data
   1   (0.109) 0.052 0.107 0.109 
   2   (0.891) 0.948 0.893 0.891 

Locus 162 : NC_035780.1:99 
2 alleles
2.9% missing data
