

----------------------------------------------------
STRUCTURE by Pritchard, Stephens and Donnelly (2000)
     and Falush, Stephens and Pritchard (2003)
       Code by Pritchard, Falush and Hubisz
             Version 2.3.4 (Jul 2012)
----------------------------------------------------



Command line arguments:   /programs/structure_2_3_4/bin/structure -K 3 -i /workdir/yc2644/CV_NYC_ddRAD/structure/n380_all_cor/threader_input/n380_all_SNP.DP3g95p10maf05.HWE.mod.biallelic.all_exGRV.n396_indep_50_1_0.2_pruned.nochr156invers.n380_refil.recode.strct_in -o /workdir/yc2644/CV_NYC_ddRAD/structure/n380_all_cor/str_K3_rep6 -D 8526408 -m /workdir/yc2644/CV_NYC_ddRAD/structure/n380_all_cor/threader_input/mainparams -e /workdir/yc2644/CV_NYC_ddRAD/structure/n380_all_cor/threader_input/extraparams 
Input File:    /workdir/yc2644/CV_NYC_ddRAD/structure/n380_all_cor/threader_input/n380_all_SNP.DP3g95p10maf05.HWE.mod.biallelic.all_exGRV.n396_indep_50_1_0.2_pruned.nochr156invers.n380_refil.recode.strct_in

Run parameters:
   380 individuals
   5625 loci
   3 populations assumed
   10000 Burn-in period
   20000 Reps
RANDOMIZE turned off


--------------------------------------------
Overall proportion of membership of the
sample in each of the 3 clusters

Inferred Clusters
  1      2      3    
0.479  0.445  0.077  

--------------------------------------------

Allele-freq. divergence among pops (Net nucleotide distance),
computed using point estimates of P.

      1       2       3      
 1      -    0.0003  0.0231  
 2   0.0003     -    0.0224  
 3   0.0231  0.0224     -    

Average distances (expected heterozygosity) between individuals in same cluster:
cluster  1  : 0.2543 
cluster  2  : 0.2555 
cluster  3  : 0.2219 

--------------------------------------------
Estimated Ln Prob of Data   = -1711383.4
Mean value of ln likelihood = -1705866.2
Variance of ln likelihood   = 11034.4
Mean value of alpha         = 0.0584

Mean value of Fst_1         = 0.0042
Mean value of Fst_2         = 0.0021
Mean value of Fst_3         = 0.2093


Inferred ancestry of individuals:
        Label (%Miss) :  Inferred clusters
  1 AB812s-002    (1)   :  0.031 0.967 0.002 
  2 AB812s-004    (0)   :  0.033 0.965 0.002 
  3 AB812s-005    (0)   :  0.010 0.967 0.023 
  4 AB812s-008    (1)   :  0.005 0.991 0.004 
  5 AB812s-009    (1)   :  0.919 0.078 0.003 
  6 AB812s-011    (0)   :  0.038 0.955 0.007 
  7 AB812s-012    (1)   :  0.061 0.938 0.001 
  8 AB812s-013    (0)   :  0.007 0.992 0.001 
  9 AB812s-014    (0)   :  0.100 0.900 0.000 
 10 AB812s-015    (0)   :  0.047 0.951 0.002 
 11 AB812s-017    (0)   :  0.008 0.991 0.001 
 12 AB812s-018    (0)   :  0.076 0.918 0.006 
 13 AB812s-019    (1)   :  0.028 0.970 0.002 
 14 AB812s-020    (1)   :  0.038 0.960 0.002 
 15 AB812s-021    (1)   :  0.077 0.920 0.003 
 16 AB812s-022    (0)   :  0.071 0.919 0.010 
 17 AB812s-024    (0)   :  0.041 0.954 0.005 
 18 AB812s-027    (0)   :  0.003 0.863 0.134 
 19 AB812s-029    (0)   :  0.081 0.908 0.011 
 20 AB812s-030    (0)   :  0.900 0.098 0.002 
 21 AB812s-031    (0)   :  0.427 0.512 0.061 
 22 AB812s-032    (0)   :  0.088 0.898 0.014 
 23 FI1012-001    (1)   :  0.000 0.000 1.000 
 24 FI1012-001r    (0)   :  0.000 0.000 1.000 
 25 FI1012-002    (0)   :  0.000 0.000 1.000 
 26 FI1012-005    (1)   :  0.001 0.001 0.999 
 27 FI1012-007    (1)   :  0.000 0.001 0.999 
 28 FI1012-010    (1)   :  0.000 0.000 1.000 
 29 FI1012-011    (1)   :  0.003 0.006 0.991 
 30 FI1012-012    (1)   :  0.000 0.000 1.000 
 31 FI1012-013    (0)   :  0.000 0.000 1.000 
 32 FI1012-014    (1)   :  0.000 0.000 1.000 
 33 FI1012-016    (1)   :  0.000 0.000 1.000 
 34 FI1012-019    (1)   :  0.003 0.005 0.992 
 35 FI1012-020    (0)   :  0.000 0.000 1.000 
 36 FIS1013a-00    (1)   :  0.042 0.061 0.897 
 37 FIS1013a-00    (1)   :  0.011 0.055 0.934 
 38 FIS1013a-00    (0)   :  0.005 0.276 0.719 
 39 FIS1013a-00    (1)   :  0.019 0.012 0.969 
 40 FIS1013a-00    (1)   :  0.027 0.127 0.847 
 41 FIS1013a-01    (0)   :  0.011 0.087 0.903 
 42 FIS1013a-01    (0)   :  0.048 0.061 0.891 
 43 FIS1013a-01    (1)   :  0.022 0.178 0.800 
 44 FIS1013a-01    (1)   :  0.007 0.292 0.702 
 45 FIS1013a-01    (1)   :  0.007 0.017 0.975 
 46 FIS1013a-02    (1)   :  0.002 0.003 0.995 
 47 FIS1013a-02    (1)   :  0.117 0.019 0.864 
 48 FIS1013a-02    (1)   :  0.075 0.043 0.883 
 49 FIS1013a-02    (1)   :  0.017 0.072 0.911 
 50 HH0512a-001    (1)   :  0.991 0.008 0.001 
 51 HH0512a-002    (0)   :  0.992 0.007 0.001 
 52 HH0512a-004    (0)   :  0.839 0.160 0.001 
 53 HH0512a-006    (0)   :  0.979 0.020 0.001 
 54 HH0512a-007    (1)   :  0.989 0.009 0.002 
 55 HH0512a-009    (0)   :  0.309 0.690 0.001 
 56 HH0512a-010    (0)   :  0.223 0.777 0.000 
 57 HH0512a-012    (0)   :  0.945 0.053 0.002 
 58 HH0512a-013    (1)   :  0.921 0.072 0.008 
 59 HH0512a-015    (0)   :  0.392 0.606 0.002 
 60 HH0512a-017    (0)   :  0.180 0.815 0.005 
 61 HH0512a-018    (1)   :  0.990 0.009 0.000 
 62 HH0512a-020    (1)   :  0.964 0.036 0.001 
 63 HH0512a-021    (1)   :  0.983 0.016 0.001 
 64 HH0512a-022    (0)   :  0.986 0.013 0.001 
 65 HH0512a-023    (0)   :  0.967 0.032 0.001 
 66 HH0512a-029    (0)   :  0.988 0.007 0.005 
 67 HH1013a-001    (1)   :  0.992 0.007 0.001 
 68 HH1013a-002    (0)   :  0.305 0.694 0.001 
 69 HH1013a-003    (0)   :  0.982 0.012 0.006 
 70 HH1013a-005    (0)   :  0.991 0.006 0.003 
 71 HH1013a-006    (0)   :  0.892 0.106 0.002 
 72 HH1013a-007    (0)   :  0.996 0.003 0.001 
 73 HH1013a-009    (0)   :  0.954 0.043 0.003 
 74 HH1013a-010    (0)   :  0.980 0.016 0.004 
 75 HH1013a-011    (1)   :  0.993 0.007 0.001 
 76 HH1013a-012    (0)   :  0.957 0.042 0.001 
 77 HH1013a-013    (0)   :  0.074 0.925 0.001 
 78 HH1013a-014    (1)   :  0.330 0.668 0.002 
 79 HH1013a-015    (1)   :  0.919 0.078 0.002 
 80 HH1013a-016    (0)   :  0.989 0.007 0.004 
 81 HH1013a-017    (0)   :  0.892 0.106 0.002 
 82 HH1013a-018    (1)   :  0.965 0.026 0.010 
 83 HH1013a-019    (0)   :  0.985 0.013 0.002 
 84 HH1013a-020    (0)   :  0.428 0.571 0.001 
 85 HH1013a-021    (0)   :  0.860 0.139 0.001 
 86 HH1013a-022    (0)   :  0.149 0.843 0.008 
 87 HH1013a-023    (1)   :  0.973 0.026 0.002 
 88 HH1013a-024    (1)   :  0.954 0.044 0.002 
 89 HH1013s-001    (1)   :  0.932 0.061 0.007 
 90 HH1013s-002    (1)   :  0.908 0.089 0.003 
 91 HH1013s-003    (0)   :  0.051 0.946 0.003 
 92 HH1013s-005    (1)   :  0.911 0.088 0.001 
 93 HH1013s-006    (1)   :  0.963 0.035 0.002 
 94 HH1013s-007    (0)   :  0.967 0.032 0.001 
 95 HH1013s-008    (0)   :  0.988 0.011 0.001 
 96 HH1013s-009    (1)   :  0.959 0.039 0.002 
 97 HH1013s-010    (1)   :  0.981 0.018 0.001 
 98 HH1013s-011    (1)   :  0.993 0.004 0.003 
 99 HH1013s-012    (1)   :  0.958 0.042 0.000 
100 HH1013s-013    (0)   :  0.985 0.015 0.001 
101 HH1013s-014    (0)   :  0.953 0.047 0.001 
102 HH1013s-016    (1)   :  0.963 0.035 0.002 
103 HH1013s-017    (1)   :  0.984 0.013 0.002 
104 HH1013s-018    (1)   :  0.873 0.126 0.001 
105 HH1013s-019    (0)   :  0.678 0.321 0.001 
106 HH1013s-020    (0)   :  0.959 0.037 0.004 
107 HH1013s-021    (1)   :  0.988 0.011 0.001 
108 HH1013s-022    (0)   :  0.923 0.076 0.001 
109 HH1013s-023    (0)   :  0.973 0.024 0.003 
110 HH1013s-024    (0)   :  0.986 0.013 0.001 
111 HH1013s-025    (1)   :  0.980 0.007 0.012 
112 HH812s-001    (1)   :  0.979 0.017 0.004 
113 HH812s-003    (1)   :  0.937 0.058 0.005 
114 HH812s-006    (0)   :  0.993 0.006 0.002 
115 HH812s-010    (1)   :  0.991 0.006 0.004 
116 HH812s-013    (0)   :  0.980 0.014 0.006 
117 HH812s-018    (0)   :  0.710 0.289 0.002 
118 HH812s-019    (1)   :  0.499 0.486 0.015 
119 HH812s-024    (0)   :  0.989 0.009 0.002 
120 HH812s-025    (0)   :  0.931 0.068 0.001 
121 HH812s-030    (0)   :  0.846 0.141 0.012 
122 HH812s-035    (0)   :  0.992 0.007 0.001 
123 HH812s-036    (1)   :  0.979 0.020 0.000 
124 HH812s-037    (0)   :  0.962 0.038 0.001 
125 HH812s-039    (1)   :  0.487 0.512 0.001 
126 HH812s-040    (0)   :  0.837 0.162 0.001 
127 HH812s-042    (0)   :  0.991 0.008 0.001 
128 HH812s-046    (0)   :  0.993 0.006 0.001 
129 HH812s-048    (0)   :  0.990 0.010 0.000 
130 HH812s-050    (1)   :  0.982 0.016 0.002 
131 HH812s-052    (1)   :  0.945 0.051 0.004 
132 HH812s-054    (1)   :  0.936 0.062 0.001 
133 HH812s-056    (1)   :  0.970 0.019 0.010 
134 HH912s-109    (0)   :  0.988 0.010 0.002 
135 HH912s-110    (0)   :  0.931 0.069 0.001 
136 HH912s-111    (0)   :  0.962 0.036 0.002 
137 HH912s-113    (0)   :  0.950 0.049 0.001 
138 HH912s-114    (0)   :  0.833 0.166 0.001 
139 HH912s-115    (0)   :  0.989 0.006 0.005 
140 HH912s-116    (1)   :  0.633 0.366 0.001 
141 HH912s-117    (0)   :  0.926 0.065 0.008 
142 HH912s-118    (1)   :  0.692 0.305 0.003 
143 HH912s-119    (1)   :  0.970 0.029 0.001 
144 HH912s-120    (0)   :  0.956 0.043 0.001 
145 HH912s-121    (0)   :  0.992 0.007 0.001 
146 HH912s-122    (1)   :  0.983 0.014 0.003 
147 HH912s-123    (0)   :  0.987 0.013 0.001 
148 HH912s-124    (0)   :  0.954 0.045 0.001 
149 HH912s-125    (0)   :  0.240 0.758 0.003 
150 HH912s-126    (0)   :  0.944 0.050 0.006 
151 HH912s-127    (0)   :  0.968 0.030 0.001 
152 HH912s-128    (0)   :  0.988 0.011 0.001 
153 HH912s-129    (0)   :  0.942 0.056 0.001 
154 HH912s-130    (0)   :  0.940 0.057 0.002 
155 HH912s-131    (0)   :  0.972 0.026 0.001 
156 HH912s-132    (0)   :  0.650 0.345 0.004 
157 IRV1012-001    (0)   :  0.879 0.111 0.010 
158 IRV1012-002    (0)   :  0.969 0.030 0.001 
159 IRV1012-003    (0)   :  0.991 0.007 0.002 
160 IRV1012-004    (1)   :  0.982 0.017 0.001 
161 IRV1012-006    (0)   :  0.990 0.009 0.001 
162 IRV1012-007    (0)   :  0.967 0.033 0.001 
163 IRV1012-008    (0)   :  0.196 0.802 0.002 
164 IRV1012-009    (1)   :  0.886 0.113 0.001 
165 IRV1012-010    (0)   :  0.980 0.019 0.002 
166 IRV1012-011    (0)   :  0.989 0.010 0.002 
167 IRV1012-012    (0)   :  0.354 0.645 0.001 
168 IRV1012-013    (0)   :  0.376 0.622 0.002 
169 IRV1012-014    (0)   :  0.980 0.019 0.001 
170 IRV1012-015    (0)   :  0.964 0.034 0.002 
171 IRV1012-016    (0)   :  0.924 0.075 0.001 
172 IRV1012-017    (0)   :  0.969 0.030 0.001 
173 IRV1012-018    (1)   :  0.967 0.031 0.002 
174 IRV1012-019    (0)   :  0.943 0.053 0.004 
175 IRV1012-020    (0)   :  0.465 0.534 0.001 
176 IRV1012-021    (0)   :  0.993 0.005 0.002 
177 IRV1012-022    (0)   :  0.994 0.006 0.000 
178 IRV1012-023    (0)   :  0.990 0.009 0.001 
179 IRV1012-024    (1)   :  0.967 0.023 0.010 
180 NTC1013a-00    (0)   :  0.024 0.959 0.017 
181 NTC1013a-00    (1)   :  0.015 0.984 0.002 
182 NTC1013a-00    (0)   :  0.044 0.954 0.001 
183 NTC1013a-00    (1)   :  0.197 0.798 0.005 
184 NTC1013a-00    (1)   :  0.057 0.906 0.038 
185 NTC1013a-00    (0)   :  0.126 0.872 0.002 
186 NTC1013a-00    (1)   :  0.062 0.933 0.005 
187 NTC1013a-00    (0)   :  0.049 0.919 0.032 
188 NTC1013a-01    (0)   :  0.042 0.908 0.050 
189 NTC1013a-01    (0)   :  0.019 0.977 0.004 
190 NTC1013a-01    (0)   :  0.006 0.969 0.025 
191 NTC1013a-01    (0)   :  0.012 0.791 0.197 
192 NTC1013a-01    (0)   :  0.011 0.987 0.001 
193 NTC1013a-01    (0)   :  0.087 0.911 0.003 
194 NTC1013a-01    (0)   :  0.009 0.989 0.003 
195 NTC1013a-01    (1)   :  0.053 0.944 0.004 
196 NTC1013a-01    (0)   :  0.019 0.979 0.002 
197 NTC1013a-01    (0)   :  0.034 0.965 0.001 
198 NTC1013a-02    (0)   :  0.097 0.900 0.003 
199 NTC1013a-02    (0)   :  0.013 0.986 0.001 
200 PM1012-01    (0)   :  0.977 0.022 0.001 
201 PM1012-02    (1)   :  0.990 0.009 0.001 
202 PM1012-04    (1)   :  0.889 0.110 0.001 
203 PM1012-06    (0)   :  0.952 0.041 0.006 
204 PM1012-07    (0)   :  0.979 0.020 0.001 
205 PM1012-09    (0)   :  0.891 0.106 0.003 
206 PM1012-10    (0)   :  0.983 0.016 0.001 
207 PM1012-13    (0)   :  0.970 0.029 0.001 
208 PM1012-14    (0)   :  0.616 0.381 0.003 
209 PM1012-16    (1)   :  0.977 0.023 0.001 
210 PM1012-17    (0)   :  0.689 0.310 0.001 
211 PM1012-23    (0)   :  0.992 0.006 0.001 
212 PM1012-24    (1)   :  0.988 0.012 0.000 
213 PM1012-25    (0)   :  0.975 0.023 0.001 
214 PM1012-26    (3)   :  0.992 0.006 0.002 
215 PM1012-27    (0)   :  0.905 0.069 0.026 
216 PRA1013a-00    (1)   :  0.904 0.095 0.001 
217 PRA1013a-00    (1)   :  0.921 0.077 0.001 
218 PRA1013a-00    (0)   :  0.976 0.023 0.001 
219 PRA1013a-00    (0)   :  0.991 0.008 0.001 
220 PRA1013a-00    (0)   :  0.992 0.005 0.004 
221 PRA1013a-00    (0)   :  0.111 0.888 0.001 
222 PRA1013a-00    (1)   :  0.847 0.153 0.001 
223 PRA1013a-01    (0)   :  0.006 0.721 0.272 
224 PRA1013a-01    (1)   :  0.033 0.966 0.001 
225 PRA1013a-01    (0)   :  0.140 0.858 0.002 
226 PRA1013a-01    (0)   :  0.989 0.010 0.001 
227 PRA1013a-01    (1)   :  0.017 0.981 0.002 
228 PRA1013a-02    (1)   :  0.944 0.054 0.001 
229 PRA1013a-02    (1)   :  0.957 0.042 0.001 
230 PRA1013a-02    (0)   :  0.991 0.007 0.001 
231 PRA1013a-03    (0)   :  0.919 0.078 0.003 
232 PRA1013a-03    (1)   :  0.993 0.006 0.001 
233 PRA1013a-03    (0)   :  0.995 0.004 0.001 
234 PRA1013a-03    (0)   :  0.990 0.007 0.003 
235 PRA1013a-03    (0)   :  0.494 0.502 0.003 
236 PRA1013a-03    (0)   :  0.988 0.011 0.001 
237 PRA1013a-03    (0)   :  0.936 0.062 0.002 
238 PRA1013a-03    (1)   :  0.982 0.007 0.011 
239 RI812s-001    (0)   :  0.015 0.955 0.030 
240 RI812s-002    (1)   :  0.012 0.935 0.052 
241 RI812s-003    (1)   :  0.043 0.946 0.011 
242 RI812s-005    (1)   :  0.012 0.978 0.010 
243 RI812s-006    (0)   :  0.005 0.994 0.001 
244 RI812s-007    (0)   :  0.030 0.969 0.002 
245 RI812s-009    (0)   :  0.007 0.914 0.079 
246 RI812s-010    (1)   :  0.083 0.886 0.031 
247 RI812s-011    (0)   :  0.016 0.946 0.038 
248 RI812s-013    (1)   :  0.651 0.347 0.001 
249 RI812s-014    (1)   :  0.015 0.983 0.002 
250 RI812s-015    (0)   :  0.015 0.984 0.001 
251 RI812s-016    (0)   :  0.004 0.761 0.234 
252 SV0512a-001    (0)   :  0.024 0.974 0.002 
253 SV0512a-002    (1)   :  0.025 0.972 0.003 
254 SV0512a-003    (0)   :  0.058 0.937 0.005 
255 SV0512a-005    (1)   :  0.066 0.932 0.002 
256 SV0512a-007    (1)   :  0.011 0.905 0.084 
257 SV0512a-008    (1)   :  0.010 0.934 0.056 
258 SV0512a-009    (1)   :  0.063 0.935 0.002 
259 SV0512a-010    (0)   :  0.037 0.960 0.004 
260 SV0512a-011    (0)   :  0.003 0.797 0.200 
261 SV0512a-013    (1)   :  0.794 0.205 0.002 
262 SV0512a-014    (6)   :  0.186 0.811 0.003 
263 SV0512a-016    (1)   :  0.017 0.982 0.002 
264 SV0512a-018    (4)   :  0.049 0.860 0.091 
265 SV0512a-021    (2)   :  0.026 0.969 0.005 
266 SV0512a-022    (0)   :  0.007 0.978 0.015 
267 SV0512a-023    (2)   :  0.011 0.988 0.001 
268 SV0512a-024    (0)   :  0.005 0.978 0.018 
269 SV0512a-025    (0)   :  0.065 0.934 0.002 
270 SV0512a-027    (0)   :  0.021 0.978 0.001 
271 SV0512a-028    (3)   :  0.123 0.839 0.038 
272 SV1013a-001    (0)   :  0.018 0.922 0.059 
273 SV1013a-002    (1)   :  0.227 0.772 0.001 
274 SV1013a-003    (0)   :  0.106 0.893 0.001 
275 SV1013a-005    (0)   :  0.006 0.972 0.022 
276 SV1013a-006    (0)   :  0.017 0.981 0.001 
277 SV1013a-007    (0)   :  0.026 0.972 0.002 
278 SV1013a-008    (0)   :  0.006 0.993 0.001 
279 SV1013a-009    (0)   :  0.040 0.921 0.039 
280 SV1013a-010    (1)   :  0.072 0.924 0.004 
281 SV1013a-011    (0)   :  0.136 0.864 0.001 
282 SV1013a-012    (0)   :  0.005 0.969 0.026 
283 SV1013a-013    (0)   :  0.058 0.939 0.003 
284 SV1013a-014    (0)   :  0.029 0.970 0.002 
285 SV1013a-015    (0)   :  0.043 0.955 0.001 
286 SV1013a-016    (0)   :  0.052 0.948 0.001 
287 SV1013a-017    (0)   :  0.511 0.474 0.015 
288 SV1013a-018    (0)   :  0.112 0.887 0.001 
289 SV1013a-019    (0)   :  0.010 0.978 0.012 
290 SV1013a-020    (0)   :  0.039 0.814 0.148 
291 SV1013a-021    (0)   :  0.043 0.956 0.001 
292 SV1013a-022    (1)   :  0.011 0.932 0.058 
293 SV1013a-023    (0)   :  0.027 0.967 0.006 
294 SV1013a-024    (0)   :  0.010 0.946 0.044 
295 SV812s-026    (1)   :  0.049 0.948 0.003 
296 SV812s-027    (0)   :  0.266 0.690 0.044 
297 SV812s-029    (0)   :  0.092 0.907 0.000 
298 SV812s-030    (0)   :  0.255 0.679 0.066 
299 SV812s-031    (0)   :  0.007 0.990 0.003 
300 SV812s-032    (0)   :  0.002 0.942 0.056 
301 SV812s-033    (0)   :  0.013 0.986 0.001 
302 SV812s-034    (0)   :  0.015 0.980 0.005 
303 SV812s-037    (0)   :  0.615 0.374 0.011 
304 SV812s-038    (0)   :  0.018 0.980 0.002 
305 SV812s-039    (0)   :  0.106 0.891 0.002 
306 SV812s-040    (0)   :  0.311 0.686 0.003 
307 SV812s-041    (0)   :  0.009 0.990 0.001 
308 SV812s-042    (0)   :  0.006 0.993 0.001 
309 SV812s-043    (1)   :  0.672 0.315 0.013 
310 SV812s-044    (0)   :  0.034 0.964 0.002 
311 SV812s-046    (0)   :  0.017 0.969 0.014 
312 SV812s-047    (0)   :  0.357 0.642 0.002 
313 SV812s-048    (1)   :  0.021 0.978 0.001 
314 SV812s-049    (0)   :  0.030 0.969 0.001 
315 SV812s-050    (1)   :  0.160 0.839 0.001 
316 SV812s-051    (0)   :  0.030 0.967 0.003 
317 SV812s-052    (0)   :  0.011 0.953 0.037 
318 SV912s-001    (1)   :  0.019 0.979 0.002 
319 SV912s-002    (0)   :  0.498 0.467 0.036 
320 SV912s-003    (0)   :  0.242 0.675 0.083 
321 SV912s-005    (1)   :  0.087 0.842 0.071 
322 SV912s-006    (1)   :  0.012 0.988 0.001 
323 SV912s-007    (0)   :  0.115 0.883 0.002 
324 SV912s-008    (1)   :  0.073 0.926 0.001 
325 SV912s-009    (0)   :  0.057 0.942 0.001 
326 SV912s-010    (1)   :  0.038 0.961 0.001 
327 SV912s-011    (1)   :  0.013 0.983 0.004 
328 SV912s-012    (1)   :  0.012 0.949 0.038 
329 SV912s-013    (0)   :  0.045 0.955 0.001 
330 SV912s-014    (1)   :  0.150 0.813 0.037 
331 SV912s-015    (0)   :  0.014 0.984 0.002 
332 SV912s-017    (0)   :  0.105 0.883 0.012 
333 SV912s-018    (1)   :  0.281 0.718 0.001 
334 SV912s-019    (1)   :  0.622 0.377 0.001 
335 SV912s-020    (1)   :  0.007 0.955 0.038 
336 SV912s-021    (0)   :  0.126 0.871 0.003 
337 SV912s-022    (0)   :  0.119 0.879 0.002 
338 SV912s-023    (0)   :  0.673 0.304 0.023 
339 SV912s-024    (0)   :  0.986 0.013 0.001 
340 SV912s-025    (1)   :  0.968 0.031 0.001 
341 TPZ0713-001    (1)   :  0.982 0.018 0.001 
342 TPZ0713-002    (1)   :  0.862 0.137 0.001 
343 TPZ0713-003    (0)   :  0.884 0.115 0.001 
344 TPZ0713-005    (0)   :  0.956 0.036 0.007 
345 TPZ0713-006    (1)   :  0.981 0.007 0.012 
346 TPZ0713-007    (1)   :  0.968 0.032 0.001 
347 TPZ0713-009    (1)   :  0.979 0.019 0.002 
348 TPZ0713-011    (1)   :  0.966 0.033 0.001 
349 TPZ0713-012    (1)   :  0.988 0.010 0.001 
350 TPZ0713-013    (0)   :  0.992 0.007 0.000 
351 TPZ0713-014    (1)   :  0.991 0.008 0.002 
352 TPZ0713-015    (0)   :  0.946 0.053 0.001 
353 TPZ0713-016    (0)   :  0.955 0.045 0.001 
354 TPZ0713-020    (1)   :  0.919 0.079 0.002 
355 TPZ0713-021    (1)   :  0.983 0.010 0.007 
356 TPZ0713-023    (0)   :  0.990 0.009 0.001 
357 TPZ0713-024    (1)   :  0.501 0.499 0.001 
358 TPZ0713-025    (1)   :  0.995 0.004 0.002 
359 TPZ0713-028    (1)   :  0.993 0.006 0.001 
360 TPZ0713-029    (1)   :  0.975 0.018 0.008 
361 WFM812s-049    (0)   :  0.060 0.939 0.000 
362 WFM812s-050    (1)   :  0.140 0.859 0.001 
363 WFM812s-051    (1)   :  0.013 0.986 0.001 
364 WFM812s-054    (0)   :  0.012 0.986 0.002 
365 WFM812s-056    (0)   :  0.026 0.973 0.001 
366 WFM812s-057    (1)   :  0.004 0.995 0.001 
367 WFM812s-058    (0)   :  0.178 0.819 0.002 
368 WFM812s-059    (0)   :  0.009 0.976 0.016 
369 WFM812s-060    (1)   :  0.068 0.715 0.217 
370 WFM812s-062    (0)   :  0.034 0.964 0.001 
371 WFM812s-063    (0)   :  0.255 0.742 0.003 
372 WFM812s-064    (0)   :  0.136 0.850 0.014 
373 WFM812s-065    (0)   :  0.014 0.984 0.002 
374 WFM812s-066    (0)   :  0.012 0.987 0.002 
375 WFM812s-067    (0)   :  0.014 0.983 0.003 
376 WFM812s-068    (1)   :  0.048 0.951 0.001 
377 WFM812s-069    (0)   :  0.415 0.584 0.002 
378 WFM812s-071    (0)   :  0.528 0.466 0.005 
379 WFM812s-072    (0)   :  0.020 0.972 0.008 
380 WFM812s-073    (1)   :  0.285 0.713 0.001 


Estimated Allele Frequencies in each cluster
First column gives estimated ancestral frequencies


Locus 1 : NC_035780.1:72 
2 alleles
1.1% missing data
   2   (0.801) 0.795 0.805 0.918 
   1   (0.199) 0.205 0.195 0.082 

Locus 2 : NC_035780.1:72 
2 alleles
1.1% missing data
   2   (0.889) 0.895 0.887 0.990 
   1   (0.111) 0.105 0.113 0.010 

Locus 3 : NC_035780.1:44 
2 alleles
0.3% missing data
   2   (0.930) 0.931 0.931 0.995 
   1   (0.070) 0.069 0.069 0.005 

Locus 4 : NC_035780.1:31 
2 alleles
0.0% missing data
   2   (0.902) 0.910 0.901 0.823 
   1   (0.098) 0.090 0.099 0.177 

Locus 5 : NC_035780.1:36 
2 alleles
0.0% missing data
   2   (0.667) 0.682 0.660 0.640 
   1   (0.333) 0.318 0.340 0.360 

Locus 6 : NC_035780.1:38 
2 alleles
0.0% missing data
   1   (0.175) 0.181 0.172 0.068 
   2   (0.825) 0.819 0.828 0.932 

Locus 7 : NC_035780.1:38 
2 alleles
0.0% missing data
   2   (0.789) 0.775 0.795 0.964 
   1   (0.211) 0.225 0.205 0.036 

Locus 8 : NC_035780.1:38 
2 alleles
0.0% missing data
   1   (0.114) 0.106 0.113 0.250 
   2   (0.886) 0.894 0.887 0.750 

Locus 9 : NC_035780.1:38 
2 alleles
0.0% missing data
   2   (0.913) 0.917 0.915 0.888 
   1   (0.087) 0.083 0.085 0.112 

Locus 10 : NC_035780.1:41 
2 alleles
3.2% missing data
   2   (0.829) 0.819 0.836 0.881 
   1   (0.171) 0.181 0.164 0.119 

Locus 11 : NC_035780.1:44 
2 alleles
0.0% missing data
   2   (0.902) 0.881 0.912 0.993 
   1   (0.098) 0.119 0.088 0.007 

Locus 12 : NC_035780.1:44 
2 alleles
0.0% missing data
   2   (0.904) 0.905 0.904 0.993 
   1   (0.096) 0.095 0.096 0.007 

Locus 13 : NC_035780.1:54 
2 alleles
3.7% missing data
   2   (0.910) 0.922 0.904 0.993 
   1   (0.090) 0.078 0.096 0.007 

Locus 14 : NC_035780.1:55 
2 alleles
0.3% missing data
   2   (0.933) 0.933 0.935 0.995 
   1   (0.067) 0.067 0.065 0.005 

Locus 15 : NC_035780.1:59 
2 alleles
0.0% missing data
   1   (0.406) 0.398 0.410 0.344 
   2   (0.594) 0.602 0.590 0.656 

Locus 16 : NC_035780.1:84 
2 alleles
1.8% missing data
   2   (0.910) 0.918 0.906 0.992 
   1   (0.090) 0.082 0.094 0.008 

Locus 17 : NC_035780.1:90 
2 alleles
1.3% missing data
   2   (0.912) 0.923 0.909 0.958 
   1   (0.088) 0.077 0.091 0.042 

Locus 18 : NC_035780.1:90 
2 alleles
1.3% missing data
   2   (0.937) 0.921 0.945 0.995 
   1   (0.063) 0.079 0.055 0.005 

Locus 19 : NC_035780.1:98 
2 alleles
0.0% missing data
   2   (0.848) 0.838 0.851 0.989 
   1   (0.152) 0.162 0.149 0.011 

Locus 20 : NC_035780.1:98 
2 alleles
0.0% missing data
   1   (0.490) 0.500 0.487 0.298 
   2   (0.510) 0.500 0.513 0.702 

Locus 21 : NC_035780.1:98 
2 alleles
0.0% missing data
   2   (0.819) 0.819 0.822 0.794 
   1   (0.181) 0.181 0.178 0.206 

Locus 22 : NC_035780.1:10 
2 alleles
3.9% missing data
   1   (0.267) 0.264 0.267 0.212 
   2   (0.733) 0.736 0.733 0.788 

Locus 23 : NC_035780.1:11 
2 alleles
0.0% missing data
   1   (0.157) 0.160 0.153 0.201 
   2   (0.843) 0.840 0.847 0.799 

Locus 24 : NC_035780.1:13 
2 alleles
0.0% missing data
   1   (0.196) 0.188 0.203 0.014 
   2   (0.804) 0.812 0.797 0.986 

Locus 25 : NC_035780.1:13 
2 alleles
0.0% missing data
   2   (0.724) 0.712 0.733 0.468 
   1   (0.276) 0.288 0.267 0.532 

Locus 26 : NC_035780.1:15 
2 alleles
0.3% missing data
   2   (0.942) 0.946 0.944 0.821 
   1   (0.058) 0.054 0.056 0.179 

Locus 27 : NC_035780.1:16 
2 alleles
0.0% missing data
   2   (0.910) 0.911 0.914 0.677 
   1   (0.090) 0.089 0.086 0.323 

Locus 28 : NC_035780.1:16 
2 alleles
0.0% missing data
   1   (0.172) 0.152 0.184 0.019 
   2   (0.828) 0.848 0.816 0.981 

Locus 29 : NC_035780.1:16 
2 alleles
5.8% missing data
   2   (0.924) 0.939 0.919 0.867 
   1   (0.076) 0.061 0.081 0.133 

Locus 30 : NC_035780.1:16 
2 alleles
5.8% missing data
   2   (0.941) 0.950 0.940 0.870 
   1   (0.059) 0.050 0.060 0.130 

Locus 31 : NC_035780.1:17 
2 alleles
0.0% missing data
   2   (0.905) 0.917 0.902 0.871 
   1   (0.095) 0.083 0.098 0.129 

Locus 32 : NC_035780.1:18 
2 alleles
0.3% missing data
   2   (0.923) 0.925 0.923 0.988 
   1   (0.077) 0.075 0.077 0.012 

Locus 33 : NC_035780.1:18 
2 alleles
1.3% missing data
   2   (0.938) 0.943 0.940 0.805 
   1   (0.062) 0.057 0.060 0.195 

Locus 34 : NC_035780.1:19 
2 alleles
0.0% missing data
   1   (0.285) 0.269 0.293 0.129 
   2   (0.715) 0.731 0.707 0.871 

Locus 35 : NC_035780.1:20 
2 alleles
0.5% missing data
   1   (0.461) 0.451 0.468 0.211 
   2   (0.539) 0.549 0.532 0.789 

Locus 36 : NC_035780.1:22 
2 alleles
1.6% missing data
   1   (0.210) 0.198 0.216 0.070 
   2   (0.790) 0.802 0.784 0.930 

Locus 37 : NC_035780.1:22 
2 alleles
1.6% missing data
   2   (0.882) 0.864 0.890 0.992 
   1   (0.118) 0.136 0.110 0.008 

Locus 38 : NC_035780.1:24 
2 alleles
0.0% missing data
   1   (0.467) 0.456 0.470 0.686 
   2   (0.533) 0.544 0.530 0.314 

Locus 39 : NC_035780.1:24 
2 alleles
0.0% missing data
   2   (0.860) 0.863 0.861 0.855 
   1   (0.140) 0.137 0.139 0.145 

Locus 40 : NC_035780.1:24 
2 alleles
0.0% missing data
   2   (0.890) 0.901 0.887 0.928 
   1   (0.110) 0.099 0.113 0.072 

Locus 41 : NC_035780.1:25 
2 alleles
0.3% missing data
   2   (0.815) 0.836 0.802 0.968 
   1   (0.185) 0.164 0.198 0.032 

Locus 42 : NC_035780.1:26 
2 alleles
0.8% missing data
   1   (0.351) 0.361 0.345 0.351 
   2   (0.649) 0.639 0.655 0.649 

Locus 43 : NC_035780.1:26 
2 alleles
0.8% missing data
   2   (0.814) 0.844 0.801 0.786 
   1   (0.186) 0.156 0.199 0.214 

Locus 44 : NC_035780.1:26 
2 alleles
0.0% missing data
   1   (0.299) 0.290 0.301 0.489 
   2   (0.701) 0.710 0.699 0.511 

Locus 45 : NC_035780.1:27 
2 alleles
0.0% missing data
   2   (0.909) 0.914 0.909 0.930 
   1   (0.091) 0.086 0.091 0.070 

Locus 46 : NC_035780.1:27 
2 alleles
0.0% missing data
   2   (0.964) 0.960 0.967 0.998 
   1   (0.036) 0.040 0.033 0.002 

Locus 47 : NC_035780.1:27 
2 alleles
3.4% missing data
   2   (0.870) 0.877 0.866 0.990 
   1   (0.130) 0.123 0.134 0.010 

Locus 48 : NC_035780.1:27 
2 alleles
3.4% missing data
   2   (0.878) 0.888 0.876 0.674 
   1   (0.122) 0.112 0.124 0.326 

Locus 49 : NC_035780.1:28 
2 alleles
3.9% missing data
   2   (0.957) 0.967 0.956 0.615 
   1   (0.043) 0.033 0.044 0.385 

Locus 50 : NC_035780.1:28 
2 alleles
3.9% missing data
   2   (0.910) 0.913 0.909 0.993 
   1   (0.090) 0.087 0.091 0.007 

Locus 51 : NC_035780.1:28 
2 alleles
0.0% missing data
   1   (0.483) 0.512 0.471 0.265 
   2   (0.517) 0.488 0.529 0.735 

Locus 52 : NC_035780.1:28 
2 alleles
0.0% missing data
   2   (0.904) 0.916 0.902 0.868 
   1   (0.096) 0.084 0.098 0.132 

Locus 53 : NC_035780.1:28 
2 alleles
1.1% missing data
   1   (0.180) 0.172 0.180 0.331 
   2   (0.820) 0.828 0.820 0.669 

Locus 54 : NC_035780.1:29 
2 alleles
0.0% missing data
   1   (0.196) 0.194 0.197 0.057 
   2   (0.804) 0.806 0.803 0.943 

Locus 55 : NC_035780.1:29 
2 alleles
0.0% missing data
   2   (0.943) 0.946 0.946 0.729 
   1   (0.057) 0.054 0.054 0.271 

Locus 56 : NC_035780.1:29 
2 alleles
0.0% missing data
   2   (0.830) 0.841 0.828 0.812 
   1   (0.170) 0.159 0.172 0.188 

Locus 57 : NC_035780.1:29 
2 alleles
0.0% missing data
   2   (0.905) 0.916 0.899 0.994 
   1   (0.095) 0.084 0.101 0.006 

Locus 58 : NC_035780.1:30 
2 alleles
0.3% missing data
   2   (0.932) 0.930 0.934 0.995 
   1   (0.068) 0.070 0.066 0.005 

Locus 59 : NC_035780.1:31 
2 alleles
0.8% missing data
   2   (0.892) 0.894 0.891 0.992 
   1   (0.108) 0.106 0.109 0.008 

Locus 60 : NC_035780.1:31 
2 alleles
0.8% missing data
   2   (0.636) 0.653 0.631 0.439 
   1   (0.364) 0.347 0.369 0.561 

Locus 61 : NC_035780.1:32 
2 alleles
0.0% missing data
   1   (0.368) 0.383 0.359 0.482 
   2   (0.632) 0.617 0.641 0.518 

Locus 62 : NC_035780.1:32 
2 alleles
0.0% missing data
   2   (0.726) 0.735 0.724 0.621 
   1   (0.274) 0.265 0.276 0.379 

Locus 63 : NC_035780.1:33 
2 alleles
3.4% missing data
   2   (0.948) 0.946 0.950 0.996 
   1   (0.052) 0.054 0.050 0.004 

Locus 64 : NC_035780.1:33 
2 alleles
3.4% missing data
   2   (0.831) 0.832 0.835 0.420 
   1   (0.169) 0.168 0.165 0.580 

Locus 65 : NC_035780.1:37 
2 alleles
0.3% missing data
   2   (0.922) 0.916 0.927 0.888 
   1   (0.078) 0.084 0.073 0.112 

Locus 66 : NC_035780.1:37 
2 alleles
0.3% missing data
   2   (0.875) 0.877 0.873 0.991 
   1   (0.125) 0.123 0.127 0.009 

Locus 67 : NC_035780.1:37 
2 alleles
0.0% missing data
   2   (0.923) 0.916 0.927 0.995 
   1   (0.077) 0.084 0.073 0.005 

Locus 68 : NC_035780.1:37 
2 alleles
0.0% missing data
   2   (0.806) 0.792 0.814 0.876 
   1   (0.194) 0.208 0.186 0.124 

Locus 69 : NC_035780.1:37 
2 alleles
0.0% missing data
   1   (0.142) 0.133 0.145 0.053 
   2   (0.858) 0.867 0.855 0.947 

Locus 70 : NC_035780.1:39 
2 alleles
0.0% missing data
   2   (0.926) 0.911 0.933 0.994 
   1   (0.074) 0.089 0.067 0.006 

Locus 71 : NC_035780.1:39 
2 alleles
0.0% missing data
   2   (0.845) 0.846 0.845 0.934 
   1   (0.155) 0.154 0.155 0.066 

Locus 72 : NC_035780.1:39 
2 alleles
0.0% missing data
   1   (0.309) 0.302 0.309 0.589 
   2   (0.691) 0.698 0.691 0.411 

Locus 73 : NC_035780.1:39 
2 alleles
0.0% missing data
   1   (0.130) 0.136 0.126 0.018 
   2   (0.870) 0.864 0.874 0.982 

Locus 74 : NC_035780.1:39 
2 alleles
2.9% missing data
   2   (0.668) 0.673 0.668 0.590 
   1   (0.332) 0.327 0.332 0.410 

Locus 75 : NC_035780.1:39 
2 alleles
0.3% missing data
   2   (0.877) 0.886 0.876 0.733 
   1   (0.123) 0.114 0.124 0.267 

Locus 76 : NC_035780.1:39 
2 alleles
0.3% missing data
   2   (0.886) 0.883 0.887 0.986 
   1   (0.114) 0.117 0.113 0.014 

Locus 77 : NC_035780.1:39 
2 alleles
0.3% missing data
   2   (0.540) 0.518 0.550 0.662 
   1   (0.460) 0.482 0.450 0.338 

Locus 78 : NC_035780.1:39 
2 alleles
0.3% missing data
   2   (0.970) 0.971 0.972 0.998 
   1   (0.030) 0.029 0.028 0.002 

Locus 79 : NC_035780.1:51 
2 alleles
0.3% missing data
   2   (0.962) 0.968 0.961 0.998 
   1   (0.038) 0.032 0.039 0.002 

Locus 80 : NC_035780.1:51 
2 alleles
1.3% missing data
   1   (0.323) 0.325 0.321 0.402 
   2   (0.677) 0.675 0.679 0.598 

Locus 81 : NC_035780.1:55 
2 alleles
0.0% missing data
   2   (0.905) 0.904 0.905 0.994 
   1   (0.095) 0.096 0.095 0.006 

Locus 82 : NC_035780.1:55 
2 alleles
2.1% missing data
   2   (0.781) 0.774 0.788 0.611 
   1   (0.219) 0.226 0.212 0.389 

Locus 83 : NC_035780.1:55 
2 alleles
0.5% missing data
   2   (0.856) 0.851 0.860 0.922 
   1   (0.144) 0.149 0.140 0.078 

Locus 84 : NC_035780.1:57 
2 alleles
0.0% missing data
   2   (0.948) 0.960 0.946 0.772 
   1   (0.052) 0.040 0.054 0.228 

Locus 85 : NC_035780.1:63 
2 alleles
2.1% missing data
   2   (0.949) 0.939 0.957 0.817 
   1   (0.051) 0.061 0.043 0.183 

Locus 86 : NC_035780.1:63 
2 alleles
1.3% missing data
   2   (0.895) 0.909 0.889 0.961 
   1   (0.105) 0.091 0.111 0.039 

Locus 87 : NC_035780.1:63 
2 alleles
1.3% missing data
   2   (0.736) 0.725 0.745 0.567 
   1   (0.264) 0.275 0.255 0.433 

Locus 88 : NC_035780.1:65 
2 alleles
0.0% missing data
   2   (0.863) 0.866 0.863 0.915 
   1   (0.137) 0.134 0.137 0.085 

Locus 89 : NC_035780.1:65 
2 alleles
0.0% missing data
   2   (0.959) 0.968 0.957 0.875 
   1   (0.041) 0.032 0.043 0.125 

Locus 90 : NC_035780.1:65 
2 alleles
0.0% missing data
   1   (0.232) 0.239 0.228 0.083 
   2   (0.768) 0.761 0.772 0.917 

Locus 91 : NC_035780.1:65 
2 alleles
0.0% missing data
   1   (0.252) 0.265 0.244 0.168 
   2   (0.748) 0.735 0.756 0.832 

Locus 92 : NC_035780.1:70 
2 alleles
2.4% missing data
   2   (0.922) 0.928 0.922 0.874 
   1   (0.078) 0.072 0.078 0.126 

Locus 93 : NC_035780.1:70 
2 alleles
0.3% missing data
   2   (0.957) 0.949 0.964 0.752 
   1   (0.043) 0.051 0.036 0.248 

Locus 94 : NC_035780.1:70 
2 alleles
0.3% missing data
   1   (0.211) 0.210 0.209 0.218 
   2   (0.789) 0.790 0.791 0.782 

Locus 95 : NC_035780.1:71 
2 alleles
1.6% missing data
   1   (0.416) 0.422 0.414 0.313 
   2   (0.584) 0.578 0.586 0.687 

Locus 96 : NC_035780.1:72 
2 alleles
0.0% missing data
   2   (0.934) 0.911 0.945 0.988 
   1   (0.066) 0.089 0.055 0.012 

Locus 97 : NC_035780.1:74 
2 alleles
1.1% missing data
   2   (0.946) 0.946 0.950 0.699 
   1   (0.054) 0.054 0.050 0.301 

Locus 98 : NC_035780.1:75 
2 alleles
0.5% missing data
   2   (0.794) 0.810 0.787 0.871 
   1   (0.206) 0.190 0.213 0.129 

Locus 99 : NC_035780.1:75 
2 alleles
0.5% missing data
   2   (0.868) 0.858 0.875 0.745 
   1   (0.132) 0.142 0.125 0.255 

Locus 100 : NC_035780.1:75 
2 alleles
1.1% missing data
   2   (0.927) 0.937 0.922 0.994 
   1   (0.073) 0.063 0.078 0.006 

Locus 101 : NC_035780.1:75 
2 alleles
0.0% missing data
   1   (0.473) 0.462 0.477 0.699 
   2   (0.527) 0.538 0.523 0.301 

Locus 102 : NC_035780.1:75 
2 alleles
0.3% missing data
   2   (0.899) 0.910 0.898 0.757 
   1   (0.101) 0.090 0.102 0.243 

Locus 103 : NC_035780.1:76 
2 alleles
2.9% missing data
   1   (0.338) 0.342 0.333 0.609 
   2   (0.662) 0.658 0.667 0.391 

Locus 104 : NC_035780.1:76 
2 alleles
2.9% missing data
   2   (0.935) 0.921 0.943 0.995 
   1   (0.065) 0.079 0.057 0.005 

Locus 105 : NC_035780.1:77 
2 alleles
4.5% missing data
   2   (0.844) 0.876 0.827 0.925 
   1   (0.156) 0.124 0.173 0.075 

Locus 106 : NC_035780.1:77 
2 alleles
4.5% missing data
   2   (0.902) 0.898 0.908 0.663 
   1   (0.098) 0.102 0.092 0.337 

Locus 107 : NC_035780.1:79 
2 alleles
0.0% missing data
   2   (0.925) 0.926 0.928 0.870 
   1   (0.075) 0.074 0.072 0.130 

Locus 108 : NC_035780.1:81 
2 alleles
0.0% missing data
   1   (0.460) 0.447 0.471 0.120 
   2   (0.540) 0.553 0.529 0.880 

Locus 109 : NC_035780.1:81 
2 alleles
0.0% missing data
   2   (0.881) 0.868 0.888 0.959 
   1   (0.119) 0.132 0.112 0.041 

Locus 110 : NC_035780.1:81 
2 alleles
0.0% missing data
   1   (0.383) 0.370 0.388 0.442 
   2   (0.617) 0.630 0.612 0.558 

Locus 111 : NC_035780.1:82 
2 alleles
0.0% missing data
   2   (0.926) 0.924 0.930 0.907 
   1   (0.074) 0.076 0.070 0.093 

Locus 112 : NC_035780.1:83 
2 alleles
3.4% missing data
   1   (0.160) 0.161 0.161 0.011 
   2   (0.840) 0.839 0.839 0.989 

Locus 113 : NC_035780.1:83 
2 alleles
3.4% missing data
   2   (0.934) 0.948 0.927 0.995 
   1   (0.066) 0.052 0.073 0.005 

Locus 114 : NC_035780.1:83 
2 alleles
0.0% missing data
   2   (0.932) 0.931 0.936 0.930 
   1   (0.068) 0.069 0.064 0.070 

Locus 115 : NC_035780.1:83 
2 alleles
0.0% missing data
   2   (0.876) 0.876 0.881 0.600 
   1   (0.124) 0.124 0.119 0.400 

Locus 116 : NC_035780.1:84 
2 alleles
0.0% missing data
   2   (0.906) 0.908 0.910 0.720 
   1   (0.094) 0.092 0.090 0.280 

Locus 117 : NC_035780.1:85 
2 alleles
0.3% missing data
   2   (0.889) 0.884 0.895 0.882 
   1   (0.111) 0.116 0.105 0.118 

Locus 118 : NC_035780.1:85 
2 alleles
0.3% missing data
   2   (0.584) 0.569 0.589 0.854 
   1   (0.416) 0.431 0.411 0.146 

Locus 119 : NC_035780.1:86 
2 alleles
0.0% missing data
   2   (0.909) 0.927 0.904 0.882 
   1   (0.091) 0.073 0.096 0.118 

Locus 120 : NC_035780.1:86 
2 alleles
0.0% missing data
   2   (0.597) 0.562 0.614 0.696 
   1   (0.403) 0.438 0.386 0.304 

Locus 121 : NC_035780.1:86 
2 alleles
0.0% missing data
   2   (0.960) 0.960 0.961 0.997 
   1   (0.040) 0.040 0.039 0.003 

Locus 122 : NC_035780.1:86 
2 alleles
0.0% missing data
   2   (0.955) 0.952 0.958 0.996 
   1   (0.045) 0.048 0.042 0.004 

Locus 123 : NC_035780.1:86 
2 alleles
0.0% missing data
   1   (0.186) 0.173 0.191 0.088 
   2   (0.814) 0.827 0.809 0.912 

Locus 124 : NC_035780.1:86 
2 alleles
0.0% missing data
   2   (0.914) 0.920 0.914 0.961 
   1   (0.086) 0.080 0.086 0.039 

Locus 125 : NC_035780.1:86 
2 alleles
0.0% missing data
   1   (0.156) 0.144 0.160 0.100 
   2   (0.844) 0.856 0.840 0.900 

Locus 126 : NC_035780.1:86 
2 alleles
0.0% missing data
   2   (0.912) 0.908 0.918 0.754 
   1   (0.088) 0.092 0.082 0.246 

Locus 127 : NC_035780.1:86 
2 alleles
0.0% missing data
   1   (0.176) 0.180 0.174 0.045 
   2   (0.824) 0.820 0.826 0.955 

Locus 128 : NC_035780.1:86 
2 alleles
0.0% missing data
   2   (0.907) 0.907 0.910 0.886 
   1   (0.093) 0.093 0.090 0.114 

Locus 129 : NC_035780.1:87 
2 alleles
0.3% missing data
   2   (0.800) 0.793 0.807 0.706 
   1   (0.200) 0.207 0.193 0.294 

Locus 130 : NC_035780.1:87 
2 alleles
0.0% missing data
   1   (0.300) 0.312 0.293 0.311 
   2   (0.700) 0.688 0.707 0.689 

Locus 131 : NC_035780.1:87 
2 alleles
0.0% missing data
   1   (0.277) 0.276 0.275 0.283 
   2   (0.723) 0.724 0.725 0.717 

Locus 132 : NC_035780.1:87 
2 alleles
0.0% missing data
   2   (0.711) 0.708 0.715 0.743 
   1   (0.289) 0.292 0.285 0.257 

Locus 133 : NC_035780.1:88 
2 alleles
0.8% missing data
   2   (0.691) 0.696 0.685 0.965 
   1   (0.309) 0.304 0.315 0.035 

Locus 134 : NC_035780.1:88 
2 alleles
0.8% missing data
   1   (0.221) 0.219 0.224 0.027 
   2   (0.779) 0.781 0.776 0.973 

Locus 135 : NC_035780.1:88 
2 alleles
0.0% missing data
   1   (0.332) 0.317 0.340 0.222 
   2   (0.668) 0.683 0.660 0.778 

Locus 136 : NC_035780.1:89 
2 alleles
4.7% missing data
   1   (0.114) 0.102 0.119 0.031 
   2   (0.886) 0.898 0.881 0.969 

Locus 137 : NC_035780.1:89 
2 alleles
4.7% missing data
   2   (0.879) 0.880 0.879 0.992 
   1   (0.121) 0.120 0.121 0.008 

Locus 138 : NC_035780.1:89 
2 alleles
4.5% missing data
   2   (0.548) 0.535 0.557 0.258 
   1   (0.452) 0.465 0.443 0.742 

Locus 139 : NC_035780.1:89 
2 alleles
0.0% missing data
   2   (0.669) 0.685 0.661 0.717 
   1   (0.331) 0.315 0.339 0.283 

Locus 140 : NC_035780.1:90 
2 alleles
0.8% missing data
   2   (0.951) 0.957 0.952 0.896 
   1   (0.049) 0.043 0.048 0.104 

Locus 141 : NC_035780.1:90 
2 alleles
0.3% missing data
   1   (0.099) 0.107 0.095 0.007 
   2   (0.901) 0.893 0.905 0.993 

Locus 142 : NC_035780.1:90 
2 alleles
0.3% missing data
   2   (0.605) 0.606 0.606 0.460 
   1   (0.395) 0.394 0.394 0.540 

Locus 143 : NC_035780.1:92 
2 alleles
0.0% missing data
   1   (0.175) 0.184 0.172 0.011 
   2   (0.825) 0.816 0.828 0.989 

Locus 144 : NC_035780.1:92 
2 alleles
0.0% missing data
   2   (0.859) 0.868 0.853 0.990 
   1   (0.141) 0.132 0.147 0.010 

Locus 145 : NC_035780.1:92 
2 alleles
0.0% missing data
   2   (0.828) 0.826 0.833 0.449 
   1   (0.172) 0.174 0.167 0.551 

Locus 146 : NC_035780.1:94 
2 alleles
1.6% missing data
   2   (0.929) 0.914 0.937 0.995 
   1   (0.071) 0.086 0.063 0.005 

Locus 147 : NC_035780.1:94 
2 alleles
1.6% missing data
   2   (0.674) 0.638 0.693 0.637 
   1   (0.326) 0.362 0.307 0.363 

Locus 148 : NC_035780.1:95 
2 alleles
1.8% missing data
   1   (0.236) 0.197 0.258 0.052 
   2   (0.764) 0.803 0.742 0.948 

Locus 149 : NC_035780.1:95 
2 alleles
1.8% missing data
   2   (0.856) 0.838 0.868 0.732 
   1   (0.144) 0.162 0.132 0.268 

Locus 150 : NC_035780.1:95 
2 alleles
0.0% missing data
   2   (0.528) 0.536 0.524 0.550 
   1   (0.472) 0.464 0.476 0.450 

Locus 151 : NC_035780.1:95 
2 alleles
0.0% missing data
   2   (0.883) 0.880 0.888 0.695 
   1   (0.117) 0.120 0.112 0.305 

Locus 152 : NC_035780.1:95 
2 alleles
1.6% missing data
   2   (0.912) 0.909 0.915 0.976 
   1   (0.088) 0.091 0.085 0.024 

Locus 153 : NC_035780.1:97 
2 alleles
0.0% missing data
   1   (0.052) 0.045 0.051 0.357 
   2   (0.948) 0.955 0.949 0.643 

Locus 154 : NC_035780.1:97 
2 alleles
0.0% missing data
   2   (0.941) 0.950 0.940 0.744 
   1   (0.059) 0.050 0.060 0.256 

Locus 155 : NC_035780.1:97 
2 alleles
0.0% missing data
   1   (0.157) 0.151 0.159 0.114 
   2   (0.843) 0.849 0.841 0.886 

Locus 156 : NC_035780.1:97 
2 alleles
1.6% missing data
   2   (0.550) 0.535 0.559 0.323 
   1   (0.450) 0.465 0.441 0.677 

Locus 157 : NC_035780.1:97 
2 alleles
1.6% missing data
   2   (0.910) 0.928 0.903 0.842 
   1   (0.090) 0.072 0.097 0.158 

Locus 158 : NC_035780.1:99 
2 alleles
0.5% missing data
   2   (0.520) 0.517 0.524 0.311 
   1   (0.480) 0.483 0.476 0.689 

Locus 159 : NC_035780.1:99 
2 alleles
0.5% missing data
   2   (0.937) 0.941 0.938 0.964 
   1   (0.063) 0.059 0.062 0.036 

Locus 160 : NC_035780.1:99 
2 alleles
0.5% missing data
   2   (0.760) 0.782 0.751 0.771 
   1   (0.240) 0.218 0.249 0.229 

Locus 161 : NC_035780.1:99 
2 alleles
0.5% missing data
   1   (0.109) 0.109 0.107 0.052 
   2   (0.891) 0.891 0.893 0.948 

Locus 162 : NC_035780.1:99 
2 alleles
2.9% missing data
