

----------------------------------------------------
STRUCTURE by Pritchard, Stephens and Donnelly (2000)
     and Falush, Stephens and Pritchard (2003)
       Code by Pritchard, Falush and Hubisz
             Version 2.3.4 (Jul 2012)
----------------------------------------------------



Command line arguments:   /programs/structure_2_3_4/bin/structure -K 4 -i /workdir/yc2644/CV_NYC_ddRAD/structure/n380_all_cor/threader_input/n380_all_SNP.DP3g95p10maf05.HWE.mod.biallelic.all_exGRV.n396_indep_50_1_0.2_pruned.nochr156invers.n380_refil.recode.strct_in -o /workdir/yc2644/CV_NYC_ddRAD/structure/n380_all_cor/str_K4_rep2 -D 3995168 -m /workdir/yc2644/CV_NYC_ddRAD/structure/n380_all_cor/threader_input/mainparams -e /workdir/yc2644/CV_NYC_ddRAD/structure/n380_all_cor/threader_input/extraparams 
Input File:    /workdir/yc2644/CV_NYC_ddRAD/structure/n380_all_cor/threader_input/n380_all_SNP.DP3g95p10maf05.HWE.mod.biallelic.all_exGRV.n396_indep_50_1_0.2_pruned.nochr156invers.n380_refil.recode.strct_in

Run parameters:
   380 individuals
   5625 loci
   4 populations assumed
   10000 Burn-in period
   20000 Reps
RANDOMIZE turned off


--------------------------------------------
Overall proportion of membership of the
sample in each of the 4 clusters

Inferred Clusters
  1      2      3      4    
0.079  0.232  0.341  0.347  

--------------------------------------------

Allele-freq. divergence among pops (Net nucleotide distance),
computed using point estimates of P.

      1       2       3       4      
 1      -    0.0230  0.0229  0.0234  
 2   0.0230     -    0.0003  0.0004  
 3   0.0229  0.0003     -    0.0004  
 4   0.0234  0.0004  0.0004     -    

Average distances (expected heterozygosity) between individuals in same cluster:
cluster  1  : 0.2216 
cluster  2  : 0.2547 
cluster  3  : 0.2552 
cluster  4  : 0.2543 

--------------------------------------------
Estimated Ln Prob of Data   = -1713835.4
Mean value of ln likelihood = -1704425.6
Variance of ln likelihood   = 18819.6
Mean value of alpha         = 0.0936

Mean value of Fst_1         = 0.2124
Mean value of Fst_2         = 0.0046
Mean value of Fst_3         = 0.0039
Mean value of Fst_4         = 0.0051


Inferred ancestry of individuals:
        Label (%Miss) :  Inferred clusters
  1 AB812s-002    (1)   :  0.004 0.007 0.917 0.073 
  2 AB812s-004    (0)   :  0.005 0.114 0.860 0.022 
  3 AB812s-005    (0)   :  0.029 0.231 0.713 0.027 
  4 AB812s-008    (1)   :  0.011 0.022 0.957 0.010 
  5 AB812s-009    (1)   :  0.004 0.947 0.014 0.034 
  6 AB812s-011    (0)   :  0.024 0.019 0.705 0.251 
  7 AB812s-012    (1)   :  0.002 0.066 0.714 0.218 
  8 AB812s-013    (0)   :  0.002 0.030 0.959 0.010 
  9 AB812s-014    (0)   :  0.001 0.207 0.758 0.034 
 10 AB812s-015    (0)   :  0.005 0.395 0.553 0.048 
 11 AB812s-017    (0)   :  0.003 0.676 0.309 0.012 
 12 AB812s-018    (0)   :  0.012 0.155 0.806 0.027 
 13 AB812s-019    (1)   :  0.004 0.092 0.875 0.028 
 14 AB812s-020    (1)   :  0.003 0.015 0.838 0.145 
 15 AB812s-021    (1)   :  0.004 0.687 0.290 0.019 
 16 AB812s-022    (0)   :  0.016 0.016 0.863 0.104 
 17 AB812s-024    (0)   :  0.014 0.022 0.935 0.028 
 18 AB812s-027    (0)   :  0.137 0.001 0.829 0.033 
 19 AB812s-029    (0)   :  0.022 0.396 0.541 0.042 
 20 AB812s-030    (0)   :  0.004 0.027 0.215 0.754 
 21 AB812s-031    (0)   :  0.058 0.008 0.567 0.368 
 22 AB812s-032    (0)   :  0.029 0.008 0.744 0.218 
 23 FI1012-001    (1)   :  0.999 0.000 0.000 0.000 
 24 FI1012-001r    (0)   :  0.999 0.000 0.000 0.000 
 25 FI1012-002    (0)   :  0.999 0.000 0.000 0.000 
 26 FI1012-005    (1)   :  0.996 0.001 0.001 0.001 
 27 FI1012-007    (1)   :  0.997 0.001 0.001 0.001 
 28 FI1012-010    (1)   :  0.999 0.000 0.000 0.000 
 29 FI1012-011    (1)   :  0.982 0.006 0.007 0.005 
 30 FI1012-012    (1)   :  0.999 0.000 0.000 0.000 
 31 FI1012-013    (0)   :  0.999 0.000 0.000 0.000 
 32 FI1012-014    (1)   :  0.999 0.000 0.000 0.000 
 33 FI1012-016    (1)   :  0.999 0.000 0.000 0.000 
 34 FI1012-019    (1)   :  0.979 0.007 0.007 0.007 
 35 FI1012-020    (0)   :  0.999 0.000 0.000 0.000 
 36 FIS1013a-00    (1)   :  0.892 0.027 0.039 0.043 
 37 FIS1013a-00    (1)   :  0.929 0.008 0.050 0.013 
 38 FIS1013a-00    (0)   :  0.719 0.137 0.117 0.027 
 39 FIS1013a-00    (1)   :  0.957 0.018 0.018 0.007 
 40 FIS1013a-00    (1)   :  0.844 0.040 0.064 0.053 
 41 FIS1013a-01    (0)   :  0.900 0.031 0.058 0.011 
 42 FIS1013a-01    (0)   :  0.887 0.015 0.063 0.035 
 43 FIS1013a-01    (1)   :  0.795 0.176 0.009 0.020 
 44 FIS1013a-01    (1)   :  0.707 0.135 0.142 0.016 
 45 FIS1013a-01    (1)   :  0.964 0.011 0.020 0.005 
 46 FIS1013a-02    (1)   :  0.990 0.003 0.005 0.003 
 47 FIS1013a-02    (1)   :  0.859 0.063 0.017 0.062 
 48 FIS1013a-02    (1)   :  0.878 0.042 0.033 0.047 
 49 FIS1013a-02    (1)   :  0.911 0.037 0.016 0.036 
 50 HH0512a-001    (1)   :  0.001 0.107 0.049 0.842 
 51 HH0512a-002    (0)   :  0.001 0.045 0.009 0.945 
 52 HH0512a-004    (0)   :  0.002 0.020 0.310 0.667 
 53 HH0512a-006    (0)   :  0.001 0.545 0.015 0.439 
 54 HH0512a-007    (1)   :  0.002 0.169 0.034 0.795 
 55 HH0512a-009    (0)   :  0.004 0.848 0.105 0.043 
 56 HH0512a-010    (0)   :  0.001 0.983 0.011 0.005 
 57 HH0512a-012    (0)   :  0.002 0.350 0.115 0.532 
 58 HH0512a-013    (1)   :  0.015 0.057 0.195 0.733 
 59 HH0512a-015    (0)   :  0.003 0.094 0.626 0.277 
 60 HH0512a-017    (0)   :  0.012 0.099 0.633 0.256 
 61 HH0512a-018    (1)   :  0.001 0.013 0.015 0.971 
 62 HH0512a-020    (1)   :  0.001 0.235 0.034 0.730 
 63 HH0512a-021    (1)   :  0.002 0.014 0.019 0.965 
 64 HH0512a-022    (0)   :  0.003 0.111 0.041 0.846 
 65 HH0512a-023    (0)   :  0.001 0.275 0.104 0.621 
 66 HH0512a-029    (0)   :  0.008 0.035 0.017 0.941 
 67 HH1013a-001    (1)   :  0.002 0.928 0.008 0.063 
 68 HH1013a-002    (0)   :  0.002 0.170 0.598 0.230 
 69 HH1013a-003    (0)   :  0.010 0.016 0.013 0.961 
 70 HH1013a-005    (0)   :  0.006 0.159 0.013 0.822 
 71 HH1013a-006    (0)   :  0.002 0.745 0.106 0.147 
 72 HH1013a-007    (0)   :  0.001 0.017 0.009 0.973 
 73 HH1013a-009    (0)   :  0.006 0.188 0.042 0.764 
 74 HH1013a-010    (0)   :  0.005 0.133 0.060 0.802 
 75 HH1013a-011    (1)   :  0.001 0.026 0.032 0.941 
 76 HH1013a-012    (0)   :  0.001 0.420 0.040 0.538 
 77 HH1013a-013    (0)   :  0.004 0.072 0.799 0.125 
 78 HH1013a-014    (1)   :  0.002 0.168 0.611 0.220 
 79 HH1013a-015    (1)   :  0.002 0.879 0.030 0.089 
 80 HH1013a-016    (0)   :  0.009 0.021 0.014 0.956 
 81 HH1013a-017    (0)   :  0.002 0.027 0.244 0.727 
 82 HH1013a-018    (1)   :  0.011 0.009 0.020 0.960 
 83 HH1013a-019    (0)   :  0.004 0.502 0.012 0.482 
 84 HH1013a-020    (0)   :  0.001 0.870 0.035 0.094 
 85 HH1013a-021    (0)   :  0.001 0.682 0.061 0.256 
 86 HH1013a-022    (0)   :  0.012 0.863 0.111 0.013 
 87 HH1013a-023    (1)   :  0.002 0.032 0.025 0.940 
 88 HH1013a-024    (1)   :  0.005 0.027 0.051 0.916 
 89 HH1013s-001    (1)   :  0.010 0.041 0.246 0.703 
 90 HH1013s-002    (1)   :  0.004 0.268 0.081 0.647 
 91 HH1013s-003    (0)   :  0.009 0.048 0.797 0.146 
 92 HH1013s-005    (1)   :  0.001 0.620 0.081 0.298 
 93 HH1013s-006    (1)   :  0.003 0.696 0.049 0.252 
 94 HH1013s-007    (0)   :  0.002 0.081 0.085 0.833 
 95 HH1013s-008    (0)   :  0.001 0.099 0.012 0.887 
 96 HH1013s-009    (1)   :  0.002 0.042 0.136 0.821 
 97 HH1013s-010    (1)   :  0.002 0.015 0.021 0.962 
 98 HH1013s-011    (1)   :  0.004 0.052 0.015 0.930 
 99 HH1013s-012    (1)   :  0.001 0.232 0.098 0.669 
100 HH1013s-013    (0)   :  0.001 0.892 0.019 0.089 
101 HH1013s-014    (0)   :  0.001 0.010 0.095 0.893 
102 HH1013s-016    (1)   :  0.002 0.514 0.070 0.414 
103 HH1013s-017    (1)   :  0.004 0.117 0.027 0.853 
104 HH1013s-018    (1)   :  0.002 0.348 0.133 0.517 
105 HH1013s-019    (0)   :  0.001 0.962 0.014 0.023 
106 HH1013s-020    (0)   :  0.004 0.932 0.013 0.052 
107 HH1013s-021    (1)   :  0.001 0.009 0.019 0.971 
108 HH1013s-022    (0)   :  0.001 0.015 0.095 0.889 
109 HH1013s-023    (0)   :  0.006 0.491 0.024 0.479 
110 HH1013s-024    (0)   :  0.003 0.085 0.023 0.889 
111 HH1013s-025    (1)   :  0.023 0.120 0.036 0.821 
112 HH812s-001    (1)   :  0.006 0.021 0.028 0.945 
113 HH812s-003    (1)   :  0.006 0.020 0.117 0.857 
114 HH812s-006    (0)   :  0.005 0.062 0.036 0.897 
115 HH812s-010    (1)   :  0.005 0.017 0.015 0.963 
116 HH812s-013    (0)   :  0.010 0.575 0.029 0.386 
117 HH812s-018    (0)   :  0.001 0.005 0.132 0.862 
118 HH812s-019    (1)   :  0.016 0.890 0.045 0.049 
119 HH812s-024    (0)   :  0.004 0.043 0.013 0.939 
120 HH812s-025    (0)   :  0.003 0.040 0.069 0.888 
121 HH812s-030    (0)   :  0.025 0.024 0.066 0.884 
122 HH812s-035    (0)   :  0.001 0.020 0.013 0.966 
123 HH812s-036    (1)   :  0.001 0.070 0.061 0.869 
124 HH812s-037    (0)   :  0.001 0.048 0.047 0.903 
125 HH812s-039    (1)   :  0.002 0.020 0.117 0.861 
126 HH812s-040    (0)   :  0.001 0.288 0.362 0.349 
127 HH812s-042    (0)   :  0.001 0.046 0.024 0.929 
128 HH812s-046    (0)   :  0.002 0.016 0.006 0.975 
129 HH812s-048    (0)   :  0.002 0.041 0.017 0.940 
130 HH812s-050    (1)   :  0.003 0.180 0.024 0.792 
131 HH812s-052    (1)   :  0.006 0.903 0.024 0.067 
132 HH812s-054    (1)   :  0.002 0.046 0.056 0.896 
133 HH812s-056    (1)   :  0.009 0.933 0.011 0.046 
134 HH912s-109    (0)   :  0.002 0.402 0.039 0.556 
135 HH912s-110    (0)   :  0.001 0.253 0.105 0.641 
136 HH912s-111    (0)   :  0.003 0.023 0.079 0.895 
137 HH912s-113    (0)   :  0.001 0.021 0.113 0.865 
138 HH912s-114    (0)   :  0.002 0.912 0.054 0.032 
139 HH912s-115    (0)   :  0.010 0.026 0.009 0.956 
140 HH912s-116    (1)   :  0.001 0.857 0.098 0.043 
141 HH912s-117    (0)   :  0.008 0.840 0.033 0.119 
142 HH912s-118    (1)   :  0.006 0.124 0.227 0.642 
143 HH912s-119    (1)   :  0.001 0.080 0.076 0.842 
144 HH912s-120    (0)   :  0.001 0.045 0.059 0.895 
145 HH912s-121    (0)   :  0.001 0.031 0.015 0.953 
146 HH912s-122    (1)   :  0.004 0.578 0.044 0.375 
147 HH912s-123    (0)   :  0.001 0.211 0.030 0.757 
148 HH912s-124    (0)   :  0.002 0.510 0.026 0.462 
149 HH912s-125    (0)   :  0.009 0.056 0.530 0.406 
150 HH912s-126    (0)   :  0.008 0.265 0.081 0.646 
151 HH912s-127    (0)   :  0.002 0.192 0.040 0.766 
152 HH912s-128    (0)   :  0.003 0.151 0.022 0.824 
153 HH912s-129    (0)   :  0.002 0.100 0.100 0.798 
154 HH912s-130    (0)   :  0.003 0.106 0.090 0.801 
155 HH912s-131    (0)   :  0.003 0.303 0.044 0.651 
156 HH912s-132    (0)   :  0.004 0.821 0.039 0.137 
157 IRV1012-001    (0)   :  0.021 0.009 0.227 0.743 
158 IRV1012-002    (0)   :  0.002 0.134 0.157 0.707 
159 IRV1012-003    (0)   :  0.004 0.101 0.010 0.885 
160 IRV1012-004    (1)   :  0.002 0.026 0.036 0.935 
161 IRV1012-006    (0)   :  0.002 0.108 0.019 0.872 
162 IRV1012-007    (0)   :  0.001 0.921 0.028 0.050 
163 IRV1012-008    (0)   :  0.002 0.071 0.727 0.200 
164 IRV1012-009    (1)   :  0.001 0.082 0.202 0.715 
165 IRV1012-010    (0)   :  0.002 0.221 0.021 0.756 
166 IRV1012-011    (0)   :  0.001 0.016 0.024 0.959 
167 IRV1012-012    (0)   :  0.002 0.077 0.845 0.075 
168 IRV1012-013    (0)   :  0.005 0.036 0.857 0.102 
169 IRV1012-014    (0)   :  0.001 0.297 0.035 0.667 
170 IRV1012-015    (0)   :  0.003 0.024 0.026 0.947 
171 IRV1012-016    (0)   :  0.001 0.383 0.118 0.498 
172 IRV1012-017    (0)   :  0.002 0.871 0.007 0.120 
173 IRV1012-018    (1)   :  0.003 0.042 0.229 0.726 
174 IRV1012-019    (0)   :  0.003 0.478 0.114 0.405 
175 IRV1012-020    (0)   :  0.001 0.622 0.256 0.120 
176 IRV1012-021    (0)   :  0.003 0.019 0.010 0.968 
177 IRV1012-022    (0)   :  0.001 0.019 0.008 0.972 
178 IRV1012-023    (0)   :  0.001 0.026 0.023 0.949 
179 IRV1012-024    (1)   :  0.018 0.030 0.194 0.758 
180 NTC1013a-00    (0)   :  0.027 0.085 0.861 0.026 
181 NTC1013a-00    (1)   :  0.004 0.022 0.955 0.020 
182 NTC1013a-00    (0)   :  0.003 0.022 0.810 0.165 
183 NTC1013a-00    (1)   :  0.015 0.070 0.818 0.096 
184 NTC1013a-00    (1)   :  0.062 0.286 0.500 0.152 
185 NTC1013a-00    (0)   :  0.006 0.875 0.080 0.039 
186 NTC1013a-00    (1)   :  0.010 0.108 0.750 0.132 
187 NTC1013a-00    (0)   :  0.052 0.603 0.321 0.024 
188 NTC1013a-01    (0)   :  0.062 0.831 0.101 0.006 
189 NTC1013a-01    (0)   :  0.008 0.026 0.932 0.034 
190 NTC1013a-01    (0)   :  0.038 0.018 0.931 0.014 
191 NTC1013a-01    (0)   :  0.199 0.002 0.787 0.012 
192 NTC1013a-01    (0)   :  0.003 0.122 0.860 0.014 
193 NTC1013a-01    (0)   :  0.005 0.936 0.041 0.018 
194 NTC1013a-01    (0)   :  0.006 0.037 0.932 0.025 
195 NTC1013a-01    (1)   :  0.007 0.593 0.357 0.043 
196 NTC1013a-01    (0)   :  0.003 0.026 0.944 0.026 
197 NTC1013a-01    (0)   :  0.001 0.014 0.955 0.029 
198 NTC1013a-02    (0)   :  0.006 0.308 0.637 0.050 
199 NTC1013a-02    (0)   :  0.004 0.033 0.938 0.025 
200 PM1012-01    (0)   :  0.001 0.940 0.019 0.039 
201 PM1012-02    (1)   :  0.001 0.018 0.022 0.958 
202 PM1012-04    (1)   :  0.001 0.087 0.308 0.604 
203 PM1012-06    (0)   :  0.010 0.234 0.054 0.702 
204 PM1012-07    (0)   :  0.001 0.949 0.008 0.042 
205 PM1012-09    (0)   :  0.004 0.884 0.060 0.052 
206 PM1012-10    (0)   :  0.001 0.039 0.039 0.920 
207 PM1012-13    (0)   :  0.001 0.537 0.067 0.395 
208 PM1012-14    (0)   :  0.003 0.955 0.013 0.028 
209 PM1012-16    (1)   :  0.001 0.136 0.014 0.849 
210 PM1012-17    (0)   :  0.002 0.019 0.457 0.523 
211 PM1012-23    (0)   :  0.001 0.189 0.008 0.802 
212 PM1012-24    (1)   :  0.001 0.392 0.069 0.538 
213 PM1012-25    (0)   :  0.001 0.037 0.170 0.792 
214 PM1012-26    (3)   :  0.003 0.039 0.010 0.947 
215 PM1012-27    (0)   :  0.037 0.158 0.086 0.719 
216 PRA1013a-00    (1)   :  0.001 0.022 0.071 0.905 
217 PRA1013a-00    (1)   :  0.003 0.072 0.044 0.881 
218 PRA1013a-00    (0)   :  0.002 0.027 0.032 0.939 
219 PRA1013a-00    (0)   :  0.001 0.582 0.003 0.413 
220 PRA1013a-00    (0)   :  0.007 0.012 0.005 0.975 
221 PRA1013a-00    (0)   :  0.001 0.164 0.621 0.213 
222 PRA1013a-00    (1)   :  0.002 0.918 0.011 0.069 
223 PRA1013a-01    (0)   :  0.276 0.004 0.699 0.021 
224 PRA1013a-01    (1)   :  0.002 0.056 0.882 0.060 
225 PRA1013a-01    (0)   :  0.005 0.009 0.781 0.205 
226 PRA1013a-01    (0)   :  0.001 0.025 0.013 0.961 
227 PRA1013a-01    (1)   :  0.004 0.323 0.655 0.017 
228 PRA1013a-02    (1)   :  0.003 0.029 0.039 0.928 
229 PRA1013a-02    (1)   :  0.002 0.051 0.091 0.856 
230 PRA1013a-02    (0)   :  0.002 0.063 0.016 0.919 
231 PRA1013a-03    (0)   :  0.005 0.373 0.017 0.604 
232 PRA1013a-03    (1)   :  0.001 0.040 0.014 0.944 
233 PRA1013a-03    (0)   :  0.002 0.014 0.005 0.979 
234 PRA1013a-03    (0)   :  0.004 0.539 0.006 0.450 
235 PRA1013a-03    (0)   :  0.007 0.239 0.453 0.301 
236 PRA1013a-03    (0)   :  0.002 0.021 0.033 0.944 
237 PRA1013a-03    (0)   :  0.002 0.845 0.022 0.131 
238 PRA1013a-03    (1)   :  0.016 0.171 0.016 0.797 
239 RI812s-001    (0)   :  0.054 0.078 0.854 0.015 
240 RI812s-002    (1)   :  0.069 0.262 0.659 0.010 
241 RI812s-003    (1)   :  0.020 0.322 0.634 0.024 
242 RI812s-005    (1)   :  0.017 0.034 0.941 0.008 
243 RI812s-006    (0)   :  0.002 0.025 0.947 0.026 
244 RI812s-007    (0)   :  0.004 0.032 0.897 0.067 
245 RI812s-009    (0)   :  0.095 0.800 0.100 0.005 
246 RI812s-010    (1)   :  0.048 0.139 0.705 0.108 
247 RI812s-011    (0)   :  0.060 0.121 0.665 0.154 
248 RI812s-013    (1)   :  0.003 0.747 0.163 0.087 
249 RI812s-014    (1)   :  0.005 0.022 0.957 0.016 
250 RI812s-015    (0)   :  0.002 0.047 0.918 0.033 
251 RI812s-016    (0)   :  0.238 0.020 0.734 0.007 
252 SV0512a-001    (0)   :  0.003 0.287 0.670 0.040 
253 SV0512a-002    (1)   :  0.008 0.039 0.880 0.073 
254 SV0512a-003    (0)   :  0.012 0.420 0.468 0.100 
255 SV0512a-005    (1)   :  0.003 0.274 0.667 0.057 
256 SV0512a-007    (1)   :  0.093 0.026 0.875 0.007 
257 SV0512a-008    (1)   :  0.068 0.021 0.902 0.010 
258 SV0512a-009    (1)   :  0.002 0.013 0.873 0.113 
259 SV0512a-010    (0)   :  0.005 0.183 0.758 0.054 
260 SV0512a-011    (0)   :  0.204 0.006 0.786 0.003 
261 SV0512a-013    (1)   :  0.002 0.400 0.071 0.527 
262 SV0512a-014    (6)   :  0.006 0.513 0.424 0.057 
263 SV0512a-016    (1)   :  0.004 0.289 0.653 0.054 
264 SV0512a-018    (4)   :  0.097 0.008 0.636 0.258 
265 SV0512a-021    (2)   :  0.017 0.346 0.610 0.027 
266 SV0512a-022    (0)   :  0.030 0.089 0.873 0.007 
267 SV0512a-023    (2)   :  0.003 0.044 0.932 0.021 
268 SV0512a-024    (0)   :  0.023 0.010 0.962 0.004 
269 SV0512a-025    (0)   :  0.004 0.898 0.054 0.044 
270 SV0512a-027    (0)   :  0.002 0.013 0.958 0.027 
271 SV0512a-028    (3)   :  0.042 0.284 0.305 0.369 
272 SV1013a-001    (0)   :  0.070 0.120 0.758 0.053 
273 SV1013a-002    (1)   :  0.001 0.348 0.453 0.199 
274 SV1013a-003    (0)   :  0.004 0.870 0.102 0.024 
275 SV1013a-005    (0)   :  0.040 0.045 0.907 0.008 
276 SV1013a-006    (0)   :  0.003 0.411 0.568 0.018 
277 SV1013a-007    (0)   :  0.004 0.304 0.660 0.032 
278 SV1013a-008    (0)   :  0.002 0.020 0.965 0.013 
279 SV1013a-009    (0)   :  0.054 0.647 0.223 0.076 
280 SV1013a-010    (1)   :  0.008 0.221 0.699 0.072 
281 SV1013a-011    (0)   :  0.002 0.064 0.677 0.257 
282 SV1013a-012    (0)   :  0.042 0.107 0.836 0.015 
283 SV1013a-013    (0)   :  0.006 0.269 0.687 0.038 
284 SV1013a-014    (0)   :  0.003 0.234 0.737 0.026 
285 SV1013a-015    (0)   :  0.002 0.137 0.840 0.021 
286 SV1013a-016    (0)   :  0.002 0.021 0.876 0.101 
287 SV1013a-017    (0)   :  0.026 0.749 0.111 0.113 
288 SV1013a-018    (0)   :  0.002 0.653 0.272 0.073 
289 SV1013a-019    (0)   :  0.020 0.039 0.910 0.031 
290 SV1013a-020    (0)   :  0.150 0.105 0.726 0.019 
291 SV1013a-021    (0)   :  0.001 0.020 0.870 0.109 
292 SV1013a-022    (1)   :  0.070 0.040 0.868 0.023 
293 SV1013a-023    (0)   :  0.015 0.800 0.154 0.031 
294 SV1013a-024    (0)   :  0.059 0.046 0.888 0.007 
295 SV812s-026    (1)   :  0.006 0.058 0.796 0.140 
296 SV812s-027    (0)   :  0.055 0.768 0.029 0.148 
297 SV812s-029    (0)   :  0.001 0.012 0.712 0.275 
298 SV812s-030    (0)   :  0.075 0.144 0.635 0.146 
299 SV812s-031    (0)   :  0.007 0.244 0.737 0.012 
300 SV812s-032    (0)   :  0.059 0.051 0.875 0.014 
301 SV812s-033    (0)   :  0.002 0.166 0.820 0.012 
302 SV812s-034    (0)   :  0.011 0.019 0.942 0.028 
303 SV812s-037    (0)   :  0.009 0.844 0.037 0.110 
304 SV812s-038    (0)   :  0.007 0.209 0.653 0.132 
305 SV812s-039    (0)   :  0.003 0.832 0.153 0.013 
306 SV812s-040    (0)   :  0.002 0.055 0.680 0.263 
307 SV812s-041    (0)   :  0.001 0.010 0.980 0.009 
308 SV812s-042    (0)   :  0.002 0.024 0.963 0.011 
309 SV812s-043    (1)   :  0.013 0.813 0.124 0.050 
310 SV812s-044    (0)   :  0.002 0.068 0.901 0.029 
311 SV812s-046    (0)   :  0.024 0.051 0.809 0.116 
312 SV812s-047    (0)   :  0.002 0.079 0.788 0.131 
313 SV812s-048    (1)   :  0.002 0.730 0.244 0.023 
314 SV812s-049    (0)   :  0.002 0.045 0.896 0.058 
315 SV812s-050    (1)   :  0.002 0.862 0.075 0.061 
316 SV812s-051    (0)   :  0.006 0.033 0.912 0.050 
317 SV812s-052    (0)   :  0.050 0.556 0.371 0.022 
318 SV912s-001    (1)   :  0.005 0.594 0.377 0.023 
319 SV912s-002    (0)   :  0.044 0.106 0.624 0.225 
320 SV912s-003    (0)   :  0.086 0.343 0.507 0.064 
321 SV912s-005    (1)   :  0.090 0.454 0.119 0.337 
322 SV912s-006    (1)   :  0.001 0.082 0.902 0.015 
323 SV912s-007    (0)   :  0.005 0.082 0.864 0.049 
324 SV912s-008    (1)   :  0.002 0.016 0.926 0.056 
325 SV912s-009    (0)   :  0.002 0.244 0.736 0.019 
326 SV912s-010    (1)   :  0.001 0.509 0.458 0.031 
327 SV912s-011    (1)   :  0.005 0.016 0.899 0.080 
328 SV912s-012    (1)   :  0.058 0.115 0.776 0.051 
329 SV912s-013    (0)   :  0.002 0.017 0.742 0.239 
330 SV912s-014    (1)   :  0.057 0.122 0.665 0.156 
331 SV912s-015    (0)   :  0.005 0.017 0.961 0.017 
332 SV912s-017    (0)   :  0.016 0.028 0.874 0.082 
333 SV912s-018    (1)   :  0.002 0.094 0.743 0.160 
334 SV912s-019    (1)   :  0.001 0.015 0.423 0.561 
335 SV912s-020    (1)   :  0.048 0.005 0.926 0.020 
336 SV912s-021    (0)   :  0.004 0.077 0.856 0.063 
337 SV912s-022    (0)   :  0.004 0.015 0.638 0.344 
338 SV912s-023    (0)   :  0.018 0.915 0.014 0.053 
339 SV912s-024    (0)   :  0.002 0.012 0.027 0.959 
340 SV912s-025    (1)   :  0.002 0.134 0.027 0.838 
341 TPZ0713-001    (1)   :  0.001 0.974 0.008 0.017 
342 TPZ0713-002    (1)   :  0.002 0.231 0.252 0.515 
343 TPZ0713-003    (0)   :  0.002 0.057 0.366 0.574 
344 TPZ0713-005    (0)   :  0.012 0.287 0.052 0.649 
345 TPZ0713-006    (1)   :  0.015 0.013 0.009 0.963 
346 TPZ0713-007    (1)   :  0.001 0.020 0.340 0.639 
347 TPZ0713-009    (1)   :  0.003 0.156 0.028 0.813 
348 TPZ0713-011    (1)   :  0.001 0.021 0.161 0.817 
349 TPZ0713-012    (1)   :  0.001 0.530 0.009 0.459 
350 TPZ0713-013    (0)   :  0.001 0.031 0.010 0.957 
351 TPZ0713-014    (1)   :  0.003 0.010 0.014 0.973 
352 TPZ0713-015    (0)   :  0.001 0.945 0.020 0.034 
353 TPZ0713-016    (0)   :  0.001 0.050 0.269 0.681 
354 TPZ0713-020    (1)   :  0.003 0.909 0.021 0.067 
355 TPZ0713-021    (1)   :  0.012 0.055 0.011 0.922 
356 TPZ0713-023    (0)   :  0.002 0.012 0.007 0.979 
357 TPZ0713-024    (1)   :  0.001 0.804 0.087 0.108 
358 TPZ0713-025    (1)   :  0.002 0.007 0.004 0.987 
359 TPZ0713-028    (1)   :  0.001 0.020 0.012 0.967 
360 TPZ0713-029    (1)   :  0.013 0.151 0.032 0.804 
361 WFM812s-049    (0)   :  0.001 0.098 0.849 0.052 
362 WFM812s-050    (1)   :  0.002 0.080 0.847 0.070 
363 WFM812s-051    (1)   :  0.001 0.034 0.941 0.024 
364 WFM812s-054    (0)   :  0.007 0.780 0.203 0.009 
365 WFM812s-056    (0)   :  0.003 0.022 0.765 0.210 
366 WFM812s-057    (1)   :  0.004 0.011 0.973 0.012 
367 WFM812s-058    (0)   :  0.003 0.054 0.772 0.171 
368 WFM812s-059    (0)   :  0.026 0.099 0.869 0.006 
369 WFM812s-060    (1)   :  0.220 0.720 0.058 0.002 
370 WFM812s-062    (0)   :  0.003 0.008 0.930 0.060 
371 WFM812s-063    (0)   :  0.005 0.970 0.016 0.009 
372 WFM812s-064    (0)   :  0.018 0.919 0.038 0.025 
373 WFM812s-065    (0)   :  0.005 0.662 0.327 0.007 
374 WFM812s-066    (0)   :  0.002 0.041 0.942 0.016 
375 WFM812s-067    (0)   :  0.008 0.016 0.956 0.021 
376 WFM812s-068    (1)   :  0.002 0.058 0.836 0.105 
377 WFM812s-069    (0)   :  0.002 0.946 0.021 0.030 
378 WFM812s-071    (0)   :  0.010 0.050 0.585 0.355 
379 WFM812s-072    (0)   :  0.012 0.023 0.923 0.042 
380 WFM812s-073    (1)   :  0.004 0.014 0.653 0.328 


Estimated Allele Frequencies in each cluster
First column gives estimated ancestral frequencies


Locus 1 : NC_035780.1:72 
2 alleles
1.1% missing data
   2   (0.797) 0.920 0.778 0.809 0.803 
   1   (0.203) 0.080 0.222 0.191 0.197 

Locus 2 : NC_035780.1:72 
2 alleles
1.1% missing data
   2   (0.890) 0.990 0.873 0.896 0.898 
   1   (0.110) 0.010 0.127 0.104 0.102 

Locus 3 : NC_035780.1:44 
2 alleles
0.3% missing data
   2   (0.929) 0.995 0.917 0.929 0.943 
   1   (0.071) 0.005 0.083 0.071 0.057 

Locus 4 : NC_035780.1:31 
2 alleles
0.0% missing data
   2   (0.904) 0.824 0.914 0.896 0.910 
   1   (0.096) 0.176 0.086 0.104 0.090 

Locus 5 : NC_035780.1:36 
2 alleles
0.0% missing data
   2   (0.670) 0.640 0.677 0.657 0.682 
   1   (0.330) 0.360 0.323 0.343 0.318 

Locus 6 : NC_035780.1:38 
2 alleles
0.0% missing data
   1   (0.179) 0.065 0.193 0.171 0.173 
   2   (0.821) 0.935 0.807 0.829 0.827 

Locus 7 : NC_035780.1:38 
2 alleles
0.0% missing data
   2   (0.786) 0.965 0.772 0.799 0.778 
   1   (0.214) 0.035 0.228 0.201 0.222 

Locus 8 : NC_035780.1:38 
2 alleles
0.0% missing data
   1   (0.112) 0.249 0.108 0.107 0.112 
   2   (0.888) 0.751 0.892 0.893 0.888 

Locus 9 : NC_035780.1:38 
2 alleles
0.0% missing data
   2   (0.913) 0.888 0.918 0.912 0.918 
   1   (0.087) 0.112 0.082 0.088 0.082 

Locus 10 : NC_035780.1:41 
2 alleles
3.2% missing data
   2   (0.826) 0.882 0.796 0.851 0.826 
   1   (0.174) 0.118 0.204 0.149 0.174 

Locus 11 : NC_035780.1:44 
2 alleles
0.0% missing data
   2   (0.899) 0.993 0.911 0.907 0.872 
   1   (0.101) 0.007 0.089 0.093 0.128 

Locus 12 : NC_035780.1:44 
2 alleles
0.0% missing data
   2   (0.905) 0.993 0.911 0.905 0.900 
   1   (0.095) 0.007 0.089 0.095 0.100 

Locus 13 : NC_035780.1:54 
2 alleles
3.7% missing data
   2   (0.912) 0.993 0.916 0.905 0.917 
   1   (0.088) 0.007 0.084 0.095 0.083 

Locus 14 : NC_035780.1:55 
2 alleles
0.3% missing data
   2   (0.932) 0.995 0.926 0.936 0.936 
   1   (0.068) 0.005 0.074 0.064 0.064 

Locus 15 : NC_035780.1:59 
2 alleles
0.0% missing data
   1   (0.404) 0.343 0.395 0.415 0.399 
   2   (0.596) 0.657 0.605 0.585 0.601 

Locus 16 : NC_035780.1:84 
2 alleles
1.8% missing data
   2   (0.913) 0.993 0.930 0.899 0.912 
   1   (0.087) 0.007 0.070 0.101 0.088 

Locus 17 : NC_035780.1:90 
2 alleles
1.3% missing data
   2   (0.914) 0.959 0.918 0.907 0.924 
   1   (0.086) 0.041 0.082 0.093 0.076 

Locus 18 : NC_035780.1:90 
2 alleles
1.3% missing data
   2   (0.935) 0.995 0.940 0.946 0.914 
   1   (0.065) 0.005 0.060 0.054 0.086 

Locus 19 : NC_035780.1:98 
2 alleles
0.0% missing data
   2   (0.844) 0.990 0.825 0.857 0.844 
   1   (0.156) 0.010 0.175 0.143 0.156 

Locus 20 : NC_035780.1:98 
2 alleles
0.0% missing data
   1   (0.494) 0.296 0.503 0.485 0.499 
   2   (0.506) 0.704 0.497 0.515 0.501 

Locus 21 : NC_035780.1:98 
2 alleles
0.0% missing data
   2   (0.818) 0.795 0.819 0.821 0.820 
   1   (0.182) 0.205 0.181 0.179 0.180 

Locus 22 : NC_035780.1:10 
2 alleles
3.9% missing data
   1   (0.265) 0.212 0.258 0.262 0.272 
   2   (0.735) 0.788 0.742 0.738 0.728 

Locus 23 : NC_035780.1:11 
2 alleles
0.0% missing data
   1   (0.157) 0.199 0.146 0.161 0.157 
   2   (0.843) 0.801 0.854 0.839 0.843 

Locus 24 : NC_035780.1:13 
2 alleles
0.0% missing data
   1   (0.194) 0.013 0.192 0.204 0.190 
   2   (0.806) 0.987 0.808 0.796 0.810 

Locus 25 : NC_035780.1:13 
2 alleles
0.0% missing data
   2   (0.723) 0.468 0.721 0.746 0.703 
   1   (0.277) 0.532 0.279 0.254 0.297 

Locus 26 : NC_035780.1:15 
2 alleles
0.3% missing data
   2   (0.943) 0.821 0.944 0.945 0.947 
   1   (0.057) 0.179 0.056 0.055 0.053 

Locus 27 : NC_035780.1:16 
2 alleles
0.0% missing data
   2   (0.912) 0.676 0.923 0.918 0.902 
   1   (0.088) 0.324 0.077 0.082 0.098 

Locus 28 : NC_035780.1:16 
2 alleles
0.0% missing data
   1   (0.168) 0.018 0.162 0.186 0.156 
   2   (0.832) 0.982 0.838 0.814 0.844 

Locus 29 : NC_035780.1:16 
2 alleles
5.8% missing data
   2   (0.925) 0.867 0.921 0.925 0.938 
   1   (0.075) 0.133 0.079 0.075 0.062 

Locus 30 : NC_035780.1:16 
2 alleles
5.8% missing data
   2   (0.941) 0.872 0.933 0.945 0.954 
   1   (0.059) 0.128 0.067 0.055 0.046 

Locus 31 : NC_035780.1:17 
2 alleles
0.0% missing data
   2   (0.906) 0.869 0.896 0.908 0.920 
   1   (0.094) 0.131 0.104 0.092 0.080 

Locus 32 : NC_035780.1:18 
2 alleles
0.3% missing data
   2   (0.922) 0.988 0.919 0.923 0.928 
   1   (0.078) 0.012 0.081 0.077 0.072 

Locus 33 : NC_035780.1:18 
2 alleles
1.3% missing data
   2   (0.939) 0.806 0.945 0.941 0.942 
   1   (0.061) 0.194 0.055 0.059 0.058 

Locus 34 : NC_035780.1:19 
2 alleles
0.0% missing data
   1   (0.281) 0.130 0.270 0.294 0.277 
   2   (0.719) 0.870 0.730 0.706 0.723 

Locus 35 : NC_035780.1:20 
2 alleles
0.5% missing data
   1   (0.461) 0.208 0.464 0.478 0.441 
   2   (0.539) 0.792 0.536 0.522 0.559 

Locus 36 : NC_035780.1:22 
2 alleles
1.6% missing data
   1   (0.207) 0.071 0.199 0.216 0.204 
   2   (0.793) 0.929 0.801 0.784 0.796 

Locus 37 : NC_035780.1:22 
2 alleles
1.6% missing data
   2   (0.879) 0.992 0.884 0.888 0.858 
   1   (0.121) 0.008 0.116 0.112 0.142 

Locus 38 : NC_035780.1:24 
2 alleles
0.0% missing data
   1   (0.464) 0.683 0.455 0.478 0.452 
   2   (0.536) 0.317 0.545 0.522 0.548 

Locus 39 : NC_035780.1:24 
2 alleles
0.0% missing data
   2   (0.860) 0.854 0.864 0.864 0.858 
   1   (0.140) 0.146 0.136 0.136 0.142 

Locus 40 : NC_035780.1:24 
2 alleles
0.0% missing data
   2   (0.891) 0.928 0.889 0.883 0.910 
   1   (0.109) 0.072 0.111 0.117 0.090 

Locus 41 : NC_035780.1:25 
2 alleles
0.3% missing data
   2   (0.818) 0.968 0.811 0.808 0.836 
   1   (0.182) 0.032 0.189 0.192 0.164 

Locus 42 : NC_035780.1:26 
2 alleles
0.8% missing data
   1   (0.353) 0.353 0.361 0.335 0.367 
   2   (0.647) 0.647 0.639 0.665 0.633 

Locus 43 : NC_035780.1:26 
2 alleles
0.8% missing data
   2   (0.821) 0.784 0.829 0.799 0.844 
   1   (0.179) 0.216 0.171 0.201 0.156 

Locus 44 : NC_035780.1:26 
2 alleles
0.0% missing data
   1   (0.299) 0.491 0.306 0.298 0.285 
   2   (0.701) 0.509 0.694 0.702 0.715 

Locus 45 : NC_035780.1:27 
2 alleles
0.0% missing data
   2   (0.908) 0.930 0.909 0.911 0.911 
   1   (0.092) 0.070 0.091 0.089 0.089 

Locus 46 : NC_035780.1:27 
2 alleles
0.0% missing data
   2   (0.962) 0.998 0.960 0.968 0.960 
   1   (0.038) 0.002 0.040 0.032 0.040 

Locus 47 : NC_035780.1:27 
2 alleles
3.4% missing data
   2   (0.871) 0.990 0.874 0.867 0.873 
   1   (0.129) 0.010 0.126 0.133 0.127 

Locus 48 : NC_035780.1:27 
2 alleles
3.4% missing data
   2   (0.881) 0.676 0.896 0.870 0.886 
   1   (0.119) 0.324 0.104 0.130 0.114 

Locus 49 : NC_035780.1:28 
2 alleles
3.9% missing data
   2   (0.959) 0.616 0.960 0.956 0.971 
   1   (0.041) 0.384 0.040 0.044 0.029 

Locus 50 : NC_035780.1:28 
2 alleles
3.9% missing data
   2   (0.911) 0.993 0.920 0.902 0.914 
   1   (0.089) 0.007 0.080 0.098 0.086 

Locus 51 : NC_035780.1:28 
2 alleles
0.0% missing data
   1   (0.491) 0.265 0.511 0.466 0.506 
   2   (0.509) 0.735 0.489 0.534 0.494 

Locus 52 : NC_035780.1:28 
2 alleles
0.0% missing data
   2   (0.906) 0.868 0.909 0.901 0.919 
   1   (0.094) 0.132 0.091 0.099 0.081 

Locus 53 : NC_035780.1:28 
2 alleles
1.1% missing data
   1   (0.180) 0.331 0.186 0.183 0.161 
   2   (0.820) 0.669 0.814 0.817 0.839 

Locus 54 : NC_035780.1:29 
2 alleles
0.0% missing data
   1   (0.197) 0.057 0.201 0.197 0.192 
   2   (0.803) 0.943 0.799 0.803 0.808 

Locus 55 : NC_035780.1:29 
2 alleles
0.0% missing data
   2   (0.946) 0.726 0.956 0.945 0.944 
   1   (0.054) 0.274 0.044 0.055 0.056 

Locus 56 : NC_035780.1:29 
2 alleles
0.0% missing data
   2   (0.832) 0.813 0.837 0.822 0.844 
   1   (0.168) 0.187 0.163 0.178 0.156 

Locus 57 : NC_035780.1:29 
2 alleles
0.0% missing data
   2   (0.906) 0.994 0.904 0.906 0.910 
   1   (0.094) 0.006 0.096 0.094 0.090 

Locus 58 : NC_035780.1:30 
2 alleles
0.3% missing data
   2   (0.933) 0.996 0.939 0.936 0.924 
   1   (0.067) 0.004 0.061 0.064 0.076 

Locus 59 : NC_035780.1:31 
2 alleles
0.8% missing data
   2   (0.892) 0.992 0.889 0.888 0.898 
   1   (0.108) 0.008 0.111 0.112 0.102 

Locus 60 : NC_035780.1:31 
2 alleles
0.8% missing data
   2   (0.640) 0.436 0.634 0.636 0.657 
   1   (0.360) 0.564 0.366 0.364 0.343 

Locus 61 : NC_035780.1:32 
2 alleles
0.0% missing data
   1   (0.368) 0.480 0.345 0.364 0.394 
   2   (0.632) 0.520 0.655 0.636 0.606 

Locus 62 : NC_035780.1:32 
2 alleles
0.0% missing data
   2   (0.731) 0.619 0.759 0.720 0.722 
   1   (0.269) 0.381 0.241 0.280 0.278 

Locus 63 : NC_035780.1:33 
2 alleles
3.4% missing data
   2   (0.946) 0.996 0.945 0.948 0.948 
   1   (0.054) 0.004 0.055 0.052 0.052 

Locus 64 : NC_035780.1:33 
2 alleles
3.4% missing data
   2   (0.831) 0.416 0.834 0.828 0.842 
   1   (0.169) 0.584 0.166 0.172 0.158 

Locus 65 : NC_035780.1:37 
2 alleles
0.3% missing data
   2   (0.920) 0.889 0.925 0.927 0.914 
   1   (0.080) 0.111 0.075 0.073 0.086 

Locus 66 : NC_035780.1:37 
2 alleles
0.3% missing data
   2   (0.876) 0.991 0.885 0.869 0.873 
   1   (0.124) 0.009 0.115 0.131 0.127 

Locus 67 : NC_035780.1:37 
2 alleles
0.0% missing data
   2   (0.923) 0.995 0.930 0.928 0.909 
   1   (0.077) 0.005 0.070 0.072 0.091 

Locus 68 : NC_035780.1:37 
2 alleles
0.0% missing data
   2   (0.803) 0.876 0.811 0.811 0.787 
   1   (0.197) 0.124 0.189 0.189 0.213 

Locus 69 : NC_035780.1:37 
2 alleles
0.0% missing data
   1   (0.141) 0.052 0.146 0.146 0.125 
   2   (0.859) 0.948 0.854 0.854 0.875 

Locus 70 : NC_035780.1:39 
2 alleles
0.0% missing data
   2   (0.923) 0.994 0.929 0.930 0.907 
   1   (0.077) 0.006 0.071 0.070 0.093 

Locus 71 : NC_035780.1:39 
2 alleles
0.0% missing data
   2   (0.843) 0.934 0.832 0.850 0.849 
   1   (0.157) 0.066 0.168 0.150 0.151 

Locus 72 : NC_035780.1:39 
2 alleles
0.0% missing data
   1   (0.307) 0.590 0.297 0.313 0.301 
   2   (0.693) 0.410 0.703 0.687 0.699 

Locus 73 : NC_035780.1:39 
2 alleles
0.0% missing data
   1   (0.132) 0.017 0.142 0.122 0.135 
   2   (0.868) 0.983 0.858 0.878 0.865 

Locus 74 : NC_035780.1:39 
2 alleles
2.9% missing data
   2   (0.668) 0.589 0.663 0.666 0.682 
   1   (0.332) 0.411 0.337 0.334 0.318 

Locus 75 : NC_035780.1:39 
2 alleles
0.3% missing data
   2   (0.880) 0.730 0.890 0.877 0.884 
   1   (0.120) 0.270 0.110 0.123 0.116 

Locus 76 : NC_035780.1:39 
2 alleles
0.3% missing data
   2   (0.884) 0.987 0.887 0.886 0.880 
   1   (0.116) 0.013 0.113 0.114 0.120 

Locus 77 : NC_035780.1:39 
2 alleles
0.3% missing data
   2   (0.535) 0.664 0.532 0.551 0.515 
   1   (0.465) 0.336 0.468 0.449 0.485 

Locus 78 : NC_035780.1:39 
2 alleles
0.3% missing data
   2   (0.970) 0.998 0.964 0.973 0.976 
   1   (0.030) 0.002 0.036 0.027 0.024 

Locus 79 : NC_035780.1:51 
2 alleles
0.3% missing data
   2   (0.963) 0.998 0.968 0.958 0.968 
   1   (0.037) 0.002 0.032 0.042 0.032 

Locus 80 : NC_035780.1:51 
2 alleles
1.3% missing data
   1   (0.323) 0.405 0.317 0.317 0.332 
   2   (0.677) 0.595 0.683 0.683 0.668 

Locus 81 : NC_035780.1:55 
2 alleles
0.0% missing data
   2   (0.904) 0.994 0.896 0.910 0.904 
   1   (0.096) 0.006 0.104 0.090 0.096 

Locus 82 : NC_035780.1:55 
2 alleles
2.1% missing data
   2   (0.780) 0.611 0.776 0.799 0.766 
   1   (0.220) 0.389 0.224 0.201 0.234 

Locus 83 : NC_035780.1:55 
2 alleles
0.5% missing data
   2   (0.858) 0.924 0.884 0.850 0.843 
   1   (0.142) 0.076 0.116 0.150 0.157 

Locus 84 : NC_035780.1:57 
2 alleles
0.0% missing data
   2   (0.950) 0.771 0.954 0.950 0.956 
   1   (0.050) 0.229 0.046 0.050 0.044 

Locus 85 : NC_035780.1:63 
2 alleles
2.1% missing data
   2   (0.946) 0.819 0.945 0.957 0.940 
   1   (0.054) 0.181 0.055 0.043 0.060 

Locus 86 : NC_035780.1:63 
2 alleles
1.3% missing data
   2   (0.898) 0.960 0.906 0.889 0.905 
   1   (0.102) 0.040 0.094 0.111 0.095 

Locus 87 : NC_035780.1:63 
2 alleles
1.3% missing data
   2   (0.735) 0.563 0.729 0.755 0.722 
   1   (0.265) 0.437 0.271 0.245 0.278 

Locus 88 : NC_035780.1:65 
2 alleles
0.0% missing data
   2   (0.861) 0.915 0.857 0.864 0.867 
   1   (0.139) 0.085 0.143 0.136 0.133 

Locus 89 : NC_035780.1:65 
2 alleles
0.0% missing data
   2   (0.960) 0.876 0.967 0.955 0.969 
   1   (0.040) 0.124 0.033 0.045 0.031 

Locus 90 : NC_035780.1:65 
2 alleles
0.0% missing data
   1   (0.231) 0.082 0.218 0.233 0.243 
   2   (0.769) 0.918 0.782 0.767 0.757 

Locus 91 : NC_035780.1:65 
2 alleles
0.0% missing data
   1   (0.255) 0.167 0.246 0.255 0.263 
   2   (0.745) 0.833 0.754 0.745 0.737 

Locus 92 : NC_035780.1:70 
2 alleles
2.4% missing data
   2   (0.922) 0.874 0.921 0.926 0.925 
   1   (0.078) 0.126 0.079 0.074 0.075 

Locus 93 : NC_035780.1:70 
2 alleles
0.3% missing data
   2   (0.955) 0.754 0.960 0.965 0.946 
   1   (0.045) 0.246 0.040 0.035 0.054 

Locus 94 : NC_035780.1:70 
2 alleles
0.3% missing data
   1   (0.208) 0.218 0.186 0.218 0.215 
   2   (0.792) 0.782 0.814 0.782 0.785 

Locus 95 : NC_035780.1:71 
2 alleles
1.6% missing data
   1   (0.418) 0.313 0.426 0.404 0.427 
   2   (0.582) 0.687 0.574 0.596 0.573 

Locus 96 : NC_035780.1:72 
2 alleles
0.0% missing data
   2   (0.931) 0.988 0.934 0.946 0.904 
   1   (0.069) 0.012 0.066 0.054 0.096 

Locus 97 : NC_035780.1:74 
2 alleles
1.1% missing data
   2   (0.946) 0.699 0.951 0.951 0.945 
   1   (0.054) 0.301 0.049 0.049 0.055 

Locus 98 : NC_035780.1:75 
2 alleles
0.5% missing data
   2   (0.796) 0.871 0.798 0.789 0.808 
   1   (0.204) 0.129 0.202 0.211 0.192 

Locus 99 : NC_035780.1:75 
2 alleles
0.5% missing data
   2   (0.865) 0.744 0.853 0.887 0.857 
   1   (0.135) 0.256 0.147 0.113 0.143 

Locus 100 : NC_035780.1:75 
2 alleles
1.1% missing data
   2   (0.928) 0.994 0.932 0.923 0.933 
   1   (0.072) 0.006 0.068 0.077 0.067 

Locus 101 : NC_035780.1:75 
2 alleles
0.0% missing data
   1   (0.471) 0.700 0.465 0.485 0.456 
   2   (0.529) 0.300 0.535 0.515 0.544 

Locus 102 : NC_035780.1:75 
2 alleles
0.3% missing data
   2   (0.901) 0.755 0.906 0.901 0.906 
   1   (0.099) 0.245 0.094 0.099 0.094 

Locus 103 : NC_035780.1:76 
2 alleles
2.9% missing data
   1   (0.336) 0.611 0.315 0.334 0.354 
   2   (0.664) 0.389 0.685 0.666 0.646 

Locus 104 : NC_035780.1:76 
2 alleles
2.9% missing data
   2   (0.931) 0.995 0.921 0.946 0.923 
   1   (0.069) 0.005 0.079 0.054 0.077 

Locus 105 : NC_035780.1:77 
2 alleles
4.5% missing data
   2   (0.851) 0.926 0.862 0.822 0.874 
   1   (0.149) 0.074 0.138 0.178 0.126 

Locus 106 : NC_035780.1:77 
2 alleles
4.5% missing data
   2   (0.900) 0.666 0.889 0.914 0.903 
   1   (0.100) 0.334 0.111 0.086 0.097 

Locus 107 : NC_035780.1:79 
2 alleles
0.0% missing data
   2   (0.924) 0.872 0.930 0.923 0.929 
   1   (0.076) 0.128 0.070 0.077 0.071 

Locus 108 : NC_035780.1:81 
2 alleles
0.0% missing data
   1   (0.459) 0.119 0.462 0.473 0.445 
   2   (0.541) 0.881 0.538 0.527 0.555 

Locus 109 : NC_035780.1:81 
2 alleles
0.0% missing data
   2   (0.877) 0.960 0.873 0.892 0.866 
   1   (0.123) 0.040 0.127 0.108 0.134 

Locus 110 : NC_035780.1:81 
2 alleles
0.0% missing data
   1   (0.380) 0.440 0.366 0.396 0.370 
   2   (0.620) 0.560 0.634 0.604 0.630 

Locus 111 : NC_035780.1:82 
2 alleles
0.0% missing data
   2   (0.925) 0.907 0.917 0.934 0.929 
   1   (0.075) 0.093 0.083 0.066 0.071 

Locus 112 : NC_035780.1:83 
2 alleles
3.4% missing data
   1   (0.162) 0.011 0.188 0.151 0.154 
   2   (0.838) 0.989 0.812 0.849 0.846 

Locus 113 : NC_035780.1:83 
2 alleles
3.4% missing data
   2   (0.937) 0.996 0.928 0.929 0.955 
   1   (0.063) 0.004 0.072 0.071 0.045 

Locus 114 : NC_035780.1:83 
2 alleles
0.0% missing data
   2   (0.931) 0.933 0.924 0.942 0.932 
   1   (0.069) 0.067 0.076 0.058 0.068 

Locus 115 : NC_035780.1:83 
2 alleles
0.0% missing data
   2   (0.876) 0.598 0.879 0.880 0.878 
   1   (0.124) 0.402 0.121 0.120 0.122 

Locus 116 : NC_035780.1:84 
2 alleles
0.0% missing data
   2   (0.907) 0.720 0.910 0.914 0.903 
   1   (0.093) 0.280 0.090 0.086 0.097 

Locus 117 : NC_035780.1:85 
2 alleles
0.3% missing data
   2   (0.888) 0.884 0.892 0.896 0.881 
   1   (0.112) 0.116 0.108 0.104 0.119 

Locus 118 : NC_035780.1:85 
2 alleles
0.3% missing data
   2   (0.581) 0.857 0.586 0.585 0.566 
   1   (0.419) 0.143 0.414 0.415 0.434 

Locus 119 : NC_035780.1:86 
2 alleles
0.0% missing data
   2   (0.912) 0.881 0.912 0.905 0.928 
   1   (0.088) 0.119 0.088 0.095 0.072 

Locus 120 : NC_035780.1:86 
2 alleles
0.0% missing data
   2   (0.590) 0.698 0.583 0.618 0.560 
   1   (0.410) 0.302 0.417 0.382 0.440 

Locus 121 : NC_035780.1:86 
2 alleles
0.0% missing data
   2   (0.959) 0.997 0.962 0.958 0.961 
   1   (0.041) 0.003 0.038 0.042 0.039 

Locus 122 : NC_035780.1:86 
2 alleles
0.0% missing data
   2   (0.954) 0.996 0.952 0.960 0.952 
   1   (0.046) 0.004 0.048 0.040 0.048 

Locus 123 : NC_035780.1:86 
2 alleles
0.0% missing data
   1   (0.182) 0.087 0.166 0.197 0.178 
   2   (0.818) 0.913 0.834 0.803 0.822 

Locus 124 : NC_035780.1:86 
2 alleles
0.0% missing data
   2   (0.915) 0.961 0.918 0.915 0.918 
   1   (0.085) 0.039 0.082 0.085 0.082 

Locus 125 : NC_035780.1:86 
2 alleles
0.0% missing data
   1   (0.154) 0.099 0.146 0.166 0.141 
   2   (0.846) 0.901 0.854 0.834 0.859 

Locus 126 : NC_035780.1:86 
2 alleles
0.0% missing data
   2   (0.911) 0.754 0.911 0.920 0.909 
   1   (0.089) 0.246 0.089 0.080 0.091 

Locus 127 : NC_035780.1:86 
2 alleles
0.0% missing data
   1   (0.176) 0.044 0.170 0.175 0.183 
   2   (0.824) 0.956 0.830 0.825 0.817 

Locus 128 : NC_035780.1:86 
2 alleles
0.0% missing data
   2   (0.906) 0.886 0.905 0.913 0.907 
   1   (0.094) 0.114 0.095 0.087 0.093 

Locus 129 : NC_035780.1:87 
2 alleles
0.3% missing data
   2   (0.797) 0.707 0.769 0.816 0.806 
   1   (0.203) 0.293 0.231 0.184 0.194 

Locus 130 : NC_035780.1:87 
2 alleles
0.0% missing data
