

----------------------------------------------------
STRUCTURE by Pritchard, Stephens and Donnelly (2000)
     and Falush, Stephens and Pritchard (2003)
       Code by Pritchard, Falush and Hubisz
             Version 2.3.4 (Jul 2012)
----------------------------------------------------



Command line arguments:   /programs/structure_2_3_4/bin/structure -K 4 -i /workdir/yc2644/CV_NYC_ddRAD/structure/n380_all_cor/threader_input/n380_all_SNP.DP3g95p10maf05.HWE.mod.biallelic.all_exGRV.n396_indep_50_1_0.2_pruned.nochr156invers.n380_refil.recode.strct_in -o /workdir/yc2644/CV_NYC_ddRAD/structure/n380_all_cor/str_K4_rep8 -D 8867621 -m /workdir/yc2644/CV_NYC_ddRAD/structure/n380_all_cor/threader_input/mainparams -e /workdir/yc2644/CV_NYC_ddRAD/structure/n380_all_cor/threader_input/extraparams 
Input File:    /workdir/yc2644/CV_NYC_ddRAD/structure/n380_all_cor/threader_input/n380_all_SNP.DP3g95p10maf05.HWE.mod.biallelic.all_exGRV.n396_indep_50_1_0.2_pruned.nochr156invers.n380_refil.recode.strct_in

Run parameters:
   380 individuals
   5625 loci
   4 populations assumed
   10000 Burn-in period
   20000 Reps
RANDOMIZE turned off


--------------------------------------------
Overall proportion of membership of the
sample in each of the 4 clusters

Inferred Clusters
  1      2      3      4    
0.393  0.249  0.281  0.078  

--------------------------------------------

Allele-freq. divergence among pops (Net nucleotide distance),
computed using point estimates of P.

      1       2       3       4      
 1      -    0.0004  0.0004  0.0236  
 2   0.0004     -    0.0003  0.0230  
 3   0.0004  0.0003     -    0.0229  
 4   0.0236  0.0230  0.0229     -    

Average distances (expected heterozygosity) between individuals in same cluster:
cluster  1  : 0.2541 
cluster  2  : 0.2552 
cluster  3  : 0.2552 
cluster  4  : 0.2213 

--------------------------------------------
Estimated Ln Prob of Data   = -1718459.7
Mean value of ln likelihood = -1704428.0
Variance of ln likelihood   = 28063.3
Mean value of alpha         = 0.0891

Mean value of Fst_1         = 0.0053
Mean value of Fst_2         = 0.0043
Mean value of Fst_3         = 0.0038
Mean value of Fst_4         = 0.2144


Inferred ancestry of individuals:
        Label (%Miss) :  Inferred clusters
  1 AB812s-002    (1)   :  0.010 0.005 0.982 0.004 
  2 AB812s-004    (0)   :  0.036 0.031 0.930 0.003 
  3 AB812s-005    (0)   :  0.016 0.041 0.918 0.025 
  4 AB812s-008    (1)   :  0.012 0.027 0.955 0.006 
  5 AB812s-009    (1)   :  0.703 0.262 0.029 0.006 
  6 AB812s-011    (0)   :  0.104 0.076 0.810 0.011 
  7 AB812s-012    (1)   :  0.062 0.033 0.904 0.002 
  8 AB812s-013    (0)   :  0.004 0.943 0.052 0.001 
  9 AB812s-014    (0)   :  0.073 0.593 0.333 0.001 
 10 AB812s-015    (0)   :  0.112 0.829 0.055 0.004 
 11 AB812s-017    (0)   :  0.010 0.967 0.021 0.002 
 12 AB812s-018    (0)   :  0.077 0.141 0.771 0.011 
 13 AB812s-019    (1)   :  0.064 0.168 0.764 0.004 
 14 AB812s-020    (1)   :  0.093 0.615 0.287 0.004 
 15 AB812s-021    (1)   :  0.111 0.655 0.230 0.004 
 16 AB812s-022    (0)   :  0.130 0.063 0.793 0.014 
 17 AB812s-024    (0)   :  0.024 0.021 0.949 0.007 
 18 AB812s-027    (0)   :  0.018 0.008 0.840 0.133 
 19 AB812s-029    (0)   :  0.157 0.762 0.061 0.020 
 20 AB812s-030    (0)   :  0.750 0.034 0.209 0.008 
 21 AB812s-031    (0)   :  0.408 0.084 0.444 0.064 
 22 AB812s-032    (0)   :  0.091 0.026 0.866 0.018 
 23 FI1012-001    (1)   :  0.000 0.000 0.000 1.000 
 24 FI1012-001r    (0)   :  0.000 0.000 0.000 0.999 
 25 FI1012-002    (0)   :  0.000 0.000 0.000 0.999 
 26 FI1012-005    (1)   :  0.002 0.001 0.001 0.996 
 27 FI1012-007    (1)   :  0.001 0.001 0.001 0.997 
 28 FI1012-010    (1)   :  0.000 0.000 0.000 0.999 
 29 FI1012-011    (1)   :  0.009 0.008 0.008 0.975 
 30 FI1012-012    (1)   :  0.000 0.000 0.000 0.999 
 31 FI1012-013    (0)   :  0.000 0.000 0.000 0.999 
 32 FI1012-014    (1)   :  0.000 0.000 0.000 0.999 
 33 FI1012-016    (1)   :  0.000 0.000 0.000 0.999 
 34 FI1012-019    (1)   :  0.007 0.011 0.009 0.973 
 35 FI1012-020    (0)   :  0.000 0.000 0.000 0.999 
 36 FIS1013a-00    (1)   :  0.022 0.073 0.016 0.889 
 37 FIS1013a-00    (1)   :  0.007 0.005 0.064 0.923 
 38 FIS1013a-00    (0)   :  0.006 0.211 0.072 0.712 
 39 FIS1013a-00    (1)   :  0.018 0.023 0.013 0.946 
 40 FIS1013a-00    (1)   :  0.015 0.007 0.141 0.836 
 41 FIS1013a-01    (0)   :  0.010 0.057 0.036 0.897 
 42 FIS1013a-01    (0)   :  0.030 0.017 0.070 0.883 
 43 FIS1013a-01    (1)   :  0.004 0.125 0.073 0.798 
 44 FIS1013a-01    (1)   :  0.002 0.005 0.300 0.693 
 45 FIS1013a-01    (1)   :  0.013 0.022 0.016 0.949 
 46 FIS1013a-02    (1)   :  0.004 0.004 0.004 0.988 
 47 FIS1013a-02    (1)   :  0.089 0.028 0.029 0.855 
 48 FIS1013a-02    (1)   :  0.048 0.050 0.027 0.875 
 49 FIS1013a-02    (1)   :  0.024 0.027 0.048 0.901 
 50 HH0512a-001    (1)   :  0.939 0.043 0.017 0.001 
 51 HH0512a-002    (0)   :  0.987 0.008 0.004 0.000 
 52 HH0512a-004    (0)   :  0.771 0.015 0.212 0.002 
 53 HH0512a-006    (0)   :  0.600 0.379 0.020 0.001 
 54 HH0512a-007    (1)   :  0.910 0.077 0.009 0.004 
 55 HH0512a-009    (0)   :  0.064 0.862 0.072 0.003 
 56 HH0512a-010    (0)   :  0.020 0.965 0.015 0.001 
 57 HH0512a-012    (0)   :  0.817 0.099 0.081 0.004 
 58 HH0512a-013    (1)   :  0.795 0.123 0.074 0.008 
 59 HH0512a-015    (0)   :  0.528 0.168 0.300 0.004 
 60 HH0512a-017    (0)   :  0.251 0.073 0.666 0.011 
 61 HH0512a-018    (1)   :  0.955 0.034 0.011 0.001 
 62 HH0512a-020    (1)   :  0.801 0.009 0.189 0.001 
 63 HH0512a-021    (1)   :  0.949 0.033 0.017 0.001 
 64 HH0512a-022    (0)   :  0.953 0.009 0.035 0.003 
 65 HH0512a-023    (0)   :  0.607 0.356 0.036 0.001 
 66 HH0512a-029    (0)   :  0.953 0.015 0.023 0.009 
 67 HH1013a-001    (1)   :  0.801 0.193 0.004 0.002 
 68 HH1013a-002    (0)   :  0.356 0.481 0.160 0.002 
 69 HH1013a-003    (0)   :  0.859 0.047 0.085 0.008 
 70 HH1013a-005    (0)   :  0.928 0.050 0.016 0.006 
 71 HH1013a-006    (0)   :  0.494 0.184 0.318 0.003 
 72 HH1013a-007    (0)   :  0.979 0.011 0.009 0.001 
 73 HH1013a-009    (0)   :  0.859 0.113 0.024 0.004 
 74 HH1013a-010    (0)   :  0.914 0.025 0.053 0.008 
 75 HH1013a-011    (1)   :  0.953 0.014 0.032 0.001 
 76 HH1013a-012    (0)   :  0.754 0.215 0.030 0.001 
 77 HH1013a-013    (0)   :  0.076 0.865 0.055 0.003 
 78 HH1013a-014    (1)   :  0.101 0.012 0.886 0.001 
 79 HH1013a-015    (1)   :  0.741 0.224 0.032 0.002 
 80 HH1013a-016    (0)   :  0.968 0.010 0.016 0.006 
 81 HH1013a-017    (0)   :  0.726 0.164 0.108 0.002 
 82 HH1013a-018    (1)   :  0.931 0.010 0.043 0.015 
 83 HH1013a-019    (0)   :  0.898 0.080 0.017 0.005 
 84 HH1013a-020    (0)   :  0.064 0.914 0.020 0.001 
 85 HH1013a-021    (0)   :  0.606 0.237 0.155 0.002 
 86 HH1013a-022    (0)   :  0.052 0.498 0.439 0.011 
 87 HH1013a-023    (1)   :  0.923 0.055 0.020 0.002 
 88 HH1013a-024    (1)   :  0.912 0.020 0.064 0.004 
 89 HH1013s-001    (1)   :  0.837 0.096 0.060 0.007 
 90 HH1013s-002    (1)   :  0.642 0.070 0.285 0.003 
 91 HH1013s-003    (0)   :  0.109 0.620 0.265 0.007 
 92 HH1013s-005    (1)   :  0.790 0.168 0.042 0.001 
 93 HH1013s-006    (1)   :  0.616 0.028 0.351 0.004 
 94 HH1013s-007    (0)   :  0.562 0.045 0.392 0.001 
 95 HH1013s-008    (0)   :  0.941 0.046 0.012 0.001 
 96 HH1013s-009    (1)   :  0.766 0.020 0.213 0.002 
 97 HH1013s-010    (1)   :  0.968 0.014 0.017 0.001 
 98 HH1013s-011    (1)   :  0.976 0.006 0.013 0.006 
 99 HH1013s-012    (1)   :  0.871 0.025 0.103 0.001 
100 HH1013s-013    (0)   :  0.887 0.088 0.024 0.001 
101 HH1013s-014    (0)   :  0.897 0.045 0.056 0.001 
102 HH1013s-016    (1)   :  0.841 0.043 0.113 0.002 
103 HH1013s-017    (1)   :  0.825 0.160 0.009 0.005 
104 HH1013s-018    (1)   :  0.300 0.600 0.098 0.002 
105 HH1013s-019    (0)   :  0.279 0.572 0.148 0.001 
106 HH1013s-020    (0)   :  0.183 0.806 0.008 0.003 
107 HH1013s-021    (1)   :  0.951 0.023 0.025 0.001 
108 HH1013s-022    (0)   :  0.867 0.094 0.039 0.001 
109 HH1013s-023    (0)   :  0.805 0.159 0.030 0.007 
110 HH1013s-024    (0)   :  0.955 0.017 0.026 0.003 
111 HH1013s-025    (1)   :  0.879 0.080 0.025 0.016 
112 HH812s-001    (1)   :  0.957 0.014 0.023 0.006 
113 HH812s-003    (1)   :  0.760 0.175 0.060 0.005 
114 HH812s-006    (0)   :  0.946 0.024 0.025 0.004 
115 HH812s-010    (1)   :  0.972 0.010 0.011 0.007 
116 HH812s-013    (0)   :  0.881 0.078 0.029 0.012 
117 HH812s-018    (0)   :  0.802 0.031 0.165 0.001 
118 HH812s-019    (1)   :  0.256 0.670 0.063 0.011 
119 HH812s-024    (0)   :  0.949 0.017 0.030 0.004 
120 HH812s-025    (0)   :  0.734 0.038 0.226 0.003 
121 HH812s-030    (0)   :  0.685 0.020 0.279 0.016 
122 HH812s-035    (0)   :  0.967 0.017 0.014 0.001 
123 HH812s-036    (1)   :  0.898 0.050 0.051 0.001 
124 HH812s-037    (0)   :  0.934 0.023 0.043 0.001 
125 HH812s-039    (1)   :  0.450 0.040 0.508 0.002 
126 HH812s-040    (0)   :  0.763 0.036 0.200 0.001 
127 HH812s-042    (0)   :  0.934 0.054 0.011 0.001 
128 HH812s-046    (0)   :  0.965 0.021 0.011 0.003 
129 HH812s-048    (0)   :  0.917 0.065 0.017 0.002 
130 HH812s-050    (1)   :  0.723 0.252 0.022 0.002 
131 HH812s-052    (1)   :  0.466 0.499 0.028 0.007 
132 HH812s-054    (1)   :  0.873 0.041 0.083 0.003 
133 HH812s-056    (1)   :  0.713 0.236 0.031 0.019 
134 HH912s-109    (0)   :  0.943 0.037 0.019 0.002 
135 HH912s-110    (0)   :  0.765 0.188 0.046 0.001 
136 HH912s-111    (0)   :  0.851 0.028 0.117 0.003 
137 HH912s-113    (0)   :  0.831 0.029 0.139 0.001 
138 HH912s-114    (0)   :  0.308 0.526 0.164 0.001 
139 HH912s-115    (0)   :  0.972 0.006 0.011 0.011 
140 HH912s-116    (1)   :  0.285 0.693 0.020 0.002 
141 HH912s-117    (0)   :  0.486 0.415 0.089 0.009 
142 HH912s-118    (1)   :  0.459 0.395 0.141 0.004 
143 HH912s-119    (1)   :  0.810 0.016 0.173 0.001 
144 HH912s-120    (0)   :  0.896 0.041 0.062 0.001 
145 HH912s-121    (0)   :  0.974 0.010 0.015 0.001 
146 HH912s-122    (1)   :  0.891 0.062 0.042 0.005 
147 HH912s-123    (0)   :  0.926 0.028 0.046 0.001 
148 HH912s-124    (0)   :  0.869 0.040 0.089 0.003 
149 HH912s-125    (0)   :  0.457 0.202 0.334 0.008 
150 HH912s-126    (0)   :  0.650 0.244 0.098 0.008 
151 HH912s-127    (0)   :  0.836 0.043 0.117 0.003 
152 HH912s-128    (0)   :  0.888 0.094 0.016 0.002 
153 HH912s-129    (0)   :  0.820 0.086 0.092 0.002 
154 HH912s-130    (0)   :  0.822 0.118 0.055 0.005 
155 HH912s-131    (0)   :  0.869 0.063 0.065 0.002 
156 HH912s-132    (0)   :  0.247 0.722 0.026 0.005 
157 IRV1012-001    (0)   :  0.660 0.009 0.309 0.023 
158 IRV1012-002    (0)   :  0.857 0.033 0.106 0.003 
159 IRV1012-003    (0)   :  0.973 0.013 0.012 0.002 
160 IRV1012-004    (1)   :  0.831 0.150 0.019 0.001 
161 IRV1012-006    (0)   :  0.959 0.032 0.007 0.001 
162 IRV1012-007    (0)   :  0.567 0.052 0.380 0.001 
163 IRV1012-008    (0)   :  0.080 0.531 0.387 0.002 
164 IRV1012-009    (1)   :  0.566 0.414 0.019 0.002 
165 IRV1012-010    (0)   :  0.781 0.181 0.034 0.003 
166 IRV1012-011    (0)   :  0.923 0.048 0.026 0.002 
167 IRV1012-012    (0)   :  0.137 0.036 0.826 0.002 
168 IRV1012-013    (0)   :  0.290 0.335 0.372 0.003 
169 IRV1012-014    (0)   :  0.894 0.076 0.029 0.001 
170 IRV1012-015    (0)   :  0.837 0.061 0.098 0.003 
171 IRV1012-016    (0)   :  0.787 0.168 0.043 0.001 
172 IRV1012-017    (0)   :  0.757 0.210 0.032 0.001 
173 IRV1012-018    (1)   :  0.686 0.035 0.276 0.003 
174 IRV1012-019    (0)   :  0.866 0.039 0.089 0.006 
175 IRV1012-020    (0)   :  0.164 0.634 0.200 0.001 
176 IRV1012-021    (0)   :  0.956 0.029 0.012 0.004 
177 IRV1012-022    (0)   :  0.957 0.027 0.015 0.001 
178 IRV1012-023    (0)   :  0.965 0.012 0.023 0.001 
179 IRV1012-024    (1)   :  0.722 0.019 0.238 0.021 
180 NTC1013a-00    (0)   :  0.026 0.829 0.121 0.025 
181 NTC1013a-00    (1)   :  0.014 0.019 0.963 0.003 
182 NTC1013a-00    (0)   :  0.047 0.039 0.911 0.003 
183 NTC1013a-00    (1)   :  0.365 0.053 0.569 0.013 
184 NTC1013a-00    (1)   :  0.019 0.919 0.012 0.051 
185 NTC1013a-00    (0)   :  0.031 0.897 0.069 0.003 
186 NTC1013a-00    (1)   :  0.037 0.413 0.541 0.009 
187 NTC1013a-00    (0)   :  0.025 0.278 0.651 0.045 
188 NTC1013a-01    (0)   :  0.014 0.914 0.014 0.058 
189 NTC1013a-01    (0)   :  0.023 0.027 0.944 0.007 
190 NTC1013a-01    (0)   :  0.005 0.006 0.956 0.032 
191 NTC1013a-01    (0)   :  0.006 0.021 0.776 0.197 
192 NTC1013a-01    (0)   :  0.015 0.690 0.291 0.004 
193 NTC1013a-01    (0)   :  0.027 0.921 0.049 0.003 
194 NTC1013a-01    (0)   :  0.019 0.053 0.922 0.005 
195 NTC1013a-01    (1)   :  0.044 0.027 0.925 0.004 
196 NTC1013a-01    (0)   :  0.047 0.089 0.860 0.004 
197 NTC1013a-01    (0)   :  0.099 0.044 0.856 0.001 
198 NTC1013a-02    (0)   :  0.044 0.879 0.070 0.006 
199 NTC1013a-02    (0)   :  0.025 0.139 0.833 0.003 
200 PM1012-01    (0)   :  0.691 0.254 0.054 0.001 
201 PM1012-02    (1)   :  0.967 0.014 0.018 0.002 
202 PM1012-04    (1)   :  0.611 0.303 0.085 0.001 
203 PM1012-06    (0)   :  0.835 0.108 0.050 0.007 
204 PM1012-07    (0)   :  0.835 0.135 0.028 0.002 
205 PM1012-09    (0)   :  0.257 0.018 0.722 0.003 
206 PM1012-10    (0)   :  0.960 0.012 0.027 0.001 
207 PM1012-13    (0)   :  0.898 0.051 0.051 0.001 
208 PM1012-14    (0)   :  0.091 0.890 0.015 0.005 
209 PM1012-16    (1)   :  0.638 0.352 0.009 0.001 
210 PM1012-17    (0)   :  0.348 0.038 0.613 0.001 
211 PM1012-23    (0)   :  0.960 0.017 0.020 0.003 
212 PM1012-24    (1)   :  0.806 0.050 0.143 0.001 
213 PM1012-25    (0)   :  0.886 0.053 0.060 0.002 
214 PM1012-26    (3)   :  0.953 0.034 0.009 0.004 
215 PM1012-27    (0)   :  0.657 0.232 0.086 0.025 
216 PRA1013a-00    (1)   :  0.479 0.029 0.491 0.001 
217 PRA1013a-00    (1)   :  0.821 0.142 0.034 0.003 
218 PRA1013a-00    (0)   :  0.902 0.053 0.043 0.002 
219 PRA1013a-00    (0)   :  0.874 0.111 0.014 0.001 
220 PRA1013a-00    (0)   :  0.984 0.004 0.006 0.006 
221 PRA1013a-00    (0)   :  0.119 0.785 0.094 0.002 
222 PRA1013a-00    (1)   :  0.052 0.931 0.016 0.001 
223 PRA1013a-01    (0)   :  0.054 0.019 0.653 0.274 
224 PRA1013a-01    (1)   :  0.161 0.054 0.783 0.002 
225 PRA1013a-01    (0)   :  0.191 0.029 0.776 0.004 
226 PRA1013a-01    (0)   :  0.906 0.061 0.031 0.002 
227 PRA1013a-01    (1)   :  0.005 0.973 0.018 0.004 
228 PRA1013a-02    (1)   :  0.922 0.029 0.046 0.003 
229 PRA1013a-02    (1)   :  0.690 0.023 0.285 0.001 
230 PRA1013a-02    (0)   :  0.955 0.037 0.006 0.002 
231 PRA1013a-03    (0)   :  0.813 0.044 0.139 0.004 
232 PRA1013a-03    (1)   :  0.980 0.010 0.009 0.001 
233 PRA1013a-03    (0)   :  0.986 0.007 0.006 0.001 
234 PRA1013a-03    (0)   :  0.916 0.062 0.015 0.007 
235 PRA1013a-03    (0)   :  0.307 0.652 0.036 0.006 
236 PRA1013a-03    (0)   :  0.939 0.042 0.017 0.002 
237 PRA1013a-03    (0)   :  0.706 0.222 0.067 0.004 
238 PRA1013a-03    (1)   :  0.920 0.040 0.019 0.020 
239 RI812s-001    (0)   :  0.014 0.585 0.350 0.051 
240 RI812s-002    (1)   :  0.006 0.883 0.052 0.058 
241 RI812s-003    (1)   :  0.121 0.022 0.844 0.014 
242 RI812s-005    (1)   :  0.010 0.099 0.878 0.013 
243 RI812s-006    (0)   :  0.009 0.049 0.941 0.001 
244 RI812s-007    (0)   :  0.044 0.786 0.166 0.003 
245 RI812s-009    (0)   :  0.009 0.862 0.041 0.088 
246 RI812s-010    (1)   :  0.149 0.051 0.747 0.053 
247 RI812s-011    (0)   :  0.009 0.832 0.108 0.050 
248 RI812s-013    (1)   :  0.359 0.577 0.062 0.002 
249 RI812s-014    (1)   :  0.008 0.024 0.963 0.004 
250 RI812s-015    (0)   :  0.015 0.205 0.778 0.003 
251 RI812s-016    (0)   :  0.017 0.019 0.727 0.236 
252 SV0512a-001    (0)   :  0.024 0.013 0.958 0.004 
253 SV0512a-002    (1)   :  0.038 0.026 0.932 0.004 
254 SV0512a-003    (0)   :  0.039 0.117 0.835 0.010 
255 SV0512a-005    (1)   :  0.072 0.073 0.852 0.003 
256 SV0512a-007    (1)   :  0.030 0.060 0.819 0.091 
257 SV0512a-008    (1)   :  0.006 0.499 0.437 0.059 
258 SV0512a-009    (1)   :  0.079 0.014 0.905 0.002 
259 SV0512a-010    (0)   :  0.036 0.083 0.875 0.006 
260 SV0512a-011    (0)   :  0.005 0.032 0.763 0.200 
261 SV0512a-013    (1)   :  0.766 0.133 0.098 0.003 
262 SV0512a-014    (6)   :  0.091 0.023 0.881 0.006 
263 SV0512a-016    (1)   :  0.041 0.872 0.085 0.002 
264 SV0512a-018    (4)   :  0.167 0.140 0.599 0.094 
265 SV0512a-021    (2)   :  0.017 0.199 0.773 0.011 
266 SV0512a-022    (0)   :  0.011 0.454 0.504 0.031 
267 SV0512a-023    (2)   :  0.009 0.795 0.193 0.003 
268 SV0512a-024    (0)   :  0.009 0.011 0.956 0.024 
269 SV0512a-025    (0)   :  0.061 0.380 0.556 0.003 
270 SV0512a-027    (0)   :  0.023 0.008 0.968 0.002 
271 SV0512a-028    (3)   :  0.180 0.616 0.162 0.042 
272 SV1013a-001    (0)   :  0.013 0.819 0.099 0.068 
273 SV1013a-002    (1)   :  0.092 0.037 0.871 0.001 
274 SV1013a-003    (0)   :  0.022 0.960 0.016 0.001 
275 SV1013a-005    (0)   :  0.008 0.233 0.722 0.037 
276 SV1013a-006    (0)   :  0.016 0.290 0.692 0.002 
277 SV1013a-007    (0)   :  0.018 0.624 0.354 0.003 
278 SV1013a-008    (0)   :  0.012 0.019 0.968 0.002 
279 SV1013a-009    (0)   :  0.005 0.936 0.008 0.051 
280 SV1013a-010    (1)   :  0.030 0.940 0.024 0.006 
281 SV1013a-011    (0)   :  0.250 0.093 0.656 0.001 
282 SV1013a-012    (0)   :  0.031 0.767 0.157 0.045 
283 SV1013a-013    (0)   :  0.042 0.070 0.884 0.004 
284 SV1013a-014    (0)   :  0.015 0.014 0.970 0.002 
285 SV1013a-015    (0)   :  0.019 0.033 0.946 0.002 
286 SV1013a-016    (0)   :  0.058 0.011 0.930 0.001 
287 SV1013a-017    (0)   :  0.360 0.516 0.102 0.022 
288 SV1013a-018    (0)   :  0.040 0.899 0.060 0.001 
289 SV1013a-019    (0)   :  0.024 0.460 0.497 0.018 
290 SV1013a-020    (0)   :  0.006 0.149 0.699 0.146 
291 SV1013a-021    (0)   :  0.081 0.451 0.467 0.001 
292 SV1013a-022    (1)   :  0.029 0.202 0.702 0.066 
293 SV1013a-023    (0)   :  0.028 0.938 0.022 0.012 
294 SV1013a-024    (0)   :  0.010 0.107 0.831 0.052 
295 SV812s-026    (1)   :  0.070 0.077 0.849 0.005 
296 SV812s-027    (0)   :  0.075 0.865 0.015 0.045 
297 SV812s-029    (0)   :  0.228 0.517 0.255 0.001 
298 SV812s-030    (0)   :  0.056 0.831 0.038 0.074 
299 SV812s-031    (0)   :  0.011 0.902 0.082 0.005 
300 SV812s-032    (0)   :  0.018 0.024 0.896 0.062 
301 SV812s-033    (0)   :  0.010 0.818 0.171 0.001 
302 SV812s-034    (0)   :  0.039 0.226 0.727 0.007 
303 SV812s-037    (0)   :  0.202 0.776 0.010 0.012 
304 SV812s-038    (0)   :  0.037 0.347 0.613 0.003 
305 SV812s-039    (0)   :  0.017 0.959 0.022 0.002 
306 SV812s-040    (0)   :  0.124 0.759 0.111 0.005 
307 SV812s-041    (0)   :  0.007 0.008 0.983 0.002 
308 SV812s-042    (0)   :  0.009 0.703 0.286 0.002 
309 SV812s-043    (1)   :  0.265 0.647 0.078 0.011 
310 SV812s-044    (0)   :  0.019 0.949 0.030 0.002 
311 SV812s-046    (0)   :  0.058 0.866 0.051 0.026 
312 SV812s-047    (0)   :  0.111 0.710 0.176 0.003 
313 SV812s-048    (1)   :  0.026 0.899 0.074 0.001 
314 SV812s-049    (0)   :  0.091 0.710 0.197 0.002 
315 SV812s-050    (1)   :  0.089 0.473 0.435 0.003 
316 SV812s-051    (0)   :  0.023 0.438 0.535 0.004 
317 SV812s-052    (0)   :  0.015 0.939 0.004 0.042 
318 SV912s-001    (1)   :  0.014 0.946 0.036 0.003 
319 SV912s-002    (0)   :  0.156 0.166 0.652 0.026 
320 SV912s-003    (0)   :  0.016 0.222 0.681 0.081 
321 SV912s-005    (1)   :  0.043 0.856 0.024 0.077 
322 SV912s-006    (1)   :  0.011 0.741 0.247 0.001 
323 SV912s-007    (0)   :  0.040 0.042 0.914 0.005 
324 SV912s-008    (1)   :  0.157 0.062 0.779 0.002 
325 SV912s-009    (0)   :  0.038 0.266 0.694 0.001 
326 SV912s-010    (1)   :  0.024 0.880 0.095 0.001 
327 SV912s-011    (1)   :  0.018 0.021 0.954 0.006 
328 SV912s-012    (1)   :  0.024 0.079 0.849 0.048 
329 SV912s-013    (0)   :  0.039 0.848 0.110 0.002 
330 SV912s-014    (1)   :  0.129 0.280 0.548 0.043 
331 SV912s-015    (0)   :  0.015 0.033 0.949 0.003 
332 SV912s-017    (0)   :  0.052 0.840 0.089 0.019 
333 SV912s-018    (1)   :  0.101 0.079 0.818 0.003 
334 SV912s-019    (1)   :  0.420 0.019 0.560 0.001 
335 SV912s-020    (1)   :  0.015 0.006 0.935 0.044 
336 SV912s-021    (0)   :  0.036 0.019 0.941 0.004 
337 SV912s-022    (0)   :  0.356 0.274 0.366 0.004 
338 SV912s-023    (0)   :  0.142 0.812 0.014 0.033 
339 SV912s-024    (0)   :  0.959 0.011 0.029 0.001 
340 SV912s-025    (1)   :  0.880 0.052 0.065 0.002 
341 TPZ0713-001    (1)   :  0.302 0.692 0.005 0.001 
342 TPZ0713-002    (1)   :  0.315 0.529 0.155 0.001 
343 TPZ0713-003    (0)   :  0.774 0.029 0.196 0.001 
344 TPZ0713-005    (0)   :  0.797 0.162 0.030 0.011 
345 TPZ0713-006    (1)   :  0.958 0.007 0.019 0.015 
346 TPZ0713-007    (1)   :  0.715 0.039 0.244 0.001 
347 TPZ0713-009    (1)   :  0.876 0.082 0.038 0.005 
348 TPZ0713-011    (1)   :  0.911 0.020 0.068 0.001 
349 TPZ0713-012    (1)   :  0.935 0.047 0.017 0.001 
350 TPZ0713-013    (0)   :  0.975 0.006 0.018 0.001 
351 TPZ0713-014    (1)   :  0.969 0.006 0.023 0.002 
352 TPZ0713-015    (0)   :  0.164 0.825 0.010 0.001 
353 TPZ0713-016    (0)   :  0.657 0.009 0.333 0.001 
354 TPZ0713-020    (1)   :  0.217 0.739 0.042 0.001 
355 TPZ0713-021    (1)   :  0.945 0.028 0.014 0.013 
356 TPZ0713-023    (0)   :  0.974 0.014 0.011 0.001 
357 TPZ0713-024    (1)   :  0.238 0.265 0.496 0.001 
358 TPZ0713-025    (1)   :  0.976 0.008 0.015 0.001 
359 TPZ0713-028    (1)   :  0.965 0.009 0.024 0.001 
360 TPZ0713-029    (1)   :  0.882 0.076 0.031 0.011 
361 WFM812s-049    (0)   :  0.058 0.869 0.072 0.001 
362 WFM812s-050    (1)   :  0.231 0.524 0.244 0.001 
363 WFM812s-051    (1)   :  0.008 0.952 0.039 0.001 
364 WFM812s-054    (0)   :  0.026 0.348 0.621 0.005 
365 WFM812s-056    (0)   :  0.033 0.012 0.954 0.002 
366 WFM812s-057    (1)   :  0.007 0.032 0.959 0.002 
367 WFM812s-058    (0)   :  0.114 0.045 0.837 0.004 
368 WFM812s-059    (0)   :  0.005 0.059 0.914 0.022 
369 WFM812s-060    (1)   :  0.003 0.758 0.023 0.216 
370 WFM812s-062    (0)   :  0.040 0.027 0.930 0.003 
371 WFM812s-063    (0)   :  0.052 0.922 0.021 0.005 
372 WFM812s-064    (0)   :  0.059 0.570 0.353 0.018 
373 WFM812s-065    (0)   :  0.020 0.679 0.298 0.003 
374 WFM812s-066    (0)   :  0.029 0.464 0.505 0.002 
375 WFM812s-067    (0)   :  0.030 0.101 0.859 0.010 
376 WFM812s-068    (1)   :  0.032 0.021 0.945 0.002 
377 WFM812s-069    (0)   :  0.071 0.870 0.056 0.002 
378 WFM812s-071    (0)   :  0.147 0.014 0.833 0.006 
379 WFM812s-072    (0)   :  0.014 0.059 0.919 0.008 
380 WFM812s-073    (1)   :  0.154 0.037 0.807 0.002 


Estimated Allele Frequencies in each cluster
First column gives estimated ancestral frequencies


Locus 1 : NC_035780.1:72 
2 alleles
1.1% missing data
   2   (0.799) 0.799 0.780 0.815 0.919 
   1   (0.201) 0.201 0.220 0.185 0.081 

Locus 2 : NC_035780.1:72 
2 alleles
1.1% missing data
   2   (0.889) 0.899 0.877 0.892 0.990 
   1   (0.111) 0.101 0.123 0.108 0.010 

Locus 3 : NC_035780.1:44 
2 alleles
0.3% missing data
   2   (0.929) 0.938 0.923 0.929 0.995 
   1   (0.071) 0.062 0.077 0.071 0.005 

Locus 4 : NC_035780.1:31 
2 alleles
0.0% missing data
   2   (0.903) 0.910 0.913 0.894 0.823 
   1   (0.097) 0.090 0.087 0.106 0.177 

Locus 5 : NC_035780.1:36 
2 alleles
0.0% missing data
   2   (0.668) 0.683 0.674 0.654 0.639 
   1   (0.332) 0.317 0.326 0.346 0.361 

Locus 6 : NC_035780.1:38 
2 alleles
0.0% missing data
   1   (0.177) 0.180 0.185 0.167 0.063 
   2   (0.823) 0.820 0.815 0.833 0.937 

Locus 7 : NC_035780.1:38 
2 alleles
0.0% missing data
   2   (0.787) 0.779 0.782 0.794 0.966 
   1   (0.213) 0.221 0.218 0.206 0.034 

Locus 8 : NC_035780.1:38 
2 alleles
0.0% missing data
   1   (0.112) 0.109 0.116 0.104 0.250 
   2   (0.888) 0.891 0.884 0.896 0.750 

Locus 9 : NC_035780.1:38 
2 alleles
0.0% missing data
   2   (0.912) 0.919 0.915 0.911 0.888 
   1   (0.088) 0.081 0.085 0.089 0.112 

Locus 10 : NC_035780.1:41 
2 alleles
3.2% missing data
   2   (0.830) 0.820 0.804 0.860 0.882 
   1   (0.170) 0.180 0.196 0.140 0.118 

Locus 11 : NC_035780.1:44 
2 alleles
0.0% missing data
   2   (0.901) 0.875 0.908 0.911 0.993 
   1   (0.099) 0.125 0.092 0.089 0.007 

Locus 12 : NC_035780.1:44 
2 alleles
0.0% missing data
   2   (0.904) 0.903 0.907 0.904 0.993 
   1   (0.096) 0.097 0.093 0.096 0.007 

Locus 13 : NC_035780.1:54 
2 alleles
3.7% missing data
   2   (0.911) 0.922 0.919 0.895 0.993 
   1   (0.089) 0.078 0.081 0.105 0.007 

Locus 14 : NC_035780.1:55 
2 alleles
0.3% missing data
   2   (0.932) 0.938 0.925 0.936 0.995 
   1   (0.068) 0.062 0.075 0.064 0.005 

Locus 15 : NC_035780.1:59 
2 alleles
0.0% missing data
   1   (0.406) 0.397 0.405 0.414 0.344 
   2   (0.594) 0.603 0.595 0.586 0.656 

Locus 16 : NC_035780.1:84 
2 alleles
1.8% missing data
   2   (0.910) 0.915 0.911 0.907 0.993 
   1   (0.090) 0.085 0.089 0.093 0.007 

Locus 17 : NC_035780.1:90 
2 alleles
1.3% missing data
   2   (0.913) 0.924 0.910 0.911 0.959 
   1   (0.087) 0.076 0.090 0.089 0.041 

Locus 18 : NC_035780.1:90 
2 alleles
1.3% missing data
   2   (0.936) 0.918 0.949 0.939 0.996 
   1   (0.064) 0.082 0.051 0.061 0.004 

Locus 19 : NC_035780.1:98 
2 alleles
0.0% missing data
   2   (0.845) 0.842 0.843 0.847 0.989 
   1   (0.155) 0.158 0.157 0.153 0.011 

Locus 20 : NC_035780.1:98 
2 alleles
0.0% missing data
   1   (0.493) 0.499 0.500 0.484 0.296 
   2   (0.507) 0.501 0.500 0.516 0.704 

Locus 21 : NC_035780.1:98 
2 alleles
0.0% missing data
   2   (0.818) 0.822 0.819 0.819 0.795 
   1   (0.182) 0.178 0.181 0.181 0.205 

Locus 22 : NC_035780.1:10 
2 alleles
3.9% missing data
   1   (0.265) 0.267 0.274 0.254 0.211 
   2   (0.735) 0.733 0.726 0.746 0.789 

Locus 23 : NC_035780.1:11 
2 alleles
0.0% missing data
   1   (0.156) 0.162 0.147 0.155 0.203 
   2   (0.844) 0.838 0.853 0.845 0.797 

Locus 24 : NC_035780.1:13 
2 alleles
0.0% missing data
   1   (0.196) 0.186 0.201 0.204 0.013 
   2   (0.804) 0.814 0.799 0.796 0.987 

Locus 25 : NC_035780.1:13 
2 alleles
0.0% missing data
   2   (0.726) 0.708 0.706 0.760 0.467 
   1   (0.274) 0.292 0.294 0.240 0.533 

Locus 26 : NC_035780.1:15 
2 alleles
0.3% missing data
   2   (0.944) 0.948 0.933 0.955 0.822 
   1   (0.056) 0.052 0.067 0.045 0.178 

Locus 27 : NC_035780.1:16 
2 alleles
0.0% missing data
   2   (0.911) 0.908 0.917 0.916 0.675 
   1   (0.089) 0.092 0.083 0.084 0.325 

Locus 28 : NC_035780.1:16 
2 alleles
0.0% missing data
   1   (0.171) 0.151 0.190 0.172 0.018 
   2   (0.829) 0.849 0.810 0.828 0.982 

Locus 29 : NC_035780.1:16 
2 alleles
5.8% missing data
   2   (0.925) 0.943 0.909 0.930 0.866 
   1   (0.075) 0.057 0.091 0.070 0.134 

Locus 30 : NC_035780.1:16 
2 alleles
5.8% missing data
   2   (0.941) 0.953 0.937 0.942 0.872 
   1   (0.059) 0.047 0.063 0.058 0.128 

Locus 31 : NC_035780.1:17 
2 alleles
0.0% missing data
   2   (0.904) 0.923 0.890 0.907 0.870 
   1   (0.096) 0.077 0.110 0.093 0.130 

Locus 32 : NC_035780.1:18 
2 alleles
0.3% missing data
   2   (0.922) 0.928 0.913 0.928 0.989 
   1   (0.078) 0.072 0.087 0.072 0.011 

Locus 33 : NC_035780.1:18 
2 alleles
1.3% missing data
   2   (0.939) 0.943 0.945 0.938 0.805 
   1   (0.061) 0.057 0.055 0.062 0.195 

Locus 34 : NC_035780.1:19 
2 alleles
0.0% missing data
   1   (0.283) 0.272 0.274 0.299 0.128 
   2   (0.717) 0.728 0.726 0.701 0.872 

Locus 35 : NC_035780.1:20 
2 alleles
0.5% missing data
   1   (0.461) 0.453 0.431 0.496 0.207 
   2   (0.539) 0.547 0.569 0.504 0.793 

Locus 36 : NC_035780.1:22 
2 alleles
1.6% missing data
   1   (0.210) 0.201 0.203 0.220 0.070 
   2   (0.790) 0.799 0.797 0.780 0.930 

Locus 37 : NC_035780.1:22 
2 alleles
1.6% missing data
   2   (0.881) 0.862 0.881 0.891 0.991 
   1   (0.119) 0.138 0.119 0.109 0.009 

Locus 38 : NC_035780.1:24 
2 alleles
0.0% missing data
   1   (0.466) 0.456 0.470 0.465 0.687 
   2   (0.534) 0.544 0.530 0.535 0.313 

Locus 39 : NC_035780.1:24 
2 alleles
0.0% missing data
   2   (0.860) 0.862 0.866 0.858 0.856 
   1   (0.140) 0.138 0.134 0.142 0.144 

Locus 40 : NC_035780.1:24 
2 alleles
0.0% missing data
   2   (0.891) 0.904 0.902 0.876 0.929 
   1   (0.109) 0.096 0.098 0.124 0.071 

Locus 41 : NC_035780.1:25 
2 alleles
0.3% missing data
   2   (0.816) 0.842 0.779 0.827 0.970 
   1   (0.184) 0.158 0.221 0.173 0.030 

Locus 42 : NC_035780.1:26 
2 alleles
0.8% missing data
   1   (0.351) 0.369 0.342 0.344 0.351 
   2   (0.649) 0.631 0.658 0.656 0.649 

Locus 43 : NC_035780.1:26 
2 alleles
0.8% missing data
   2   (0.817) 0.844 0.815 0.802 0.784 
   1   (0.183) 0.156 0.185 0.198 0.216 

Locus 44 : NC_035780.1:26 
2 alleles
0.0% missing data
   1   (0.299) 0.286 0.315 0.291 0.491 
   2   (0.701) 0.714 0.685 0.709 0.509 

Locus 45 : NC_035780.1:27 
2 alleles
0.0% missing data
   2   (0.908) 0.914 0.914 0.904 0.930 
   1   (0.092) 0.086 0.086 0.096 0.070 

Locus 46 : NC_035780.1:27 
2 alleles
0.0% missing data
   2   (0.963) 0.959 0.963 0.968 0.998 
   1   (0.037) 0.041 0.037 0.032 0.002 

Locus 47 : NC_035780.1:27 
2 alleles
3.4% missing data
   2   (0.869) 0.877 0.863 0.869 0.990 
   1   (0.131) 0.123 0.137 0.131 0.010 

Locus 48 : NC_035780.1:27 
2 alleles
3.4% missing data
   2   (0.879) 0.885 0.886 0.875 0.674 
   1   (0.121) 0.115 0.114 0.125 0.326 

Locus 49 : NC_035780.1:28 
2 alleles
3.9% missing data
   2   (0.959) 0.971 0.948 0.967 0.610 
   1   (0.041) 0.029 0.052 0.033 0.390 

Locus 50 : NC_035780.1:28 
2 alleles
3.9% missing data
   2   (0.910) 0.912 0.917 0.904 0.993 
   1   (0.090) 0.088 0.083 0.096 0.007 

Locus 51 : NC_035780.1:28 
2 alleles
0.0% missing data
   1   (0.484) 0.522 0.470 0.472 0.264 
   2   (0.516) 0.478 0.530 0.528 0.736 

Locus 52 : NC_035780.1:28 
2 alleles
0.0% missing data
   2   (0.906) 0.914 0.905 0.907 0.866 
   1   (0.094) 0.086 0.095 0.093 0.134 

Locus 53 : NC_035780.1:28 
2 alleles
1.1% missing data
   1   (0.180) 0.165 0.179 0.186 0.330 
   2   (0.820) 0.835 0.821 0.814 0.670 

Locus 54 : NC_035780.1:29 
2 alleles
0.0% missing data
   1   (0.198) 0.190 0.201 0.200 0.056 
   2   (0.802) 0.810 0.799 0.800 0.944 

Locus 55 : NC_035780.1:29 
2 alleles
0.0% missing data
   2   (0.944) 0.945 0.946 0.950 0.725 
   1   (0.056) 0.055 0.054 0.050 0.275 

Locus 56 : NC_035780.1:29 
2 alleles
0.0% missing data
   2   (0.830) 0.847 0.817 0.833 0.813 
   1   (0.170) 0.153 0.183 0.167 0.187 

Locus 57 : NC_035780.1:29 
2 alleles
0.0% missing data
   2   (0.904) 0.918 0.901 0.898 0.994 
   1   (0.096) 0.082 0.099 0.102 0.006 

Locus 58 : NC_035780.1:30 
2 alleles
0.3% missing data
   2   (0.933) 0.927 0.937 0.935 0.996 
   1   (0.067) 0.073 0.063 0.065 0.004 

Locus 59 : NC_035780.1:31 
2 alleles
0.8% missing data
   2   (0.892) 0.892 0.891 0.893 0.992 
   1   (0.108) 0.108 0.109 0.107 0.008 

Locus 60 : NC_035780.1:31 
2 alleles
0.8% missing data
   2   (0.638) 0.655 0.638 0.630 0.439 
   1   (0.362) 0.345 0.362 0.370 0.561 

Locus 61 : NC_035780.1:32 
2 alleles
0.0% missing data
   1   (0.368) 0.393 0.346 0.364 0.481 
   2   (0.632) 0.607 0.654 0.636 0.519 

Locus 62 : NC_035780.1:32 
2 alleles
0.0% missing data
   2   (0.728) 0.730 0.748 0.715 0.620 
   1   (0.272) 0.270 0.252 0.285 0.380 

Locus 63 : NC_035780.1:33 
2 alleles
3.4% missing data
   2   (0.947) 0.947 0.951 0.946 0.996 
   1   (0.053) 0.053 0.049 0.054 0.004 

Locus 64 : NC_035780.1:33 
2 alleles
3.4% missing data
   2   (0.830) 0.836 0.836 0.829 0.416 
   1   (0.170) 0.164 0.164 0.171 0.584 

Locus 65 : NC_035780.1:37 
2 alleles
0.3% missing data
   2   (0.922) 0.913 0.922 0.933 0.889 
   1   (0.078) 0.087 0.078 0.067 0.111 

Locus 66 : NC_035780.1:37 
2 alleles
0.3% missing data
   2   (0.875) 0.876 0.884 0.864 0.991 
   1   (0.125) 0.124 0.116 0.136 0.009 

Locus 67 : NC_035780.1:37 
2 alleles
0.0% missing data
   2   (0.923) 0.913 0.931 0.924 0.995 
   1   (0.077) 0.087 0.069 0.076 0.005 

Locus 68 : NC_035780.1:37 
2 alleles
0.0% missing data
   2   (0.804) 0.792 0.807 0.812 0.877 
   1   (0.196) 0.208 0.193 0.188 0.123 

Locus 69 : NC_035780.1:37 
2 alleles
0.0% missing data
   1   (0.142) 0.128 0.140 0.150 0.053 
   2   (0.858) 0.872 0.860 0.850 0.947 

Locus 70 : NC_035780.1:39 
2 alleles
0.0% missing data
   2   (0.925) 0.909 0.937 0.926 0.994 
   1   (0.075) 0.091 0.063 0.074 0.006 

Locus 71 : NC_035780.1:39 
2 alleles
0.0% missing data
   2   (0.844) 0.851 0.827 0.856 0.934 
   1   (0.156) 0.149 0.173 0.144 0.066 

Locus 72 : NC_035780.1:39 
2 alleles
0.0% missing data
   1   (0.307) 0.305 0.287 0.319 0.592 
   2   (0.693) 0.695 0.713 0.681 0.408 

Locus 73 : NC_035780.1:39 
2 alleles
0.0% missing data
   1   (0.130) 0.139 0.134 0.121 0.017 
   2   (0.870) 0.861 0.866 0.879 0.983 

Locus 74 : NC_035780.1:39 
2 alleles
2.9% missing data
   2   (0.668) 0.675 0.662 0.673 0.589 
   1   (0.332) 0.325 0.338 0.327 0.411 

Locus 75 : NC_035780.1:39 
2 alleles
0.3% missing data
   2   (0.878) 0.887 0.878 0.880 0.730 
   1   (0.122) 0.113 0.122 0.120 0.270 

Locus 76 : NC_035780.1:39 
2 alleles
0.3% missing data
   2   (0.885) 0.881 0.891 0.883 0.987 
   1   (0.115) 0.119 0.109 0.117 0.013 

Locus 77 : NC_035780.1:39 
2 alleles
0.3% missing data
   2   (0.538) 0.516 0.554 0.538 0.664 
   1   (0.462) 0.484 0.446 0.462 0.336 

Locus 78 : NC_035780.1:39 
2 alleles
0.3% missing data
   2   (0.970) 0.974 0.970 0.970 0.998 
   1   (0.030) 0.026 0.030 0.030 0.002 

Locus 79 : NC_035780.1:51 
2 alleles
0.3% missing data
   2   (0.963) 0.968 0.959 0.966 0.998 
   1   (0.037) 0.032 0.041 0.034 0.002 

Locus 80 : NC_035780.1:51 
2 alleles
1.3% missing data
   1   (0.324) 0.323 0.320 0.325 0.404 
   2   (0.676) 0.677 0.680 0.675 0.596 

Locus 81 : NC_035780.1:55 
2 alleles
0.0% missing data
   2   (0.904) 0.902 0.909 0.903 0.994 
   1   (0.096) 0.098 0.091 0.097 0.006 

Locus 82 : NC_035780.1:55 
2 alleles
2.1% missing data
   2   (0.781) 0.771 0.779 0.794 0.611 
   1   (0.219) 0.229 0.221 0.206 0.389 

Locus 83 : NC_035780.1:55 
2 alleles
0.5% missing data
   2   (0.857) 0.846 0.872 0.855 0.924 
   1   (0.143) 0.154 0.128 0.145 0.076 

Locus 84 : NC_035780.1:57 
2 alleles
0.0% missing data
   2   (0.949) 0.961 0.942 0.953 0.769 
   1   (0.051) 0.039 0.058 0.047 0.231 

Locus 85 : NC_035780.1:63 
2 alleles
2.1% missing data
   2   (0.947) 0.938 0.954 0.955 0.818 
   1   (0.053) 0.062 0.046 0.045 0.182 

Locus 86 : NC_035780.1:63 
2 alleles
1.3% missing data
   2   (0.895) 0.909 0.896 0.886 0.961 
   1   (0.105) 0.091 0.104 0.114 0.039 

Locus 87 : NC_035780.1:63 
2 alleles
1.3% missing data
   2   (0.735) 0.724 0.742 0.743 0.565 
   1   (0.265) 0.276 0.258 0.257 0.435 

Locus 88 : NC_035780.1:65 
2 alleles
0.0% missing data
   2   (0.863) 0.867 0.846 0.876 0.917 
   1   (0.137) 0.133 0.154 0.124 0.083 

Locus 89 : NC_035780.1:65 
2 alleles
0.0% missing data
   2   (0.959) 0.969 0.964 0.953 0.876 
   1   (0.041) 0.031 0.036 0.047 0.124 

Locus 90 : NC_035780.1:65 
2 alleles
0.0% missing data
   1   (0.232) 0.244 0.221 0.232 0.081 
   2   (0.768) 0.756 0.779 0.768 0.919 

Locus 91 : NC_035780.1:65 
2 alleles
0.0% missing data
   1   (0.254) 0.265 0.235 0.261 0.166 
   2   (0.746) 0.735 0.765 0.739 0.834 

Locus 92 : NC_035780.1:70 
2 alleles
2.4% missing data
   2   (0.922) 0.930 0.910 0.932 0.873 
   1   (0.078) 0.070 0.090 0.068 0.127 

Locus 93 : NC_035780.1:70 
2 alleles
0.3% missing data
   2   (0.958) 0.945 0.961 0.969 0.751 
   1   (0.042) 0.055 0.039 0.031 0.249 

Locus 94 : NC_035780.1:70 
2 alleles
0.3% missing data
   1   (0.210) 0.210 0.196 0.218 0.218 
   2   (0.790) 0.790 0.804 0.782 0.782 

Locus 95 : NC_035780.1:71 
2 alleles
1.6% missing data
   1   (0.417) 0.420 0.410 0.421 0.312 
   2   (0.583) 0.580 0.590 0.579 0.688 

Locus 96 : NC_035780.1:72 
2 alleles
0.0% missing data
   2   (0.935) 0.904 0.941 0.949 0.988 
   1   (0.065) 0.096 0.059 0.051 0.012 

Locus 97 : NC_035780.1:74 
2 alleles
1.1% missing data
   2   (0.947) 0.943 0.960 0.947 0.698 
   1   (0.053) 0.057 0.040 0.053 0.302 

Locus 98 : NC_035780.1:75 
2 alleles
0.5% missing data
   2   (0.793) 0.814 0.782 0.791 0.872 
   1   (0.207) 0.186 0.218 0.209 0.128 

Locus 99 : NC_035780.1:75 
2 alleles
0.5% missing data
   2   (0.868) 0.857 0.862 0.886 0.744 
   1   (0.132) 0.143 0.138 0.114 0.256 

Locus 100 : NC_035780.1:75 
2 alleles
1.1% missing data
   2   (0.927) 0.939 0.921 0.924 0.994 
   1   (0.073) 0.061 0.079 0.076 0.006 

Locus 101 : NC_035780.1:75 
2 alleles
0.0% missing data
   1   (0.473) 0.460 0.466 0.483 0.703 
   2   (0.527) 0.540 0.534 0.517 0.297 

Locus 102 : NC_035780.1:75 
2 alleles
0.3% missing data
   2   (0.899) 0.911 0.901 0.898 0.756 
   1   (0.101) 0.089 0.099 0.102 0.244 

Locus 103 : NC_035780.1:76 
2 alleles
2.9% missing data
   1   (0.336) 0.350 0.321 0.332 0.613 
   2   (0.664) 0.650 0.679 0.668 0.387 

Locus 104 : NC_035780.1:76 
2 alleles
2.9% missing data
   2   (0.933) 0.922 0.929 0.944 0.995 
   1   (0.067) 0.078 0.071 0.056 0.005 

Locus 105 : NC_035780.1:77 
2 alleles
4.5% missing data
   2   (0.846) 0.885 0.849 0.812 0.926 
   1   (0.154) 0.115 0.151 0.188 0.074 

Locus 106 : NC_035780.1:77 
2 alleles
4.5% missing data
   2   (0.902) 0.896 0.901 0.915 0.663 
   1   (0.098) 0.104 0.099 0.085 0.337 

Locus 107 : NC_035780.1:79 
2 alleles
0.0% missing data
   2   (0.926) 0.925 0.935 0.925 0.870 
   1   (0.074) 0.075 0.065 0.075 0.130 

Locus 108 : NC_035780.1:81 
2 alleles
0.0% missing data
   1   (0.460) 0.446 0.470 0.468 0.118 
   2   (0.540) 0.554 0.530 0.532 0.882 

Locus 109 : NC_035780.1:81 
2 alleles
0.0% missing data
   2   (0.881) 0.866 0.874 0.898 0.961 
   1   (0.119) 0.134 0.126 0.102 0.039 

Locus 110 : NC_035780.1:81 
2 alleles
0.0% missing data
   1   (0.381) 0.372 0.371 0.394 0.443 
   2   (0.619) 0.628 0.629 0.606 0.557 

Locus 111 : NC_035780.1:82 
2 alleles
0.0% missing data
   2   (0.925) 0.924 0.928 0.930 0.907 
   1   (0.075) 0.076 0.072 0.070 0.093 

Locus 112 : NC_035780.1:83 
2 alleles
3.4% missing data
   1   (0.163) 0.157 0.164 0.168 0.011 
   2   (0.837) 0.843 0.836 0.832 0.989 

Locus 113 : NC_035780.1:83 
2 alleles
3.4% missing data
   2   (0.935) 0.950 0.929 0.928 0.995 
   1   (0.065) 0.050 0.071 0.072 0.005 

Locus 114 : NC_035780.1:83 
2 alleles
0.0% missing data
   2   (0.934) 0.932 0.920 0.950 0.932 
   1   (0.066) 0.068 0.080 0.050 0.068 

Locus 115 : NC_035780.1:83 
2 alleles
0.0% missing data
   2   (0.875) 0.878 0.876 0.880 0.598 
   1   (0.125) 0.122 0.124 0.120 0.402 

Locus 116 : NC_035780.1:84 
2 alleles
0.0% missing data
   2   (0.907) 0.906 0.920 0.905 0.719 
   1   (0.093) 0.094 0.080 0.095 0.281 

Locus 117 : NC_035780.1:85 
2 alleles
0.3% missing data
   2   (0.890) 0.878 0.903 0.893 0.883 
   1   (0.110) 0.122 0.097 0.107 0.117 

Locus 118 : NC_035780.1:85 
2 alleles
0.3% missing data
   2   (0.586) 0.557 0.603 0.588 0.859 
   1   (0.414) 0.443 0.397 0.412 0.141 

Locus 119 : NC_035780.1:86 
2 alleles
0.0% missing data
   2   (0.910) 0.929 0.897 0.913 0.882 
   1   (0.090) 0.071 0.103 0.087 0.118 

Locus 120 : NC_035780.1:86 
2 alleles
0.0% missing data
   2   (0.595) 0.556 0.613 0.607 0.697 
   1   (0.405) 0.444 0.387 0.393 0.303 

Locus 121 : NC_035780.1:86 
2 alleles
0.0% missing data
   2   (0.959) 0.961 0.961 0.959 0.997 
   1   (0.041) 0.039 0.039 0.041 0.003 

Locus 122 : NC_035780.1:86 
2 alleles
0.0% missing data
   2   (0.954) 0.952 0.952 0.961 0.996 
   1   (0.046) 0.048 0.048 0.039 0.004 

Locus 123 : NC_035780.1:86 
2 alleles
0.0% missing data
   1   (0.185) 0.179 0.176 0.194 0.087 
   2   (0.815) 0.821 0.824 0.806 0.913 

Locus 124 : NC_035780.1:86 
2 alleles
0.0% missing data
   2   (0.914) 0.922 0.904 0.921 0.962 
   1   (0.086) 0.078 0.096 0.079 0.038 

Locus 125 : NC_035780.1:86 
2 alleles
0.0% missing data
   1   (0.155) 0.142 0.150 0.165 0.100 
   2   (0.845) 0.858 0.850 0.835 0.900 

Locus 126 : NC_035780.1:86 
2 alleles
0.0% missing data
   2   (0.912) 0.908 0.923 0.912 0.753 
   1   (0.088) 0.092 0.077 0.088 0.247 

Locus 127 : NC_035780.1:86 
2 alleles
0.0% missing data
   1   (0.177) 0.181 0.184 0.166 0.043 
   2   (0.823) 0.819 0.816 0.834 0.957 

Locus 128 : NC_035780.1:86 
2 alleles
0.0% missing data
   2   (0.907) 0.906 0.909 0.912 0.886 
   1   (0.093) 0.094 0.091 0.088 0.114 

Locus 129 : NC_035780.1:87 
2 alleles
0.3% missing data
   2   (0.798) 0.799 0.798 0.802 0.707 
   1   (0.202) 0.201 0.202 0.198 0.293 

Locus 130 : NC_035780.1:87 
2 alleles
0.0% missing data
