

----------------------------------------------------
STRUCTURE by Pritchard, Stephens and Donnelly (2000)
     and Falush, Stephens and Pritchard (2003)
       Code by Pritchard, Falush and Hubisz
             Version 2.3.4 (Jul 2012)
----------------------------------------------------



Command line arguments:   /programs/structure_2_3_4/bin/structure -K 3 -i /workdir/yc2644/CV_NYC_ddRAD/structure/n380_all_cor/threader_input/n380_all_SNP.DP3g95p10maf05.HWE.mod.biallelic.all_exGRV.n396_indep_50_1_0.2_pruned.nochr156invers.n380_refil.recode.strct_in -o /workdir/yc2644/CV_NYC_ddRAD/structure/n380_all_cor/str_K3_rep4 -D 2065414 -m /workdir/yc2644/CV_NYC_ddRAD/structure/n380_all_cor/threader_input/mainparams -e /workdir/yc2644/CV_NYC_ddRAD/structure/n380_all_cor/threader_input/extraparams 
Input File:    /workdir/yc2644/CV_NYC_ddRAD/structure/n380_all_cor/threader_input/n380_all_SNP.DP3g95p10maf05.HWE.mod.biallelic.all_exGRV.n396_indep_50_1_0.2_pruned.nochr156invers.n380_refil.recode.strct_in

Run parameters:
   380 individuals
   5625 loci
   3 populations assumed
   10000 Burn-in period
   20000 Reps
RANDOMIZE turned off


--------------------------------------------
Overall proportion of membership of the
sample in each of the 3 clusters

Inferred Clusters
  1      2      3    
0.475  0.077  0.448  

--------------------------------------------

Allele-freq. divergence among pops (Net nucleotide distance),
computed using point estimates of P.

      1       2       3      
 1      -    0.0230  0.0003  
 2   0.0230     -    0.0225  
 3   0.0003  0.0225     -    

Average distances (expected heterozygosity) between individuals in same cluster:
cluster  1  : 0.2544 
cluster  2  : 0.2219 
cluster  3  : 0.2553 

--------------------------------------------
Estimated Ln Prob of Data   = -1710804.9
Mean value of ln likelihood = -1705926.3
Variance of ln likelihood   = 9757.3
Mean value of alpha         = 0.0517

Mean value of Fst_1         = 0.0032
Mean value of Fst_2         = 0.2105
Mean value of Fst_3         = 0.0023


Inferred ancestry of individuals:
        Label (%Miss) :  Inferred clusters
  1 AB812s-002    (1)   :  0.015 0.002 0.983 
  2 AB812s-004    (0)   :  0.021 0.003 0.976 
  3 AB812s-005    (0)   :  0.006 0.021 0.973 
  4 AB812s-008    (1)   :  0.007 0.007 0.986 
  5 AB812s-009    (1)   :  0.966 0.003 0.031 
  6 AB812s-011    (0)   :  0.034 0.008 0.958 
  7 AB812s-012    (1)   :  0.065 0.001 0.935 
  8 AB812s-013    (0)   :  0.012 0.001 0.988 
  9 AB812s-014    (0)   :  0.028 0.001 0.971 
 10 AB812s-015    (0)   :  0.055 0.002 0.943 
 11 AB812s-017    (0)   :  0.007 0.001 0.992 
 12 AB812s-018    (0)   :  0.036 0.006 0.958 
 13 AB812s-019    (1)   :  0.027 0.002 0.971 
 14 AB812s-020    (1)   :  0.030 0.001 0.968 
 15 AB812s-021    (1)   :  0.049 0.002 0.949 
 16 AB812s-022    (0)   :  0.036 0.009 0.955 
 17 AB812s-024    (0)   :  0.030 0.005 0.965 
 18 AB812s-027    (0)   :  0.003 0.134 0.863 
 19 AB812s-029    (0)   :  0.042 0.011 0.947 
 20 AB812s-030    (0)   :  0.867 0.003 0.130 
 21 AB812s-031    (0)   :  0.100 0.049 0.852 
 22 AB812s-032    (0)   :  0.078 0.017 0.905 
 23 FI1012-001    (1)   :  0.000 1.000 0.000 
 24 FI1012-001r    (0)   :  0.000 1.000 0.000 
 25 FI1012-002    (0)   :  0.000 1.000 0.000 
 26 FI1012-005    (1)   :  0.001 0.999 0.001 
 27 FI1012-007    (1)   :  0.000 0.999 0.000 
 28 FI1012-010    (1)   :  0.000 1.000 0.000 
 29 FI1012-011    (1)   :  0.005 0.989 0.006 
 30 FI1012-012    (1)   :  0.000 1.000 0.000 
 31 FI1012-013    (0)   :  0.000 1.000 0.000 
 32 FI1012-014    (1)   :  0.000 1.000 0.000 
 33 FI1012-016    (1)   :  0.000 1.000 0.000 
 34 FI1012-019    (1)   :  0.006 0.989 0.005 
 35 FI1012-020    (0)   :  0.000 1.000 0.000 
 36 FIS1013a-00    (1)   :  0.040 0.896 0.064 
 37 FIS1013a-00    (1)   :  0.024 0.933 0.043 
 38 FIS1013a-00    (0)   :  0.001 0.719 0.280 
 39 FIS1013a-00    (1)   :  0.018 0.970 0.012 
 40 FIS1013a-00    (1)   :  0.008 0.845 0.147 
 41 FIS1013a-01    (0)   :  0.014 0.903 0.083 
 42 FIS1013a-01    (0)   :  0.029 0.888 0.083 
 43 FIS1013a-01    (1)   :  0.058 0.803 0.138 
 44 FIS1013a-01    (1)   :  0.027 0.703 0.270 
 45 FIS1013a-01    (1)   :  0.017 0.974 0.009 
 46 FIS1013a-02    (1)   :  0.002 0.995 0.003 
 47 FIS1013a-02    (1)   :  0.113 0.864 0.023 
 48 FIS1013a-02    (1)   :  0.072 0.881 0.047 
 49 FIS1013a-02    (1)   :  0.035 0.913 0.052 
 50 HH0512a-001    (1)   :  0.992 0.001 0.007 
 51 HH0512a-002    (0)   :  0.996 0.000 0.004 
 52 HH0512a-004    (0)   :  0.489 0.001 0.511 
 53 HH0512a-006    (0)   :  0.987 0.001 0.013 
 54 HH0512a-007    (1)   :  0.987 0.002 0.011 
 55 HH0512a-009    (0)   :  0.128 0.002 0.871 
 56 HH0512a-010    (0)   :  0.220 0.000 0.780 
 57 HH0512a-012    (0)   :  0.955 0.001 0.044 
 58 HH0512a-013    (1)   :  0.928 0.007 0.066 
 59 HH0512a-015    (0)   :  0.211 0.001 0.788 
 60 HH0512a-017    (0)   :  0.102 0.003 0.895 
 61 HH0512a-018    (1)   :  0.988 0.000 0.012 
 62 HH0512a-020    (1)   :  0.980 0.000 0.020 
 63 HH0512a-021    (1)   :  0.981 0.001 0.018 
 64 HH0512a-022    (0)   :  0.989 0.001 0.010 
 65 HH0512a-023    (0)   :  0.972 0.001 0.027 
 66 HH0512a-029    (0)   :  0.989 0.004 0.007 
 67 HH1013a-001    (1)   :  0.992 0.001 0.007 
 68 HH1013a-002    (0)   :  0.368 0.001 0.631 
 69 HH1013a-003    (0)   :  0.986 0.004 0.010 
 70 HH1013a-005    (0)   :  0.993 0.003 0.004 
 71 HH1013a-006    (0)   :  0.836 0.002 0.162 
 72 HH1013a-007    (0)   :  0.997 0.001 0.003 
 73 HH1013a-009    (0)   :  0.978 0.002 0.020 
 74 HH1013a-010    (0)   :  0.987 0.003 0.010 
 75 HH1013a-011    (1)   :  0.979 0.000 0.020 
 76 HH1013a-012    (0)   :  0.973 0.001 0.026 
 77 HH1013a-013    (0)   :  0.040 0.002 0.958 
 78 HH1013a-014    (1)   :  0.175 0.001 0.824 
 79 HH1013a-015    (1)   :  0.939 0.002 0.059 
 80 HH1013a-016    (0)   :  0.993 0.003 0.004 
 81 HH1013a-017    (0)   :  0.676 0.001 0.322 
 82 HH1013a-018    (1)   :  0.972 0.009 0.018 
 83 HH1013a-019    (0)   :  0.989 0.002 0.009 
 84 HH1013a-020    (0)   :  0.602 0.001 0.398 
 85 HH1013a-021    (0)   :  0.968 0.001 0.031 
 86 HH1013a-022    (0)   :  0.037 0.007 0.957 
 87 HH1013a-023    (1)   :  0.970 0.002 0.029 
 88 HH1013a-024    (1)   :  0.976 0.003 0.022 
 89 HH1013s-001    (1)   :  0.948 0.004 0.048 
 90 HH1013s-002    (1)   :  0.933 0.002 0.065 
 91 HH1013s-003    (0)   :  0.105 0.004 0.891 
 92 HH1013s-005    (1)   :  0.729 0.001 0.270 
 93 HH1013s-006    (1)   :  0.958 0.002 0.040 
 94 HH1013s-007    (0)   :  0.956 0.000 0.044 
 95 HH1013s-008    (0)   :  0.987 0.001 0.012 
 96 HH1013s-009    (1)   :  0.945 0.002 0.053 
 97 HH1013s-010    (1)   :  0.987 0.001 0.012 
 98 HH1013s-011    (1)   :  0.994 0.002 0.004 
 99 HH1013s-012    (1)   :  0.970 0.000 0.030 
100 HH1013s-013    (0)   :  0.981 0.000 0.019 
101 HH1013s-014    (0)   :  0.969 0.001 0.030 
102 HH1013s-016    (1)   :  0.961 0.001 0.037 
103 HH1013s-017    (1)   :  0.988 0.002 0.010 
104 HH1013s-018    (1)   :  0.937 0.001 0.062 
105 HH1013s-019    (0)   :  0.648 0.001 0.351 
106 HH1013s-020    (0)   :  0.960 0.002 0.038 
107 HH1013s-021    (1)   :  0.987 0.001 0.013 
108 HH1013s-022    (0)   :  0.912 0.001 0.087 
109 HH1013s-023    (0)   :  0.972 0.003 0.025 
110 HH1013s-024    (0)   :  0.984 0.001 0.014 
111 HH1013s-025    (1)   :  0.977 0.011 0.012 
112 HH812s-001    (1)   :  0.982 0.004 0.014 
113 HH812s-003    (1)   :  0.971 0.002 0.027 
114 HH812s-006    (0)   :  0.991 0.001 0.008 
115 HH812s-010    (1)   :  0.988 0.003 0.010 
116 HH812s-013    (0)   :  0.979 0.006 0.015 
117 HH812s-018    (0)   :  0.728 0.001 0.272 
118 HH812s-019    (1)   :  0.662 0.015 0.324 
119 HH812s-024    (0)   :  0.994 0.002 0.005 
120 HH812s-025    (0)   :  0.964 0.001 0.035 
121 HH812s-030    (0)   :  0.910 0.014 0.076 
122 HH812s-035    (0)   :  0.994 0.001 0.005 
123 HH812s-036    (1)   :  0.988 0.001 0.011 
124 HH812s-037    (0)   :  0.954 0.000 0.045 
125 HH812s-039    (1)   :  0.624 0.001 0.376 
126 HH812s-040    (0)   :  0.664 0.000 0.335 
127 HH812s-042    (0)   :  0.984 0.000 0.015 
128 HH812s-046    (0)   :  0.996 0.001 0.003 
129 HH812s-048    (0)   :  0.986 0.001 0.013 
130 HH812s-050    (1)   :  0.979 0.001 0.019 
131 HH812s-052    (1)   :  0.953 0.005 0.042 
132 HH812s-054    (1)   :  0.965 0.001 0.034 
133 HH812s-056    (1)   :  0.979 0.009 0.013 
134 HH912s-109    (0)   :  0.980 0.001 0.019 
135 HH912s-110    (0)   :  0.937 0.001 0.062 
136 HH912s-111    (0)   :  0.965 0.001 0.034 
137 HH912s-113    (0)   :  0.962 0.001 0.038 
138 HH912s-114    (0)   :  0.809 0.001 0.191 
139 HH912s-115    (0)   :  0.991 0.004 0.006 
140 HH912s-116    (1)   :  0.499 0.001 0.500 
141 HH912s-117    (0)   :  0.950 0.007 0.044 
142 HH912s-118    (1)   :  0.934 0.003 0.062 
143 HH912s-119    (1)   :  0.951 0.001 0.048 
144 HH912s-120    (0)   :  0.965 0.001 0.034 
145 HH912s-121    (0)   :  0.993 0.001 0.007 
146 HH912s-122    (1)   :  0.985 0.002 0.013 
147 HH912s-123    (0)   :  0.984 0.001 0.015 
148 HH912s-124    (0)   :  0.979 0.001 0.019 
149 HH912s-125    (0)   :  0.152 0.003 0.844 
150 HH912s-126    (0)   :  0.957 0.005 0.037 
151 HH912s-127    (0)   :  0.980 0.001 0.019 
152 HH912s-128    (0)   :  0.992 0.001 0.007 
153 HH912s-129    (0)   :  0.957 0.001 0.043 
154 HH912s-130    (0)   :  0.945 0.002 0.052 
155 HH912s-131    (0)   :  0.977 0.001 0.022 
156 HH912s-132    (0)   :  0.894 0.004 0.102 
157 IRV1012-001    (0)   :  0.913 0.011 0.075 
158 IRV1012-002    (0)   :  0.981 0.001 0.018 
159 IRV1012-003    (0)   :  0.995 0.001 0.004 
160 IRV1012-004    (1)   :  0.990 0.001 0.009 
161 IRV1012-006    (0)   :  0.995 0.001 0.005 
162 IRV1012-007    (0)   :  0.976 0.001 0.023 
163 IRV1012-008    (0)   :  0.124 0.001 0.874 
164 IRV1012-009    (1)   :  0.938 0.002 0.060 
165 IRV1012-010    (0)   :  0.967 0.002 0.032 
166 IRV1012-011    (0)   :  0.987 0.001 0.012 
167 IRV1012-012    (0)   :  0.197 0.002 0.802 
168 IRV1012-013    (0)   :  0.224 0.004 0.772 
169 IRV1012-014    (0)   :  0.984 0.001 0.015 
170 IRV1012-015    (0)   :  0.986 0.002 0.013 
171 IRV1012-016    (0)   :  0.970 0.001 0.029 
172 IRV1012-017    (0)   :  0.986 0.001 0.013 
173 IRV1012-018    (1)   :  0.977 0.001 0.022 
174 IRV1012-019    (0)   :  0.952 0.002 0.046 
175 IRV1012-020    (0)   :  0.380 0.001 0.619 
176 IRV1012-021    (0)   :  0.994 0.002 0.004 
177 IRV1012-022    (0)   :  0.996 0.000 0.004 
178 IRV1012-023    (0)   :  0.985 0.001 0.014 
179 IRV1012-024    (1)   :  0.957 0.011 0.032 
180 NTC1013a-00    (0)   :  0.046 0.012 0.942 
181 NTC1013a-00    (1)   :  0.008 0.002 0.990 
182 NTC1013a-00    (0)   :  0.023 0.002 0.976 
183 NTC1013a-00    (1)   :  0.065 0.005 0.930 
184 NTC1013a-00    (1)   :  0.031 0.038 0.930 
185 NTC1013a-00    (0)   :  0.150 0.003 0.847 
186 NTC1013a-00    (1)   :  0.032 0.005 0.963 
187 NTC1013a-00    (0)   :  0.055 0.035 0.910 
188 NTC1013a-01    (0)   :  0.029 0.050 0.921 
189 NTC1013a-01    (0)   :  0.008 0.003 0.989 
190 NTC1013a-01    (0)   :  0.003 0.030 0.966 
191 NTC1013a-01    (0)   :  0.010 0.196 0.794 
192 NTC1013a-01    (0)   :  0.009 0.002 0.990 
193 NTC1013a-01    (0)   :  0.166 0.003 0.832 
194 NTC1013a-01    (0)   :  0.008 0.003 0.989 
195 NTC1013a-01    (1)   :  0.061 0.002 0.937 
196 NTC1013a-01    (0)   :  0.015 0.002 0.983 
197 NTC1013a-01    (0)   :  0.016 0.001 0.983 
198 NTC1013a-02    (0)   :  0.100 0.004 0.896 
199 NTC1013a-02    (0)   :  0.010 0.001 0.988 
200 PM1012-01    (0)   :  0.971 0.001 0.028 
201 PM1012-02    (1)   :  0.991 0.001 0.008 
202 PM1012-04    (1)   :  0.908 0.001 0.091 
203 PM1012-06    (0)   :  0.973 0.004 0.023 
204 PM1012-07    (0)   :  0.983 0.001 0.016 
205 PM1012-09    (0)   :  0.956 0.002 0.041 
206 PM1012-10    (0)   :  0.987 0.000 0.013 
207 PM1012-13    (0)   :  0.977 0.000 0.022 
208 PM1012-14    (0)   :  0.719 0.004 0.277 
209 PM1012-16    (1)   :  0.980 0.001 0.020 
210 PM1012-17    (0)   :  0.384 0.000 0.616 
211 PM1012-23    (0)   :  0.992 0.001 0.007 
212 PM1012-24    (1)   :  0.959 0.000 0.041 
213 PM1012-25    (0)   :  0.972 0.001 0.027 
214 PM1012-26    (3)   :  0.991 0.002 0.007 
215 PM1012-27    (0)   :  0.887 0.024 0.089 
216 PRA1013a-00    (1)   :  0.802 0.000 0.198 
217 PRA1013a-00    (1)   :  0.940 0.001 0.059 
218 PRA1013a-00    (0)   :  0.985 0.001 0.014 
219 PRA1013a-00    (0)   :  0.989 0.002 0.010 
220 PRA1013a-00    (0)   :  0.994 0.002 0.004 
221 PRA1013a-00    (0)   :  0.127 0.001 0.872 
222 PRA1013a-00    (1)   :  0.918 0.001 0.081 
223 PRA1013a-01    (0)   :  0.003 0.273 0.724 
224 PRA1013a-01    (1)   :  0.022 0.001 0.977 
225 PRA1013a-01    (0)   :  0.140 0.003 0.857 
226 PRA1013a-01    (0)   :  0.986 0.001 0.013 
227 PRA1013a-01    (1)   :  0.013 0.002 0.985 
228 PRA1013a-02    (1)   :  0.983 0.002 0.016 
229 PRA1013a-02    (1)   :  0.942 0.001 0.057 
230 PRA1013a-02    (0)   :  0.992 0.001 0.007 
231 PRA1013a-03    (0)   :  0.968 0.003 0.029 
232 PRA1013a-03    (1)   :  0.995 0.000 0.005 
233 PRA1013a-03    (0)   :  0.996 0.001 0.003 
234 PRA1013a-03    (0)   :  0.990 0.002 0.008 
235 PRA1013a-03    (0)   :  0.457 0.002 0.541 
236 PRA1013a-03    (0)   :  0.983 0.002 0.015 
237 PRA1013a-03    (0)   :  0.967 0.002 0.031 
238 PRA1013a-03    (1)   :  0.986 0.007 0.007 
239 RI812s-001    (0)   :  0.010 0.038 0.952 
240 RI812s-002    (1)   :  0.012 0.053 0.935 
241 RI812s-003    (1)   :  0.039 0.007 0.954 
242 RI812s-005    (1)   :  0.009 0.010 0.981 
243 RI812s-006    (0)   :  0.009 0.001 0.990 
244 RI812s-007    (0)   :  0.014 0.001 0.985 
245 RI812s-009    (0)   :  0.003 0.084 0.913 
246 RI812s-010    (1)   :  0.077 0.037 0.886 
247 RI812s-011    (0)   :  0.059 0.039 0.902 
248 RI812s-013    (1)   :  0.398 0.002 0.600 
249 RI812s-014    (1)   :  0.013 0.003 0.984 
250 RI812s-015    (0)   :  0.014 0.001 0.985 
251 RI812s-016    (0)   :  0.003 0.236 0.761 
252 SV0512a-001    (0)   :  0.018 0.002 0.980 
253 SV0512a-002    (1)   :  0.021 0.003 0.976 
254 SV0512a-003    (0)   :  0.057 0.005 0.938 
255 SV0512a-005    (1)   :  0.046 0.001 0.952 
256 SV0512a-007    (1)   :  0.001 0.086 0.913 
257 SV0512a-008    (1)   :  0.003 0.063 0.934 
258 SV0512a-009    (1)   :  0.025 0.001 0.974 
259 SV0512a-010    (0)   :  0.026 0.004 0.970 
260 SV0512a-011    (0)   :  0.004 0.204 0.792 
261 SV0512a-013    (1)   :  0.923 0.002 0.075 
262 SV0512a-014    (6)   :  0.151 0.003 0.846 
263 SV0512a-016    (1)   :  0.025 0.002 0.974 
264 SV0512a-018    (4)   :  0.161 0.094 0.745 
265 SV0512a-021    (2)   :  0.025 0.007 0.968 
266 SV0512a-022    (0)   :  0.010 0.013 0.976 
267 SV0512a-023    (2)   :  0.008 0.001 0.991 
268 SV0512a-024    (0)   :  0.005 0.017 0.978 
269 SV0512a-025    (0)   :  0.044 0.002 0.954 
270 SV0512a-027    (0)   :  0.015 0.001 0.984 
271 SV0512a-028    (3)   :  0.305 0.044 0.651 
272 SV1013a-001    (0)   :  0.015 0.056 0.928 
273 SV1013a-002    (1)   :  0.173 0.001 0.826 
274 SV1013a-003    (0)   :  0.067 0.001 0.932 
275 SV1013a-005    (0)   :  0.005 0.026 0.969 
276 SV1013a-006    (0)   :  0.010 0.001 0.989 
277 SV1013a-007    (0)   :  0.014 0.002 0.984 
278 SV1013a-008    (0)   :  0.004 0.001 0.995 
279 SV1013a-009    (0)   :  0.044 0.044 0.911 
280 SV1013a-010    (1)   :  0.080 0.004 0.916 
281 SV1013a-011    (0)   :  0.308 0.001 0.691 
282 SV1013a-012    (0)   :  0.008 0.027 0.965 
283 SV1013a-013    (0)   :  0.041 0.003 0.957 
284 SV1013a-014    (0)   :  0.018 0.001 0.981 
285 SV1013a-015    (0)   :  0.019 0.001 0.980 
286 SV1013a-016    (0)   :  0.038 0.001 0.962 
287 SV1013a-017    (0)   :  0.711 0.022 0.267 
288 SV1013a-018    (0)   :  0.193 0.000 0.806 
289 SV1013a-019    (0)   :  0.010 0.014 0.975 
290 SV1013a-020    (0)   :  0.007 0.147 0.846 
291 SV1013a-021    (0)   :  0.037 0.001 0.962 
292 SV1013a-022    (1)   :  0.025 0.060 0.916 
293 SV1013a-023    (0)   :  0.036 0.005 0.959 
294 SV1013a-024    (0)   :  0.008 0.046 0.946 
295 SV812s-026    (1)   :  0.030 0.003 0.967 
296 SV812s-027    (0)   :  0.463 0.059 0.478 
297 SV812s-029    (0)   :  0.153 0.000 0.847 
298 SV812s-030    (0)   :  0.031 0.068 0.901 
299 SV812s-031    (0)   :  0.008 0.003 0.988 
300 SV812s-032    (0)   :  0.002 0.058 0.940 
301 SV812s-033    (0)   :  0.017 0.001 0.982 
302 SV812s-034    (0)   :  0.008 0.005 0.987 
303 SV812s-037    (0)   :  0.835 0.009 0.156 
304 SV812s-038    (0)   :  0.042 0.002 0.957 
305 SV812s-039    (0)   :  0.033 0.002 0.965 
306 SV812s-040    (0)   :  0.329 0.002 0.668 
307 SV812s-041    (0)   :  0.007 0.001 0.992 
308 SV812s-042    (0)   :  0.004 0.001 0.995 
309 SV812s-043    (1)   :  0.784 0.013 0.204 
310 SV812s-044    (0)   :  0.016 0.001 0.983 
311 SV812s-046    (0)   :  0.014 0.015 0.971 
312 SV812s-047    (0)   :  0.150 0.001 0.849 
313 SV812s-048    (1)   :  0.014 0.001 0.984 
314 SV812s-049    (0)   :  0.045 0.001 0.954 
315 SV812s-050    (1)   :  0.162 0.001 0.837 
316 SV812s-051    (0)   :  0.015 0.002 0.983 
317 SV812s-052    (0)   :  0.028 0.039 0.933 
318 SV912s-001    (1)   :  0.041 0.002 0.957 
319 SV912s-002    (0)   :  0.075 0.026 0.900 
320 SV912s-003    (0)   :  0.066 0.081 0.853 
321 SV912s-005    (1)   :  0.154 0.067 0.779 
322 SV912s-006    (1)   :  0.010 0.000 0.990 
323 SV912s-007    (0)   :  0.023 0.003 0.974 
324 SV912s-008    (1)   :  0.071 0.001 0.928 
325 SV912s-009    (0)   :  0.037 0.001 0.963 
326 SV912s-010    (1)   :  0.031 0.001 0.969 
327 SV912s-011    (1)   :  0.008 0.002 0.990 
328 SV912s-012    (1)   :  0.005 0.039 0.955 
329 SV912s-013    (0)   :  0.025 0.001 0.974 
330 SV912s-014    (1)   :  0.194 0.043 0.763 
331 SV912s-015    (0)   :  0.013 0.002 0.986 
332 SV912s-017    (0)   :  0.059 0.010 0.930 
333 SV912s-018    (1)   :  0.117 0.002 0.881 
334 SV912s-019    (1)   :  0.624 0.001 0.375 
335 SV912s-020    (1)   :  0.013 0.037 0.950 
336 SV912s-021    (0)   :  0.044 0.002 0.954 
337 SV912s-022    (0)   :  0.152 0.001 0.847 
338 SV912s-023    (0)   :  0.856 0.024 0.120 
339 SV912s-024    (0)   :  0.988 0.001 0.011 
340 SV912s-025    (1)   :  0.967 0.001 0.033 
341 TPZ0713-001    (1)   :  0.987 0.001 0.012 
342 TPZ0713-002    (1)   :  0.902 0.001 0.097 
343 TPZ0713-003    (0)   :  0.862 0.001 0.138 
344 TPZ0713-005    (0)   :  0.977 0.007 0.016 
345 TPZ0713-006    (1)   :  0.986 0.009 0.005 
346 TPZ0713-007    (1)   :  0.926 0.000 0.074 
347 TPZ0713-009    (1)   :  0.975 0.001 0.024 
348 TPZ0713-011    (1)   :  0.969 0.001 0.031 
349 TPZ0713-012    (1)   :  0.989 0.001 0.010 
350 TPZ0713-013    (0)   :  0.995 0.001 0.005 
351 TPZ0713-014    (1)   :  0.990 0.002 0.008 
352 TPZ0713-015    (0)   :  0.922 0.001 0.077 
353 TPZ0713-016    (0)   :  0.964 0.000 0.035 
354 TPZ0713-020    (1)   :  0.949 0.001 0.050 
355 TPZ0713-021    (1)   :  0.984 0.007 0.009 
356 TPZ0713-023    (0)   :  0.987 0.001 0.012 
357 TPZ0713-024    (1)   :  0.697 0.001 0.302 
358 TPZ0713-025    (1)   :  0.992 0.001 0.007 
359 TPZ0713-028    (1)   :  0.993 0.001 0.007 
360 TPZ0713-029    (1)   :  0.982 0.005 0.013 
361 WFM812s-049    (0)   :  0.035 0.000 0.965 
362 WFM812s-050    (1)   :  0.056 0.001 0.943 
363 WFM812s-051    (1)   :  0.011 0.001 0.988 
364 WFM812s-054    (0)   :  0.015 0.002 0.982 
365 WFM812s-056    (0)   :  0.026 0.001 0.973 
366 WFM812s-057    (1)   :  0.005 0.002 0.993 
367 WFM812s-058    (0)   :  0.099 0.003 0.899 
368 WFM812s-059    (0)   :  0.007 0.019 0.974 
369 WFM812s-060    (1)   :  0.001 0.217 0.782 
370 WFM812s-062    (0)   :  0.027 0.001 0.971 
371 WFM812s-063    (0)   :  0.289 0.003 0.707 
372 WFM812s-064    (0)   :  0.078 0.013 0.909 
373 WFM812s-065    (0)   :  0.025 0.001 0.973 
374 WFM812s-066    (0)   :  0.010 0.001 0.989 
375 WFM812s-067    (0)   :  0.017 0.004 0.979 
376 WFM812s-068    (1)   :  0.024 0.001 0.975 
377 WFM812s-069    (0)   :  0.425 0.002 0.574 
378 WFM812s-071    (0)   :  0.834 0.005 0.161 
379 WFM812s-072    (0)   :  0.019 0.007 0.975 
380 WFM812s-073    (1)   :  0.269 0.002 0.729 


Estimated Allele Frequencies in each cluster
First column gives estimated ancestral frequencies


Locus 1 : NC_035780.1:72 
2 alleles
1.1% missing data
   2   (0.800) 0.793 0.918 0.806 
   1   (0.200) 0.207 0.082 0.194 

Locus 2 : NC_035780.1:72 
2 alleles
1.1% missing data
   2   (0.890) 0.895 0.990 0.887 
   1   (0.110) 0.105 0.010 0.113 

Locus 3 : NC_035780.1:44 
2 alleles
0.3% missing data
   2   (0.931) 0.932 0.995 0.931 
   1   (0.069) 0.068 0.005 0.069 

Locus 4 : NC_035780.1:31 
2 alleles
0.0% missing data
   2   (0.903) 0.910 0.824 0.902 
   1   (0.097) 0.090 0.176 0.098 

Locus 5 : NC_035780.1:36 
2 alleles
0.0% missing data
   2   (0.669) 0.681 0.641 0.661 
   1   (0.331) 0.319 0.359 0.339 

Locus 6 : NC_035780.1:38 
2 alleles
0.0% missing data
   1   (0.176) 0.182 0.067 0.170 
   2   (0.824) 0.818 0.933 0.830 

Locus 7 : NC_035780.1:38 
2 alleles
0.0% missing data
   2   (0.787) 0.775 0.965 0.795 
   1   (0.213) 0.225 0.035 0.205 

Locus 8 : NC_035780.1:38 
2 alleles
0.0% missing data
   1   (0.112) 0.107 0.251 0.113 
   2   (0.888) 0.893 0.749 0.887 

Locus 9 : NC_035780.1:38 
2 alleles
0.0% missing data
   2   (0.914) 0.917 0.887 0.915 
   1   (0.086) 0.083 0.113 0.085 

Locus 10 : NC_035780.1:41 
2 alleles
3.2% missing data
   2   (0.828) 0.819 0.881 0.837 
   1   (0.172) 0.181 0.119 0.163 

Locus 11 : NC_035780.1:44 
2 alleles
0.0% missing data
   2   (0.900) 0.881 0.993 0.911 
   1   (0.100) 0.119 0.007 0.089 

Locus 12 : NC_035780.1:44 
2 alleles
0.0% missing data
   2   (0.904) 0.905 0.993 0.905 
   1   (0.096) 0.095 0.007 0.095 

Locus 13 : NC_035780.1:54 
2 alleles
3.7% missing data
   2   (0.912) 0.920 0.993 0.906 
   1   (0.088) 0.080 0.007 0.094 

Locus 14 : NC_035780.1:55 
2 alleles
0.3% missing data
   2   (0.933) 0.934 0.995 0.933 
   1   (0.067) 0.066 0.005 0.067 

Locus 15 : NC_035780.1:59 
2 alleles
0.0% missing data
   1   (0.405) 0.398 0.343 0.410 
   2   (0.595) 0.602 0.657 0.590 

Locus 16 : NC_035780.1:84 
2 alleles
1.8% missing data
   2   (0.911) 0.918 0.992 0.906 
   1   (0.089) 0.082 0.008 0.094 

Locus 17 : NC_035780.1:90 
2 alleles
1.3% missing data
   2   (0.914) 0.922 0.959 0.911 
   1   (0.086) 0.078 0.041 0.089 

Locus 18 : NC_035780.1:90 
2 alleles
1.3% missing data
   2   (0.935) 0.921 0.995 0.944 
   1   (0.065) 0.079 0.005 0.056 

Locus 19 : NC_035780.1:98 
2 alleles
0.0% missing data
   2   (0.846) 0.839 0.989 0.850 
   1   (0.154) 0.161 0.011 0.150 

Locus 20 : NC_035780.1:98 
2 alleles
0.0% missing data
   1   (0.492) 0.498 0.297 0.489 
   2   (0.508) 0.502 0.703 0.511 

Locus 21 : NC_035780.1:98 
2 alleles
0.0% missing data
   2   (0.819) 0.820 0.795 0.821 
   1   (0.181) 0.180 0.205 0.179 

Locus 22 : NC_035780.1:10 
2 alleles
3.9% missing data
   1   (0.265) 0.267 0.212 0.262 
   2   (0.735) 0.733 0.788 0.738 

Locus 23 : NC_035780.1:11 
2 alleles
0.0% missing data
   1   (0.157) 0.159 0.201 0.153 
   2   (0.843) 0.841 0.799 0.847 

Locus 24 : NC_035780.1:13 
2 alleles
0.0% missing data
   1   (0.195) 0.189 0.014 0.202 
   2   (0.805) 0.811 0.986 0.798 

Locus 25 : NC_035780.1:13 
2 alleles
0.0% missing data
   2   (0.724) 0.710 0.468 0.736 
   1   (0.276) 0.290 0.532 0.264 

Locus 26 : NC_035780.1:15 
2 alleles
0.3% missing data
   2   (0.943) 0.945 0.821 0.945 
   1   (0.057) 0.055 0.179 0.055 

Locus 27 : NC_035780.1:16 
2 alleles
0.0% missing data
   2   (0.910) 0.911 0.677 0.914 
   1   (0.090) 0.089 0.323 0.086 

Locus 28 : NC_035780.1:16 
2 alleles
0.0% missing data
   1   (0.169) 0.153 0.018 0.183 
   2   (0.831) 0.847 0.982 0.817 

Locus 29 : NC_035780.1:16 
2 alleles
5.8% missing data
   2   (0.926) 0.941 0.867 0.918 
   1   (0.074) 0.059 0.133 0.082 

Locus 30 : NC_035780.1:16 
2 alleles
5.8% missing data
   2   (0.942) 0.950 0.871 0.940 
   1   (0.058) 0.050 0.129 0.060 

Locus 31 : NC_035780.1:17 
2 alleles
0.0% missing data
   2   (0.906) 0.913 0.869 0.904 
   1   (0.094) 0.087 0.131 0.096 

Locus 32 : NC_035780.1:18 
2 alleles
0.3% missing data
   2   (0.922) 0.925 0.988 0.922 
   1   (0.078) 0.075 0.012 0.078 

Locus 33 : NC_035780.1:18 
2 alleles
1.3% missing data
   2   (0.939) 0.942 0.807 0.941 
   1   (0.061) 0.058 0.193 0.059 

Locus 34 : NC_035780.1:19 
2 alleles
0.0% missing data
   1   (0.282) 0.269 0.129 0.292 
   2   (0.718) 0.731 0.871 0.708 

Locus 35 : NC_035780.1:20 
2 alleles
0.5% missing data
   1   (0.460) 0.450 0.209 0.469 
   2   (0.540) 0.550 0.791 0.531 

Locus 36 : NC_035780.1:22 
2 alleles
1.6% missing data
   1   (0.208) 0.198 0.070 0.216 
   2   (0.792) 0.802 0.930 0.784 

Locus 37 : NC_035780.1:22 
2 alleles
1.6% missing data
   2   (0.879) 0.864 0.991 0.889 
   1   (0.121) 0.136 0.009 0.111 

Locus 38 : NC_035780.1:24 
2 alleles
0.0% missing data
   1   (0.465) 0.458 0.685 0.468 
   2   (0.535) 0.542 0.315 0.532 

Locus 39 : NC_035780.1:24 
2 alleles
0.0% missing data
   2   (0.860) 0.864 0.857 0.860 
   1   (0.140) 0.136 0.143 0.140 

Locus 40 : NC_035780.1:24 
2 alleles
0.0% missing data
   2   (0.892) 0.902 0.929 0.887 
   1   (0.108) 0.098 0.071 0.113 

Locus 41 : NC_035780.1:25 
2 alleles
0.3% missing data
   2   (0.818) 0.837 0.968 0.802 
   1   (0.182) 0.163 0.032 0.198 

Locus 42 : NC_035780.1:26 
2 alleles
0.8% missing data
   1   (0.352) 0.363 0.350 0.344 
   2   (0.648) 0.637 0.650 0.656 

Locus 43 : NC_035780.1:26 
2 alleles
0.8% missing data
   2   (0.819) 0.844 0.785 0.802 
   1   (0.181) 0.156 0.215 0.198 

Locus 44 : NC_035780.1:26 
2 alleles
0.0% missing data
   1   (0.297) 0.291 0.489 0.299 
   2   (0.703) 0.709 0.511 0.701 

Locus 45 : NC_035780.1:27 
2 alleles
0.0% missing data
   2   (0.909) 0.913 0.929 0.909 
   1   (0.091) 0.087 0.071 0.091 

Locus 46 : NC_035780.1:27 
2 alleles
0.0% missing data
   2   (0.964) 0.960 0.998 0.968 
   1   (0.036) 0.040 0.002 0.032 

Locus 47 : NC_035780.1:27 
2 alleles
3.4% missing data
   2   (0.871) 0.876 0.990 0.866 
   1   (0.129) 0.124 0.010 0.134 

Locus 48 : NC_035780.1:27 
2 alleles
3.4% missing data
   2   (0.878) 0.889 0.675 0.875 
   1   (0.122) 0.111 0.325 0.125 

Locus 49 : NC_035780.1:28 
2 alleles
3.9% missing data
   2   (0.958) 0.966 0.613 0.957 
   1   (0.042) 0.034 0.387 0.043 

Locus 50 : NC_035780.1:28 
2 alleles
3.9% missing data
   2   (0.911) 0.913 0.993 0.909 
   1   (0.089) 0.087 0.007 0.091 

Locus 51 : NC_035780.1:28 
2 alleles
0.0% missing data
   1   (0.486) 0.511 0.266 0.471 
   2   (0.514) 0.489 0.734 0.529 

Locus 52 : NC_035780.1:28 
2 alleles
0.0% missing data
   2   (0.906) 0.915 0.865 0.903 
   1   (0.094) 0.085 0.135 0.097 

Locus 53 : NC_035780.1:28 
2 alleles
1.1% missing data
   1   (0.178) 0.173 0.330 0.179 
   2   (0.822) 0.827 0.670 0.821 

Locus 54 : NC_035780.1:29 
2 alleles
0.0% missing data
   1   (0.196) 0.195 0.058 0.197 
   2   (0.804) 0.805 0.942 0.803 

Locus 55 : NC_035780.1:29 
2 alleles
0.0% missing data
   2   (0.944) 0.947 0.728 0.947 
   1   (0.056) 0.053 0.272 0.053 

Locus 56 : NC_035780.1:29 
2 alleles
0.0% missing data
   2   (0.831) 0.841 0.813 0.827 
   1   (0.169) 0.159 0.187 0.173 

Locus 57 : NC_035780.1:29 
2 alleles
0.0% missing data
   2   (0.906) 0.914 0.994 0.900 
   1   (0.094) 0.086 0.006 0.100 

Locus 58 : NC_035780.1:30 
2 alleles
0.3% missing data
   2   (0.932) 0.931 0.995 0.934 
   1   (0.068) 0.069 0.005 0.066 

Locus 59 : NC_035780.1:31 
2 alleles
0.8% missing data
   2   (0.892) 0.893 0.992 0.891 
   1   (0.108) 0.107 0.008 0.109 

Locus 60 : NC_035780.1:31 
2 alleles
0.8% missing data
   2   (0.640) 0.650 0.438 0.635 
   1   (0.360) 0.350 0.562 0.365 

Locus 61 : NC_035780.1:32 
2 alleles
0.0% missing data
   1   (0.370) 0.384 0.481 0.358 
   2   (0.630) 0.616 0.519 0.642 

Locus 62 : NC_035780.1:32 
2 alleles
0.0% missing data
   2   (0.727) 0.736 0.621 0.724 
   1   (0.273) 0.264 0.379 0.276 

Locus 63 : NC_035780.1:33 
2 alleles
3.4% missing data
   2   (0.948) 0.945 0.996 0.951 
   1   (0.052) 0.055 0.004 0.049 

Locus 64 : NC_035780.1:33 
2 alleles
3.4% missing data
   2   (0.831) 0.832 0.418 0.835 
   1   (0.169) 0.168 0.582 0.165 

Locus 65 : NC_035780.1:37 
2 alleles
0.3% missing data
   2   (0.921) 0.916 0.889 0.927 
   1   (0.079) 0.084 0.111 0.073 

Locus 66 : NC_035780.1:37 
2 alleles
0.3% missing data
   2   (0.874) 0.877 0.991 0.872 
   1   (0.126) 0.123 0.009 0.128 

Locus 67 : NC_035780.1:37 
2 alleles
0.0% missing data
   2   (0.922) 0.916 0.995 0.927 
   1   (0.078) 0.084 0.005 0.073 

Locus 68 : NC_035780.1:37 
2 alleles
0.0% missing data
   2   (0.804) 0.791 0.876 0.814 
   1   (0.196) 0.209 0.124 0.186 

Locus 69 : NC_035780.1:37 
2 alleles
0.0% missing data
   1   (0.140) 0.135 0.054 0.142 
   2   (0.860) 0.865 0.946 0.858 

Locus 70 : NC_035780.1:39 
2 alleles
0.0% missing data
   2   (0.923) 0.913 0.994 0.931 
   1   (0.077) 0.087 0.006 0.069 

Locus 71 : NC_035780.1:39 
2 alleles
0.0% missing data
   2   (0.845) 0.845 0.934 0.846 
   1   (0.155) 0.155 0.066 0.154 

Locus 72 : NC_035780.1:39 
2 alleles
0.0% missing data
   1   (0.309) 0.303 0.588 0.309 
   2   (0.691) 0.697 0.412 0.691 

Locus 73 : NC_035780.1:39 
2 alleles
0.0% missing data
   1   (0.130) 0.135 0.018 0.127 
   2   (0.870) 0.865 0.982 0.873 

Locus 74 : NC_035780.1:39 
2 alleles
2.9% missing data
   2   (0.670) 0.671 0.589 0.671 
   1   (0.330) 0.329 0.411 0.329 

Locus 75 : NC_035780.1:39 
2 alleles
0.3% missing data
   2   (0.879) 0.887 0.734 0.877 
   1   (0.121) 0.113 0.266 0.123 

Locus 76 : NC_035780.1:39 
2 alleles
0.3% missing data
   2   (0.885) 0.883 0.986 0.886 
   1   (0.115) 0.117 0.014 0.114 

Locus 77 : NC_035780.1:39 
2 alleles
0.3% missing data
   2   (0.537) 0.519 0.662 0.549 
   1   (0.463) 0.481 0.338 0.451 

Locus 78 : NC_035780.1:39 
2 alleles
0.3% missing data
   2   (0.970) 0.972 0.998 0.971 
   1   (0.030) 0.028 0.002 0.029 

Locus 79 : NC_035780.1:51 
2 alleles
0.3% missing data
   2   (0.963) 0.968 0.998 0.961 
   1   (0.037) 0.032 0.002 0.039 

Locus 80 : NC_035780.1:51 
2 alleles
1.3% missing data
   1   (0.323) 0.327 0.402 0.319 
   2   (0.677) 0.673 0.598 0.681 

Locus 81 : NC_035780.1:55 
2 alleles
0.0% missing data
   2   (0.905) 0.905 0.994 0.904 
   1   (0.095) 0.095 0.006 0.096 

Locus 82 : NC_035780.1:55 
2 alleles
2.1% missing data
   2   (0.780) 0.771 0.611 0.789 
   1   (0.220) 0.229 0.389 0.211 

Locus 83 : NC_035780.1:55 
2 alleles
0.5% missing data
   2   (0.855) 0.852 0.922 0.860 
   1   (0.145) 0.148 0.078 0.140 

Locus 84 : NC_035780.1:57 
2 alleles
0.0% missing data
   2   (0.950) 0.959 0.772 0.947 
   1   (0.050) 0.041 0.228 0.053 

Locus 85 : NC_035780.1:63 
2 alleles
2.1% missing data
   2   (0.947) 0.940 0.817 0.956 
   1   (0.053) 0.060 0.183 0.044 

Locus 86 : NC_035780.1:63 
2 alleles
1.3% missing data
   2   (0.897) 0.909 0.960 0.890 
   1   (0.103) 0.091 0.040 0.110 

Locus 87 : NC_035780.1:63 
2 alleles
1.3% missing data
   2   (0.735) 0.723 0.565 0.747 
   1   (0.265) 0.277 0.435 0.253 

Locus 88 : NC_035780.1:65 
2 alleles
0.0% missing data
   2   (0.863) 0.865 0.915 0.864 
   1   (0.137) 0.135 0.085 0.136 

Locus 89 : NC_035780.1:65 
2 alleles
0.0% missing data
   2   (0.960) 0.969 0.875 0.956 
   1   (0.040) 0.031 0.125 0.044 

Locus 90 : NC_035780.1:65 
2 alleles
0.0% missing data
   1   (0.233) 0.238 0.082 0.229 
   2   (0.767) 0.762 0.918 0.771 

Locus 91 : NC_035780.1:65 
2 alleles
0.0% missing data
   1   (0.254) 0.262 0.167 0.248 
   2   (0.746) 0.738 0.833 0.752 

Locus 92 : NC_035780.1:70 
2 alleles
2.4% missing data
   2   (0.922) 0.927 0.875 0.923 
   1   (0.078) 0.073 0.125 0.077 

Locus 93 : NC_035780.1:70 
2 alleles
0.3% missing data
   2   (0.955) 0.949 0.753 0.964 
   1   (0.045) 0.051 0.247 0.036 

Locus 94 : NC_035780.1:70 
2 alleles
0.3% missing data
   1   (0.211) 0.210 0.218 0.209 
   2   (0.789) 0.790 0.782 0.791 

Locus 95 : NC_035780.1:71 
2 alleles
1.6% missing data
   1   (0.416) 0.424 0.314 0.411 
   2   (0.584) 0.576 0.686 0.589 

Locus 96 : NC_035780.1:72 
2 alleles
0.0% missing data
   2   (0.931) 0.913 0.987 0.942 
   1   (0.069) 0.087 0.013 0.058 

Locus 97 : NC_035780.1:74 
2 alleles
1.1% missing data
   2   (0.946) 0.945 0.699 0.951 
   1   (0.054) 0.055 0.301 0.049 

Locus 98 : NC_035780.1:75 
2 alleles
0.5% missing data
   2   (0.796) 0.808 0.871 0.789 
   1   (0.204) 0.192 0.129 0.211 

Locus 99 : NC_035780.1:75 
2 alleles
0.5% missing data
   2   (0.866) 0.858 0.744 0.876 
   1   (0.134) 0.142 0.256 0.124 

Locus 100 : NC_035780.1:75 
2 alleles
1.1% missing data
   2   (0.928) 0.937 0.994 0.922 
   1   (0.072) 0.063 0.006 0.078 

Locus 101 : NC_035780.1:75 
2 alleles
0.0% missing data
   1   (0.472) 0.460 0.699 0.479 
   2   (0.528) 0.540 0.301 0.521 

Locus 102 : NC_035780.1:75 
2 alleles
0.3% missing data
   2   (0.901) 0.909 0.757 0.899 
   1   (0.099) 0.091 0.243 0.101 

Locus 103 : NC_035780.1:76 
2 alleles
2.9% missing data
   1   (0.339) 0.342 0.609 0.333 
   2   (0.661) 0.658 0.391 0.667 

Locus 104 : NC_035780.1:76 
2 alleles
2.9% missing data
   2   (0.934) 0.921 0.995 0.943 
   1   (0.066) 0.079 0.005 0.057 

Locus 105 : NC_035780.1:77 
2 alleles
4.5% missing data
   2   (0.848) 0.874 0.926 0.829 
   1   (0.152) 0.126 0.074 0.171 

Locus 106 : NC_035780.1:77 
2 alleles
4.5% missing data
   2   (0.901) 0.898 0.663 0.909 
   1   (0.099) 0.102 0.337 0.091 

Locus 107 : NC_035780.1:79 
2 alleles
0.0% missing data
   2   (0.925) 0.927 0.871 0.928 
   1   (0.075) 0.073 0.129 0.072 

Locus 108 : NC_035780.1:81 
2 alleles
0.0% missing data
   1   (0.459) 0.448 0.120 0.470 
   2   (0.541) 0.552 0.880 0.530 

Locus 109 : NC_035780.1:81 
2 alleles
0.0% missing data
   2   (0.879) 0.868 0.959 0.888 
   1   (0.121) 0.132 0.041 0.112 

Locus 110 : NC_035780.1:81 
2 alleles
0.0% missing data
   1   (0.381) 0.371 0.440 0.387 
   2   (0.619) 0.629 0.560 0.613 

Locus 111 : NC_035780.1:82 
2 alleles
0.0% missing data
   2   (0.926) 0.923 0.906 0.931 
   1   (0.074) 0.077 0.094 0.069 

Locus 112 : NC_035780.1:83 
2 alleles
3.4% missing data
   1   (0.160) 0.162 0.011 0.161 
   2   (0.840) 0.838 0.989 0.839 

Locus 113 : NC_035780.1:83 
2 alleles
3.4% missing data
   2   (0.937) 0.947 0.996 0.929 
   1   (0.063) 0.053 0.004 0.071 

Locus 114 : NC_035780.1:83 
2 alleles
0.0% missing data
   2   (0.932) 0.931 0.931 0.937 
   1   (0.068) 0.069 0.069 0.063 

Locus 115 : NC_035780.1:83 
2 alleles
0.0% missing data
   2   (0.876) 0.874 0.600 0.882 
   1   (0.124) 0.126 0.400 0.118 

Locus 116 : NC_035780.1:84 
2 alleles
0.0% missing data
   2   (0.907) 0.907 0.720 0.911 
   1   (0.093) 0.093 0.280 0.089 

Locus 117 : NC_035780.1:85 
2 alleles
0.3% missing data
   2   (0.888) 0.884 0.883 0.894 
   1   (0.112) 0.116 0.117 0.106 

Locus 118 : NC_035780.1:85 
2 alleles
0.3% missing data
   2   (0.582) 0.572 0.855 0.586 
   1   (0.418) 0.428 0.145 0.414 

Locus 119 : NC_035780.1:86 
2 alleles
0.0% missing data
   2   (0.912) 0.926 0.882 0.904 
   1   (0.088) 0.074 0.118 0.096 

Locus 120 : NC_035780.1:86 
2 alleles
0.0% missing data
   2   (0.593) 0.564 0.695 0.613 
   1   (0.407) 0.436 0.305 0.387 

Locus 121 : NC_035780.1:86 
2 alleles
0.0% missing data
   2   (0.959) 0.962 0.997 0.959 
   1   (0.041) 0.038 0.003 0.041 

Locus 122 : NC_035780.1:86 
2 alleles
0.0% missing data
   2   (0.955) 0.952 0.997 0.958 
   1   (0.045) 0.048 0.003 0.042 

Locus 123 : NC_035780.1:86 
2 alleles
0.0% missing data
   1   (0.184) 0.173 0.088 0.192 
   2   (0.816) 0.827 0.912 0.808 

Locus 124 : NC_035780.1:86 
2 alleles
0.0% missing data
   2   (0.915) 0.920 0.961 0.914 
   1   (0.085) 0.080 0.039 0.086 

Locus 125 : NC_035780.1:86 
2 alleles
0.0% missing data
   1   (0.154) 0.146 0.100 0.157 
   2   (0.846) 0.854 0.900 0.843 

Locus 126 : NC_035780.1:86 
2 alleles
0.0% missing data
   2   (0.911) 0.908 0.753 0.918 
   1   (0.089) 0.092 0.247 0.082 

Locus 127 : NC_035780.1:86 
2 alleles
0.0% missing data
   1   (0.176) 0.178 0.046 0.174 
   2   (0.824) 0.822 0.954 0.826 

Locus 128 : NC_035780.1:86 
2 alleles
0.0% missing data
   2   (0.907) 0.908 0.885 0.910 
   1   (0.093) 0.092 0.115 0.090 

Locus 129 : NC_035780.1:87 
2 alleles
0.3% missing data
   2   (0.801) 0.791 0.706 0.810 
   1   (0.199) 0.209 0.294 0.190 

Locus 130 : NC_035780.1:87 
2 alleles
0.0% missing data
   1   (0.303) 0.315 0.311 0.292 
   2   (0.697) 0.685 0.689 0.708 

Locus 131 : NC_035780.1:87 
2 alleles
0.0% missing data
   1   (0.276) 0.276 0.282 0.275 
   2   (0.724) 0.724 0.718 0.725 

Locus 132 : NC_035780.1:87 
2 alleles
0.0% missing data
   2   (0.711) 0.710 0.745 0.713 
   1   (0.289) 0.290 0.255 0.287 

Locus 133 : NC_035780.1:88 
2 alleles
0.8% missing data
   2   (0.691) 0.694 0.965 0.686 
   1   (0.309) 0.306 0.035 0.314 

Locus 134 : NC_035780.1:88 
2 alleles
0.8% missing data
   1   (0.221) 0.220 0.027 0.223 
   2   (0.779) 0.780 0.973 0.777 

Locus 135 : NC_035780.1:88 
2 alleles
0.0% missing data
   1   (0.331) 0.320 0.222 0.338 
   2   (0.669) 0.680 0.778 0.662 

Locus 136 : NC_035780.1:89 
2 alleles
4.7% missing data
   1   (0.113) 0.100 0.030 0.121 
   2   (0.887) 0.900 0.970 0.879 

Locus 137 : NC_035780.1:89 
2 alleles
4.7% missing data
   2   (0.880) 0.878 0.992 0.882 
   1   (0.120) 0.122 0.008 0.118 

Locus 138 : NC_035780.1:89 
2 alleles
4.5% missing data
   2   (0.546) 0.537 0.257 0.555 
   1   (0.454) 0.463 0.743 0.445 

Locus 139 : NC_035780.1:89 
2 alleles
0.0% missing data
   2   (0.671) 0.687 0.716 0.660 
   1   (0.329) 0.313 0.284 0.340 

Locus 140 : NC_035780.1:90 
2 alleles
0.8% missing data
   2   (0.952) 0.957 0.896 0.952 
   1   (0.048) 0.043 0.104 0.048 

Locus 141 : NC_035780.1:90 
2 alleles
0.3% missing data
   1   (0.100) 0.107 0.007 0.095 
   2   (0.900) 0.893 0.993 0.905 

Locus 142 : NC_035780.1:90 
2 alleles
0.3% missing data
   2   (0.605) 0.603 0.460 0.608 
   1   (0.395) 0.397 0.540 0.392 

Locus 143 : NC_035780.1:92 
2 alleles
0.0% missing data
   1   (0.176) 0.184 0.012 0.173 
   2   (0.824) 0.816 0.988 0.827 

Locus 144 : NC_035780.1:92 
2 alleles
0.0% missing data
   2   (0.860) 0.867 0.990 0.854 
   1   (0.140) 0.133 0.010 0.146 

Locus 145 : NC_035780.1:92 
2 alleles
0.0% missing data
   2   (0.827) 0.826 0.450 0.833 
   1   (0.173) 0.174 0.550 0.167 

Locus 146 : NC_035780.1:94 
2 alleles
1.6% missing data
   2   (0.927) 0.915 0.995 0.935 
   1   (0.073) 0.085 0.005 0.065 

Locus 147 : NC_035780.1:94 
2 alleles
1.6% missing data
   2   (0.670) 0.640 0.637 0.692 
   1   (0.330) 0.360 0.363 0.308 

Locus 148 : NC_035780.1:95 
2 alleles
1.8% missing data
   1   (0.230) 0.201 0.052 0.254 
   2   (0.770) 0.799 0.948 0.746 

Locus 149 : NC_035780.1:95 
2 alleles
1.8% missing data
   2   (0.853) 0.841 0.732 0.864 
   1   (0.147) 0.159 0.268 0.136 

Locus 150 : NC_035780.1:95 
2 alleles
0.0% missing data
   2   (0.529) 0.534 0.549 0.526 
   1   (0.471) 0.466 0.451 0.474 

Locus 151 : NC_035780.1:95 
2 alleles
0.0% missing data
   2   (0.882) 0.881 0.697 0.887 
   1   (0.118) 0.119 0.303 0.113 

Locus 152 : NC_035780.1:95 
2 alleles
1.6% missing data
   2   (0.912) 0.908 0.975 0.917 
   1   (0.088) 0.092 0.025 0.083 

Locus 153 : NC_035780.1:97 
2 alleles
0.0% missing data
   1   (0.051) 0.044 0.358 0.051 
   2   (0.949) 0.956 0.642 0.949 

Locus 154 : NC_035780.1:97 
2 alleles
0.0% missing data
   2   (0.942) 0.950 0.747 0.940 
   1   (0.058) 0.050 0.253 0.060 

Locus 155 : NC_035780.1:97 
2 alleles
0.0% missing data
   1   (0.156) 0.151 0.115 0.158 
   2   (0.844) 0.849 0.885 0.842 

Locus 156 : NC_035780.1:97 
2 alleles
1.6% missing data
   2   (0.547) 0.537 0.323 0.557 
   1   (0.453) 0.463 0.677 0.443 

Locus 157 : NC_035780.1:97 
2 alleles
1.6% missing data
   2   (0.912) 0.926 0.842 0.905 
   1   (0.088) 0.074 0.158 0.095 

Locus 158 : NC_035780.1:99 
2 alleles
0.5% missing data
   2   (0.520) 0.517 0.311 0.524 
   1   (0.480) 0.483 0.689 0.476 

Locus 159 : NC_035780.1:99 
2 alleles
0.5% missing data
   2   (0.938) 0.941 0.965 0.938 
   1   (0.062) 0.059 0.035 0.062 

Locus 160 : NC_035780.1:99 
2 alleles
0.5% missing data
   2   (0.764) 0.779 0.771 0.755 
   1   (0.236) 0.221 0.229 0.245 

Locus 161 : NC_035780.1:99 
2 alleles
0.5% missing data
   1   (0.109) 0.110 0.052 0.105 
   2   (0.891) 0.890 0.948 0.895 

Locus 162 : NC_035780.1:99 
2 alleles
2.9% missing data
