

----------------------------------------------------
STRUCTURE by Pritchard, Stephens and Donnelly (2000)
     and Falush, Stephens and Pritchard (2003)
       Code by Pritchard, Falush and Hubisz
             Version 2.3.4 (Jul 2012)
----------------------------------------------------



Command line arguments:   /programs/structure_2_3_4/bin/structure -K 4 -i /workdir/yc2644/CV_NYC_ddRAD/structure/n380_all_cor/threader_input/n380_all_SNP.DP3g95p10maf05.HWE.mod.biallelic.all_exGRV.n396_indep_50_1_0.2_pruned.nochr156invers.n380_refil.recode.strct_in -o /workdir/yc2644/CV_NYC_ddRAD/structure/n380_all_cor/str_K4_rep7 -D 786598 -m /workdir/yc2644/CV_NYC_ddRAD/structure/n380_all_cor/threader_input/mainparams -e /workdir/yc2644/CV_NYC_ddRAD/structure/n380_all_cor/threader_input/extraparams 
Input File:    /workdir/yc2644/CV_NYC_ddRAD/structure/n380_all_cor/threader_input/n380_all_SNP.DP3g95p10maf05.HWE.mod.biallelic.all_exGRV.n396_indep_50_1_0.2_pruned.nochr156invers.n380_refil.recode.strct_in

Run parameters:
   380 individuals
   5625 loci
   4 populations assumed
   10000 Burn-in period
   20000 Reps
RANDOMIZE turned off


--------------------------------------------
Overall proportion of membership of the
sample in each of the 4 clusters

Inferred Clusters
  1      2      3      4    
0.331  0.079  0.248  0.343  

--------------------------------------------

Allele-freq. divergence among pops (Net nucleotide distance),
computed using point estimates of P.

      1       2       3       4      
 1      -    0.0235  0.0004  0.0005  
 2   0.0235     -    0.0231  0.0229  
 3   0.0004  0.0231     -    0.0003  
 4   0.0005  0.0229  0.0003     -    

Average distances (expected heterozygosity) between individuals in same cluster:
cluster  1  : 0.2542 
cluster  2  : 0.2215 
cluster  3  : 0.2552 
cluster  4  : 0.2549 

--------------------------------------------
Estimated Ln Prob of Data   = -1715503.8
Mean value of ln likelihood = -1704423.1
Variance of ln likelihood   = 22161.4
Mean value of alpha         = 0.0895

Mean value of Fst_1         = 0.0054
Mean value of Fst_2         = 0.2133
Mean value of Fst_3         = 0.0038
Mean value of Fst_4         = 0.0041


Inferred ancestry of individuals:
        Label (%Miss) :  Inferred clusters
  1 AB812s-002    (1)   :  0.056 0.004 0.048 0.891 
  2 AB812s-004    (0)   :  0.043 0.004 0.022 0.930 
  3 AB812s-005    (0)   :  0.028 0.031 0.170 0.771 
  4 AB812s-008    (1)   :  0.005 0.011 0.032 0.952 
  5 AB812s-009    (1)   :  0.033 0.005 0.947 0.016 
  6 AB812s-011    (0)   :  0.026 0.018 0.446 0.511 
  7 AB812s-012    (1)   :  0.191 0.001 0.163 0.645 
  8 AB812s-013    (0)   :  0.016 0.002 0.211 0.771 
  9 AB812s-014    (0)   :  0.062 0.001 0.028 0.910 
 10 AB812s-015    (0)   :  0.072 0.003 0.022 0.903 
 11 AB812s-017    (0)   :  0.022 0.002 0.088 0.888 
 12 AB812s-018    (0)   :  0.082 0.010 0.469 0.439 
 13 AB812s-019    (1)   :  0.015 0.004 0.829 0.153 
 14 AB812s-020    (1)   :  0.060 0.005 0.171 0.764 
 15 AB812s-021    (1)   :  0.029 0.004 0.055 0.912 
 16 AB812s-022    (0)   :  0.021 0.022 0.932 0.025 
 17 AB812s-024    (0)   :  0.099 0.009 0.117 0.774 
 18 AB812s-027    (0)   :  0.014 0.138 0.013 0.836 
 19 AB812s-029    (0)   :  0.029 0.023 0.663 0.286 
 20 AB812s-030    (0)   :  0.757 0.004 0.037 0.202 
 21 AB812s-031    (0)   :  0.851 0.076 0.051 0.022 
 22 AB812s-032    (0)   :  0.209 0.026 0.030 0.736 
 23 FI1012-001    (1)   :  0.000 1.000 0.000 0.000 
 24 FI1012-001r    (0)   :  0.000 0.999 0.000 0.000 
 25 FI1012-002    (0)   :  0.000 0.999 0.000 0.000 
 26 FI1012-005    (1)   :  0.001 0.996 0.002 0.001 
 27 FI1012-007    (1)   :  0.001 0.998 0.001 0.001 
 28 FI1012-010    (1)   :  0.000 0.999 0.000 0.000 
 29 FI1012-011    (1)   :  0.006 0.973 0.012 0.009 
 30 FI1012-012    (1)   :  0.000 0.999 0.000 0.000 
 31 FI1012-013    (0)   :  0.000 0.999 0.000 0.000 
 32 FI1012-014    (1)   :  0.000 0.999 0.000 0.000 
 33 FI1012-016    (1)   :  0.000 0.999 0.000 0.000 
 34 FI1012-019    (1)   :  0.006 0.978 0.007 0.009 
 35 FI1012-020    (0)   :  0.000 0.999 0.000 0.000 
 36 FIS1013a-00    (1)   :  0.047 0.892 0.025 0.036 
 37 FIS1013a-00    (1)   :  0.024 0.929 0.022 0.024 
 38 FIS1013a-00    (0)   :  0.007 0.713 0.013 0.267 
 39 FIS1013a-00    (1)   :  0.023 0.946 0.015 0.017 
 40 FIS1013a-00    (1)   :  0.045 0.843 0.042 0.070 
 41 FIS1013a-01    (0)   :  0.003 0.900 0.030 0.067 
 42 FIS1013a-01    (0)   :  0.018 0.882 0.036 0.064 
 43 FIS1013a-01    (1)   :  0.056 0.798 0.010 0.136 
 44 FIS1013a-01    (1)   :  0.035 0.701 0.029 0.235 
 45 FIS1013a-01    (1)   :  0.013 0.953 0.021 0.013 
 46 FIS1013a-02    (1)   :  0.003 0.989 0.004 0.003 
 47 FIS1013a-02    (1)   :  0.087 0.856 0.034 0.023 
 48 FIS1013a-02    (1)   :  0.017 0.878 0.070 0.035 
 49 FIS1013a-02    (1)   :  0.042 0.909 0.017 0.032 
 50 HH0512a-001    (1)   :  0.083 0.001 0.910 0.006 
 51 HH0512a-002    (0)   :  0.910 0.001 0.085 0.005 
 52 HH0512a-004    (0)   :  0.076 0.002 0.884 0.038 
 53 HH0512a-006    (0)   :  0.907 0.001 0.060 0.032 
 54 HH0512a-007    (1)   :  0.928 0.004 0.011 0.056 
 55 HH0512a-009    (0)   :  0.098 0.002 0.526 0.374 
 56 HH0512a-010    (0)   :  0.024 0.001 0.804 0.171 
 57 HH0512a-012    (0)   :  0.067 0.002 0.892 0.039 
 58 HH0512a-013    (1)   :  0.047 0.010 0.917 0.026 
 59 HH0512a-015    (0)   :  0.201 0.003 0.056 0.741 
 60 HH0512a-017    (0)   :  0.044 0.009 0.898 0.049 
 61 HH0512a-018    (1)   :  0.151 0.001 0.840 0.008 
 62 HH0512a-020    (1)   :  0.032 0.000 0.953 0.014 
 63 HH0512a-021    (1)   :  0.947 0.002 0.012 0.039 
 64 HH0512a-022    (0)   :  0.319 0.001 0.654 0.026 
 65 HH0512a-023    (0)   :  0.808 0.001 0.111 0.079 
 66 HH0512a-029    (0)   :  0.901 0.006 0.081 0.012 
 67 HH1013a-001    (1)   :  0.136 0.002 0.856 0.007 
 68 HH1013a-002    (0)   :  0.057 0.002 0.743 0.198 
 69 HH1013a-003    (0)   :  0.969 0.009 0.008 0.014 
 70 HH1013a-005    (0)   :  0.952 0.006 0.024 0.018 
 71 HH1013a-006    (0)   :  0.061 0.002 0.843 0.093 
 72 HH1013a-007    (0)   :  0.967 0.001 0.024 0.007 
 73 HH1013a-009    (0)   :  0.561 0.004 0.404 0.031 
 74 HH1013a-010    (0)   :  0.218 0.004 0.766 0.013 
 75 HH1013a-011    (1)   :  0.962 0.001 0.020 0.018 
 76 HH1013a-012    (0)   :  0.788 0.002 0.026 0.184 
 77 HH1013a-013    (0)   :  0.064 0.004 0.061 0.872 
 78 HH1013a-014    (1)   :  0.432 0.002 0.204 0.362 
 79 HH1013a-015    (1)   :  0.019 0.002 0.967 0.013 
 80 HH1013a-016    (0)   :  0.937 0.005 0.050 0.009 
 81 HH1013a-017    (0)   :  0.612 0.003 0.122 0.263 
 82 HH1013a-018    (1)   :  0.901 0.016 0.058 0.025 
 83 HH1013a-019    (0)   :  0.854 0.004 0.094 0.049 
 84 HH1013a-020    (0)   :  0.090 0.001 0.736 0.173 
 85 HH1013a-021    (0)   :  0.414 0.002 0.533 0.051 
 86 HH1013a-022    (0)   :  0.006 0.016 0.898 0.080 
 87 HH1013a-023    (1)   :  0.636 0.002 0.338 0.023 
 88 HH1013a-024    (1)   :  0.680 0.003 0.301 0.016 
 89 HH1013s-001    (1)   :  0.860 0.009 0.046 0.085 
 90 HH1013s-002    (1)   :  0.739 0.004 0.055 0.203 
 91 HH1013s-003    (0)   :  0.272 0.008 0.035 0.685 
 92 HH1013s-005    (1)   :  0.177 0.001 0.779 0.043 
 93 HH1013s-006    (1)   :  0.092 0.004 0.870 0.034 
 94 HH1013s-007    (0)   :  0.083 0.001 0.901 0.014 
 95 HH1013s-008    (0)   :  0.965 0.001 0.020 0.014 
 96 HH1013s-009    (1)   :  0.359 0.002 0.623 0.016 
 97 HH1013s-010    (1)   :  0.927 0.002 0.043 0.029 
 98 HH1013s-011    (1)   :  0.960 0.005 0.026 0.009 
 99 HH1013s-012    (1)   :  0.729 0.001 0.186 0.085 
100 HH1013s-013    (0)   :  0.515 0.001 0.469 0.015 
101 HH1013s-014    (0)   :  0.151 0.001 0.834 0.015 
102 HH1013s-016    (1)   :  0.806 0.002 0.161 0.031 
103 HH1013s-017    (1)   :  0.973 0.005 0.009 0.013 
104 HH1013s-018    (1)   :  0.024 0.002 0.926 0.048 
105 HH1013s-019    (0)   :  0.220 0.001 0.343 0.436 
106 HH1013s-020    (0)   :  0.882 0.005 0.059 0.054 
107 HH1013s-021    (1)   :  0.891 0.001 0.087 0.022 
108 HH1013s-022    (0)   :  0.782 0.001 0.106 0.111 
109 HH1013s-023    (0)   :  0.399 0.004 0.538 0.059 
110 HH1013s-024    (0)   :  0.809 0.003 0.147 0.041 
111 HH1013s-025    (1)   :  0.755 0.011 0.200 0.033 
112 HH812s-001    (1)   :  0.793 0.006 0.175 0.027 
113 HH812s-003    (1)   :  0.873 0.007 0.063 0.056 
114 HH812s-006    (0)   :  0.760 0.002 0.209 0.029 
115 HH812s-010    (1)   :  0.713 0.003 0.272 0.011 
116 HH812s-013    (0)   :  0.889 0.009 0.075 0.027 
117 HH812s-018    (0)   :  0.776 0.002 0.034 0.187 
118 HH812s-019    (1)   :  0.141 0.020 0.584 0.255 
119 HH812s-024    (0)   :  0.937 0.003 0.041 0.019 
120 HH812s-025    (0)   :  0.820 0.002 0.086 0.092 
121 HH812s-030    (0)   :  0.736 0.022 0.140 0.103 
122 HH812s-035    (0)   :  0.971 0.002 0.018 0.009 
123 HH812s-036    (1)   :  0.891 0.001 0.051 0.057 
124 HH812s-037    (0)   :  0.804 0.001 0.063 0.132 
125 HH812s-039    (1)   :  0.707 0.002 0.044 0.247 
126 HH812s-040    (0)   :  0.118 0.001 0.851 0.030 
127 HH812s-042    (0)   :  0.659 0.001 0.327 0.013 
128 HH812s-046    (0)   :  0.873 0.002 0.114 0.011 
129 HH812s-048    (0)   :  0.969 0.002 0.017 0.013 
130 HH812s-050    (1)   :  0.824 0.004 0.148 0.024 
131 HH812s-052    (1)   :  0.786 0.008 0.044 0.163 
132 HH812s-054    (1)   :  0.909 0.002 0.028 0.061 
133 HH812s-056    (1)   :  0.851 0.017 0.107 0.025 
134 HH912s-109    (0)   :  0.880 0.003 0.100 0.018 
135 HH912s-110    (0)   :  0.031 0.001 0.959 0.009 
136 HH912s-111    (0)   :  0.088 0.001 0.891 0.019 
137 HH912s-113    (0)   :  0.897 0.001 0.051 0.050 
138 HH912s-114    (0)   :  0.273 0.002 0.173 0.552 
139 HH912s-115    (0)   :  0.952 0.010 0.028 0.011 
140 HH912s-116    (1)   :  0.082 0.001 0.854 0.063 
141 HH912s-117    (0)   :  0.243 0.005 0.691 0.061 
142 HH912s-118    (1)   :  0.448 0.005 0.026 0.521 
143 HH912s-119    (1)   :  0.822 0.002 0.095 0.081 
144 HH912s-120    (0)   :  0.741 0.001 0.188 0.071 
145 HH912s-121    (0)   :  0.942 0.001 0.042 0.014 
146 HH912s-122    (1)   :  0.101 0.003 0.882 0.014 
147 HH912s-123    (0)   :  0.922 0.002 0.036 0.040 
148 HH912s-124    (0)   :  0.033 0.002 0.956 0.009 
149 HH912s-125    (0)   :  0.036 0.005 0.907 0.052 
150 HH912s-126    (0)   :  0.065 0.005 0.852 0.078 
151 HH912s-127    (0)   :  0.900 0.002 0.056 0.042 
152 HH912s-128    (0)   :  0.800 0.004 0.175 0.020 
153 HH912s-129    (0)   :  0.714 0.002 0.217 0.068 
154 HH912s-130    (0)   :  0.834 0.004 0.031 0.131 
155 HH912s-131    (0)   :  0.394 0.003 0.575 0.028 
156 HH912s-132    (0)   :  0.603 0.004 0.023 0.370 
157 IRV1012-001    (0)   :  0.188 0.015 0.733 0.064 
158 IRV1012-002    (0)   :  0.809 0.002 0.111 0.078 
159 IRV1012-003    (0)   :  0.963 0.003 0.017 0.017 
160 IRV1012-004    (1)   :  0.761 0.002 0.216 0.021 
161 IRV1012-006    (0)   :  0.924 0.001 0.053 0.022 
162 IRV1012-007    (0)   :  0.748 0.002 0.080 0.170 
163 IRV1012-008    (0)   :  0.143 0.002 0.062 0.793 
164 IRV1012-009    (1)   :  0.402 0.001 0.425 0.171 
165 IRV1012-010    (0)   :  0.893 0.002 0.035 0.069 
166 IRV1012-011    (0)   :  0.915 0.002 0.050 0.033 
167 IRV1012-012    (0)   :  0.032 0.002 0.576 0.391 
168 IRV1012-013    (0)   :  0.014 0.006 0.939 0.042 
169 IRV1012-014    (0)   :  0.947 0.001 0.016 0.036 
170 IRV1012-015    (0)   :  0.955 0.003 0.015 0.027 
171 IRV1012-016    (0)   :  0.523 0.001 0.370 0.105 
172 IRV1012-017    (0)   :  0.666 0.002 0.200 0.133 
173 IRV1012-018    (1)   :  0.700 0.002 0.151 0.148 
174 IRV1012-019    (0)   :  0.609 0.005 0.363 0.023 
175 IRV1012-020    (0)   :  0.227 0.001 0.172 0.600 
176 IRV1012-021    (0)   :  0.851 0.006 0.126 0.016 
177 IRV1012-022    (0)   :  0.988 0.001 0.005 0.007 
178 IRV1012-023    (0)   :  0.916 0.001 0.049 0.033 
179 IRV1012-024    (1)   :  0.028 0.012 0.947 0.013 
180 NTC1013a-00    (0)   :  0.014 0.031 0.674 0.281 
181 NTC1013a-00    (1)   :  0.030 0.004 0.045 0.921 
182 NTC1013a-00    (0)   :  0.319 0.003 0.173 0.505 
183 NTC1013a-00    (1)   :  0.095 0.008 0.106 0.791 
184 NTC1013a-00    (1)   :  0.082 0.055 0.040 0.823 
185 NTC1013a-00    (0)   :  0.100 0.005 0.008 0.887 
186 NTC1013a-00    (1)   :  0.191 0.010 0.006 0.793 
187 NTC1013a-00    (0)   :  0.090 0.050 0.410 0.450 
188 NTC1013a-01    (0)   :  0.029 0.061 0.043 0.868 
189 NTC1013a-01    (0)   :  0.012 0.010 0.103 0.875 
190 NTC1013a-01    (0)   :  0.021 0.031 0.013 0.934 
191 NTC1013a-01    (0)   :  0.037 0.199 0.040 0.724 
192 NTC1013a-01    (0)   :  0.024 0.004 0.010 0.963 
193 NTC1013a-01    (0)   :  0.027 0.005 0.019 0.949 
194 NTC1013a-01    (0)   :  0.010 0.005 0.125 0.860 
195 NTC1013a-01    (1)   :  0.058 0.004 0.038 0.899 
196 NTC1013a-01    (0)   :  0.043 0.002 0.037 0.918 
197 NTC1013a-01    (0)   :  0.019 0.002 0.631 0.348 
198 NTC1013a-02    (0)   :  0.034 0.006 0.088 0.872 
199 NTC1013a-02    (0)   :  0.025 0.003 0.072 0.900 
200 PM1012-01    (0)   :  0.059 0.001 0.926 0.015 
201 PM1012-02    (1)   :  0.968 0.002 0.009 0.020 
202 PM1012-04    (1)   :  0.750 0.001 0.082 0.166 
203 PM1012-06    (0)   :  0.577 0.009 0.345 0.069 
204 PM1012-07    (0)   :  0.773 0.002 0.190 0.035 
205 PM1012-09    (0)   :  0.602 0.004 0.009 0.385 
206 PM1012-10    (0)   :  0.853 0.001 0.121 0.025 
207 PM1012-13    (0)   :  0.878 0.001 0.050 0.071 
208 PM1012-14    (0)   :  0.082 0.004 0.737 0.177 
209 PM1012-16    (1)   :  0.817 0.002 0.158 0.023 
210 PM1012-17    (0)   :  0.523 0.001 0.118 0.358 
211 PM1012-23    (0)   :  0.928 0.002 0.044 0.026 
212 PM1012-24    (1)   :  0.899 0.001 0.037 0.063 
213 PM1012-25    (0)   :  0.305 0.001 0.660 0.034 
214 PM1012-26    (3)   :  0.952 0.003 0.031 0.014 
215 PM1012-27    (0)   :  0.350 0.022 0.510 0.118 
216 PRA1013a-00    (1)   :  0.728 0.002 0.028 0.242 
217 PRA1013a-00    (1)   :  0.662 0.003 0.264 0.071 
218 PRA1013a-00    (0)   :  0.955 0.001 0.024 0.020 
219 PRA1013a-00    (0)   :  0.768 0.002 0.224 0.007 
220 PRA1013a-00    (0)   :  0.980 0.005 0.010 0.006 
221 PRA1013a-00    (0)   :  0.121 0.001 0.169 0.709 
222 PRA1013a-00    (1)   :  0.424 0.001 0.115 0.460 
223 PRA1013a-01    (0)   :  0.003 0.279 0.259 0.459 
224 PRA1013a-01    (1)   :  0.011 0.001 0.963 0.025 
225 PRA1013a-01    (0)   :  0.224 0.006 0.054 0.716 
226 PRA1013a-01    (0)   :  0.398 0.001 0.591 0.009 
227 PRA1013a-01    (1)   :  0.016 0.004 0.478 0.501 
228 PRA1013a-02    (1)   :  0.908 0.002 0.022 0.068 
229 PRA1013a-02    (1)   :  0.931 0.002 0.020 0.048 
230 PRA1013a-02    (0)   :  0.749 0.002 0.238 0.011 
231 PRA1013a-03    (0)   :  0.549 0.004 0.176 0.271 
232 PRA1013a-03    (1)   :  0.923 0.001 0.067 0.008 
233 PRA1013a-03    (0)   :  0.981 0.002 0.010 0.008 
234 PRA1013a-03    (0)   :  0.954 0.005 0.021 0.020 
235 PRA1013a-03    (0)   :  0.208 0.007 0.658 0.128 
236 PRA1013a-03    (0)   :  0.951 0.004 0.024 0.021 
237 PRA1013a-03    (0)   :  0.047 0.003 0.939 0.011 
238 PRA1013a-03    (1)   :  0.821 0.019 0.147 0.013 
239 RI812s-001    (0)   :  0.025 0.049 0.021 0.905 
240 RI812s-002    (1)   :  0.014 0.064 0.038 0.883 
241 RI812s-003    (1)   :  0.035 0.016 0.049 0.900 
242 RI812s-005    (1)   :  0.013 0.021 0.037 0.928 
243 RI812s-006    (0)   :  0.015 0.003 0.050 0.933 
244 RI812s-007    (0)   :  0.039 0.003 0.015 0.943 
245 RI812s-009    (0)   :  0.009 0.087 0.013 0.891 
246 RI812s-010    (1)   :  0.116 0.043 0.021 0.820 
247 RI812s-011    (0)   :  0.075 0.049 0.270 0.607 
248 RI812s-013    (1)   :  0.013 0.002 0.955 0.030 
249 RI812s-014    (1)   :  0.016 0.006 0.017 0.962 
250 RI812s-015    (0)   :  0.048 0.004 0.095 0.853 
251 RI812s-016    (0)   :  0.005 0.240 0.007 0.747 
252 SV0512a-001    (0)   :  0.077 0.003 0.009 0.910 
253 SV0512a-002    (1)   :  0.030 0.007 0.041 0.922 
254 SV0512a-003    (0)   :  0.044 0.006 0.794 0.156 
255 SV0512a-005    (1)   :  0.051 0.002 0.884 0.063 
256 SV0512a-007    (1)   :  0.007 0.087 0.024 0.882 
257 SV0512a-008    (1)   :  0.002 0.069 0.755 0.174 
258 SV0512a-009    (1)   :  0.023 0.002 0.883 0.091 
259 SV0512a-010    (0)   :  0.021 0.009 0.069 0.902 
260 SV0512a-011    (0)   :  0.005 0.206 0.004 0.785 
261 SV0512a-013    (1)   :  0.125 0.001 0.824 0.049 
262 SV0512a-014    (6)   :  0.047 0.006 0.473 0.474 
263 SV0512a-016    (1)   :  0.084 0.004 0.021 0.892 
264 SV0512a-018    (4)   :  0.111 0.105 0.617 0.168 
265 SV0512a-021    (2)   :  0.135 0.017 0.020 0.828 
266 SV0512a-022    (0)   :  0.010 0.019 0.018 0.953 
267 SV0512a-023    (2)   :  0.009 0.002 0.021 0.968 
268 SV0512a-024    (0)   :  0.005 0.033 0.040 0.922 
269 SV0512a-025    (0)   :  0.055 0.003 0.258 0.684 
270 SV0512a-027    (0)   :  0.035 0.002 0.025 0.937 
271 SV0512a-028    (3)   :  0.165 0.049 0.368 0.418 
272 SV1013a-001    (0)   :  0.015 0.066 0.440 0.480 
273 SV1013a-002    (1)   :  0.357 0.001 0.045 0.597 
274 SV1013a-003    (0)   :  0.189 0.003 0.031 0.776 
275 SV1013a-005    (0)   :  0.012 0.034 0.017 0.937 
276 SV1013a-006    (0)   :  0.025 0.003 0.009 0.964 
277 SV1013a-007    (0)   :  0.081 0.004 0.108 0.807 
278 SV1013a-008    (0)   :  0.010 0.002 0.021 0.968 
279 SV1013a-009    (0)   :  0.081 0.050 0.045 0.824 
280 SV1013a-010    (1)   :  0.027 0.007 0.877 0.089 
281 SV1013a-011    (0)   :  0.150 0.002 0.232 0.617 
282 SV1013a-012    (0)   :  0.030 0.032 0.022 0.916 
283 SV1013a-013    (0)   :  0.024 0.005 0.023 0.948 
284 SV1013a-014    (0)   :  0.017 0.002 0.040 0.941 
285 SV1013a-015    (0)   :  0.028 0.002 0.033 0.937 
286 SV1013a-016    (0)   :  0.052 0.001 0.242 0.705 
287 SV1013a-017    (0)   :  0.066 0.019 0.892 0.023 
288 SV1013a-018    (0)   :  0.074 0.001 0.054 0.871 
289 SV1013a-019    (0)   :  0.027 0.021 0.014 0.938 
290 SV1013a-020    (0)   :  0.007 0.146 0.016 0.831 
291 SV1013a-021    (0)   :  0.061 0.001 0.237 0.700 
292 SV1013a-022    (1)   :  0.037 0.072 0.059 0.833 
293 SV1013a-023    (0)   :  0.095 0.014 0.019 0.872 
294 SV1013a-024    (0)   :  0.007 0.053 0.012 0.927 
295 SV812s-026    (1)   :  0.043 0.007 0.363 0.587 
296 SV812s-027    (0)   :  0.330 0.050 0.142 0.477 
297 SV812s-029    (0)   :  0.279 0.001 0.036 0.684 
298 SV812s-030    (0)   :  0.055 0.072 0.847 0.026 
299 SV812s-031    (0)   :  0.014 0.007 0.284 0.696 
300 SV812s-032    (0)   :  0.006 0.064 0.046 0.884 
301 SV812s-033    (0)   :  0.042 0.003 0.124 0.831 
302 SV812s-034    (0)   :  0.020 0.009 0.096 0.875 
303 SV812s-037    (0)   :  0.216 0.008 0.386 0.391 
304 SV812s-038    (0)   :  0.021 0.002 0.039 0.937 
305 SV812s-039    (0)   :  0.014 0.003 0.885 0.098 
306 SV812s-040    (0)   :  0.175 0.003 0.037 0.785 
307 SV812s-041    (0)   :  0.011 0.001 0.138 0.850 
308 SV812s-042    (0)   :  0.008 0.003 0.043 0.947 
309 SV812s-043    (1)   :  0.265 0.014 0.271 0.450 
310 SV812s-044    (0)   :  0.008 0.001 0.892 0.098 
311 SV812s-046    (0)   :  0.081 0.022 0.025 0.872 
312 SV812s-047    (0)   :  0.034 0.002 0.926 0.037 
313 SV812s-048    (1)   :  0.014 0.002 0.157 0.827 
314 SV812s-049    (0)   :  0.116 0.001 0.118 0.765 
315 SV812s-050    (1)   :  0.120 0.002 0.091 0.787 
316 SV812s-051    (0)   :  0.044 0.005 0.032 0.919 
317 SV812s-052    (0)   :  0.007 0.051 0.007 0.935 
318 SV912s-001    (1)   :  0.030 0.004 0.019 0.947 
319 SV912s-002    (0)   :  0.206 0.035 0.013 0.747 
320 SV912s-003    (0)   :  0.128 0.088 0.738 0.046 
321 SV912s-005    (1)   :  0.174 0.081 0.037 0.709 
322 SV912s-006    (1)   :  0.016 0.001 0.021 0.963 
323 SV912s-007    (0)   :  0.031 0.004 0.220 0.745 
324 SV912s-008    (1)   :  0.029 0.002 0.664 0.304 
325 SV912s-009    (0)   :  0.044 0.001 0.036 0.918 
326 SV912s-010    (1)   :  0.040 0.001 0.040 0.919 
327 SV912s-011    (1)   :  0.032 0.008 0.521 0.438 
328 SV912s-012    (1)   :  0.013 0.053 0.096 0.838 
329 SV912s-013    (0)   :  0.041 0.002 0.731 0.225 
330 SV912s-014    (1)   :  0.237 0.048 0.012 0.703 
331 SV912s-015    (0)   :  0.021 0.004 0.198 0.777 
332 SV912s-017    (0)   :  0.059 0.023 0.394 0.524 
333 SV912s-018    (1)   :  0.103 0.003 0.057 0.837 
334 SV912s-019    (1)   :  0.653 0.002 0.019 0.326 
335 SV912s-020    (1)   :  0.028 0.057 0.006 0.908 
336 SV912s-021    (0)   :  0.014 0.006 0.921 0.059 
337 SV912s-022    (0)   :  0.029 0.005 0.899 0.067 
338 SV912s-023    (0)   :  0.604 0.021 0.092 0.283 
339 SV912s-024    (0)   :  0.957 0.002 0.023 0.018 
340 SV912s-025    (1)   :  0.893 0.001 0.054 0.052 
341 TPZ0713-001    (1)   :  0.901 0.001 0.033 0.064 
342 TPZ0713-002    (1)   :  0.678 0.001 0.052 0.270 
343 TPZ0713-003    (0)   :  0.097 0.001 0.878 0.024 
344 TPZ0713-005    (0)   :  0.277 0.006 0.698 0.019 
345 TPZ0713-006    (1)   :  0.819 0.011 0.155 0.015 
346 TPZ0713-007    (1)   :  0.455 0.001 0.035 0.509 
347 TPZ0713-009    (1)   :  0.926 0.003 0.043 0.028 
348 TPZ0713-011    (1)   :  0.238 0.001 0.744 0.018 
349 TPZ0713-012    (1)   :  0.961 0.001 0.023 0.015 
350 TPZ0713-013    (0)   :  0.964 0.001 0.029 0.005 
351 TPZ0713-014    (1)   :  0.966 0.004 0.012 0.019 
352 TPZ0713-015    (0)   :  0.060 0.001 0.890 0.049 
353 TPZ0713-016    (0)   :  0.367 0.001 0.571 0.061 
354 TPZ0713-020    (1)   :  0.296 0.002 0.520 0.183 
355 TPZ0713-021    (1)   :  0.924 0.013 0.037 0.026 
356 TPZ0713-023    (0)   :  0.891 0.001 0.090 0.018 
357 TPZ0713-024    (1)   :  0.135 0.001 0.048 0.816 
358 TPZ0713-025    (1)   :  0.982 0.002 0.012 0.005 
359 TPZ0713-028    (1)   :  0.963 0.001 0.019 0.017 
360 TPZ0713-029    (1)   :  0.951 0.011 0.015 0.024 
361 WFM812s-049    (0)   :  0.026 0.001 0.374 0.600 
362 WFM812s-050    (1)   :  0.352 0.002 0.077 0.570 
363 WFM812s-051    (1)   :  0.034 0.001 0.027 0.937 
364 WFM812s-054    (0)   :  0.023 0.006 0.020 0.951 
365 WFM812s-056    (0)   :  0.043 0.003 0.012 0.942 
366 WFM812s-057    (1)   :  0.012 0.003 0.008 0.977 
367 WFM812s-058    (0)   :  0.035 0.005 0.803 0.157 
368 WFM812s-059    (0)   :  0.006 0.028 0.023 0.944 
369 WFM812s-060    (1)   :  0.012 0.217 0.019 0.753 
370 WFM812s-062    (0)   :  0.016 0.003 0.919 0.062 
371 WFM812s-063    (0)   :  0.028 0.005 0.821 0.147 
372 WFM812s-064    (0)   :  0.012 0.028 0.637 0.323 
373 WFM812s-065    (0)   :  0.028 0.003 0.012 0.956 
374 WFM812s-066    (0)   :  0.004 0.002 0.807 0.188 
375 WFM812s-067    (0)   :  0.062 0.007 0.253 0.677 
376 WFM812s-068    (1)   :  0.064 0.002 0.038 0.896 
377 WFM812s-069    (0)   :  0.045 0.002 0.884 0.069 
378 WFM812s-071    (0)   :  0.556 0.008 0.006 0.429 
379 WFM812s-072    (0)   :  0.026 0.012 0.010 0.953 
380 WFM812s-073    (1)   :  0.281 0.004 0.070 0.645 


Estimated Allele Frequencies in each cluster
First column gives estimated ancestral frequencies


Locus 1 : NC_035780.1:72 
2 alleles
1.1% missing data
   2   (0.802) 0.780 0.920 0.817 0.805 
   1   (0.198) 0.220 0.080 0.183 0.195 

Locus 2 : NC_035780.1:72 
2 alleles
1.1% missing data
   2   (0.891) 0.889 0.990 0.897 0.887 
   1   (0.109) 0.111 0.010 0.103 0.113 

Locus 3 : NC_035780.1:44 
2 alleles
0.3% missing data
   2   (0.930) 0.929 0.995 0.931 0.932 
   1   (0.070) 0.071 0.005 0.069 0.068 

Locus 4 : NC_035780.1:31 
2 alleles
0.0% missing data
   2   (0.903) 0.914 0.823 0.904 0.899 
   1   (0.097) 0.086 0.177 0.096 0.101 

Locus 5 : NC_035780.1:36 
2 alleles
0.0% missing data
   2   (0.672) 0.675 0.639 0.685 0.659 
   1   (0.328) 0.325 0.361 0.315 0.341 

Locus 6 : NC_035780.1:38 
2 alleles
0.0% missing data
   1   (0.177) 0.184 0.064 0.176 0.170 
   2   (0.823) 0.816 0.936 0.824 0.830 

Locus 7 : NC_035780.1:38 
2 alleles
0.0% missing data
   2   (0.791) 0.765 0.966 0.813 0.783 
   1   (0.209) 0.235 0.034 0.187 0.217 

Locus 8 : NC_035780.1:38 
2 alleles
0.0% missing data
   1   (0.112) 0.110 0.249 0.105 0.112 
   2   (0.888) 0.890 0.751 0.895 0.888 

Locus 9 : NC_035780.1:38 
2 alleles
0.0% missing data
   2   (0.914) 0.917 0.889 0.920 0.912 
   1   (0.086) 0.083 0.111 0.080 0.088 

Locus 10 : NC_035780.1:41 
2 alleles
3.2% missing data
   2   (0.826) 0.817 0.882 0.824 0.839 
   1   (0.174) 0.183 0.118 0.176 0.161 

Locus 11 : NC_035780.1:44 
2 alleles
0.0% missing data
   2   (0.900) 0.869 0.993 0.911 0.910 
   1   (0.100) 0.131 0.007 0.089 0.090 

Locus 12 : NC_035780.1:44 
2 alleles
0.0% missing data
   2   (0.904) 0.904 0.993 0.903 0.906 
   1   (0.096) 0.096 0.007 0.097 0.094 

Locus 13 : NC_035780.1:54 
2 alleles
3.7% missing data
   2   (0.913) 0.926 0.994 0.912 0.903 
   1   (0.087) 0.074 0.006 0.088 0.097 

Locus 14 : NC_035780.1:55 
2 alleles
0.3% missing data
   2   (0.932) 0.938 0.995 0.924 0.937 
   1   (0.068) 0.062 0.005 0.076 0.063 

Locus 15 : NC_035780.1:59 
2 alleles
0.0% missing data
   1   (0.404) 0.397 0.342 0.396 0.416 
   2   (0.596) 0.603 0.658 0.604 0.584 

Locus 16 : NC_035780.1:84 
2 alleles
1.8% missing data
   2   (0.910) 0.917 0.992 0.905 0.912 
   1   (0.090) 0.083 0.008 0.095 0.088 

Locus 17 : NC_035780.1:90 
2 alleles
1.3% missing data
   2   (0.913) 0.928 0.958 0.903 0.916 
   1   (0.087) 0.072 0.042 0.097 0.084 

Locus 18 : NC_035780.1:90 
2 alleles
1.3% missing data
   2   (0.935) 0.915 0.995 0.940 0.943 
   1   (0.065) 0.085 0.005 0.060 0.057 

Locus 19 : NC_035780.1:98 
2 alleles
0.0% missing data
   2   (0.845) 0.837 0.989 0.838 0.856 
   1   (0.155) 0.163 0.011 0.162 0.144 

Locus 20 : NC_035780.1:98 
2 alleles
0.0% missing data
   1   (0.493) 0.508 0.298 0.498 0.479 
   2   (0.507) 0.492 0.702 0.502 0.521 

Locus 21 : NC_035780.1:98 
2 alleles
0.0% missing data
   2   (0.817) 0.818 0.794 0.809 0.830 
   1   (0.183) 0.182 0.206 0.191 0.170 

Locus 22 : NC_035780.1:10 
2 alleles
3.9% missing data
   1   (0.265) 0.267 0.212 0.262 0.264 
   2   (0.735) 0.733 0.788 0.738 0.736 

Locus 23 : NC_035780.1:11 
2 alleles
0.0% missing data
   1   (0.159) 0.158 0.201 0.170 0.144 
   2   (0.841) 0.842 0.799 0.830 0.856 

Locus 24 : NC_035780.1:13 
2 alleles
0.0% missing data
   1   (0.195) 0.187 0.014 0.194 0.206 
   2   (0.805) 0.813 0.986 0.806 0.794 

Locus 25 : NC_035780.1:13 
2 alleles
0.0% missing data
   2   (0.720) 0.712 0.468 0.709 0.744 
   1   (0.280) 0.288 0.532 0.291 0.256 

Locus 26 : NC_035780.1:15 
2 alleles
0.3% missing data
   2   (0.942) 0.947 0.820 0.938 0.950 
   1   (0.058) 0.053 0.180 0.062 0.050 

Locus 27 : NC_035780.1:16 
2 alleles
0.0% missing data
   2   (0.913) 0.906 0.675 0.924 0.913 
   1   (0.087) 0.094 0.325 0.076 0.087 

Locus 28 : NC_035780.1:16 
2 alleles
0.0% missing data
   1   (0.169) 0.147 0.018 0.173 0.184 
   2   (0.831) 0.853 0.982 0.827 0.816 

Locus 29 : NC_035780.1:16 
2 alleles
5.8% missing data
   2   (0.927) 0.938 0.867 0.934 0.917 
   1   (0.073) 0.062 0.133 0.066 0.083 

Locus 30 : NC_035780.1:16 
2 alleles
5.8% missing data
   2   (0.941) 0.955 0.872 0.937 0.943 
   1   (0.059) 0.045 0.128 0.063 0.057 

Locus 31 : NC_035780.1:17 
2 alleles
0.0% missing data
   2   (0.907) 0.917 0.869 0.910 0.902 
   1   (0.093) 0.083 0.131 0.090 0.098 

Locus 32 : NC_035780.1:18 
2 alleles
0.3% missing data
   2   (0.922) 0.926 0.988 0.918 0.926 
   1   (0.078) 0.074 0.012 0.082 0.074 

Locus 33 : NC_035780.1:18 
2 alleles
1.3% missing data
   2   (0.939) 0.938 0.805 0.940 0.947 
   1   (0.061) 0.062 0.195 0.060 0.053 

Locus 34 : NC_035780.1:19 
2 alleles
0.0% missing data
   1   (0.280) 0.278 0.129 0.264 0.298 
   2   (0.720) 0.722 0.871 0.736 0.702 

Locus 35 : NC_035780.1:20 
2 alleles
0.5% missing data
   1   (0.461) 0.435 0.206 0.466 0.481 
   2   (0.539) 0.565 0.794 0.534 0.519 

Locus 36 : NC_035780.1:22 
2 alleles
1.6% missing data
   1   (0.207) 0.195 0.070 0.199 0.224 
   2   (0.793) 0.805 0.930 0.801 0.776 

Locus 37 : NC_035780.1:22 
2 alleles
1.6% missing data
   2   (0.880) 0.857 0.992 0.888 0.886 
   1   (0.120) 0.143 0.008 0.112 0.114 

Locus 38 : NC_035780.1:24 
2 alleles
0.0% missing data
   1   (0.464) 0.454 0.684 0.464 0.467 
   2   (0.536) 0.546 0.316 0.536 0.533 

Locus 39 : NC_035780.1:24 
2 alleles
0.0% missing data
   2   (0.860) 0.858 0.855 0.866 0.861 
   1   (0.140) 0.142 0.145 0.134 0.139 

Locus 40 : NC_035780.1:24 
2 alleles
0.0% missing data
   2   (0.891) 0.908 0.929 0.885 0.888 
   1   (0.109) 0.092 0.071 0.115 0.112 

Locus 41 : NC_035780.1:25 
2 alleles
0.3% missing data
   2   (0.817) 0.838 0.968 0.811 0.807 
   1   (0.183) 0.162 0.032 0.189 0.193 

Locus 42 : NC_035780.1:26 
2 alleles
0.8% missing data
   1   (0.352) 0.374 0.352 0.343 0.342 
   2   (0.648) 0.626 0.648 0.657 0.658 

Locus 43 : NC_035780.1:26 
2 alleles
0.8% missing data
   2   (0.824) 0.843 0.786 0.843 0.790 
   1   (0.176) 0.157 0.214 0.157 0.210 

Locus 44 : NC_035780.1:26 
2 alleles
0.0% missing data
   1   (0.299) 0.279 0.492 0.308 0.299 
   2   (0.701) 0.721 0.508 0.692 0.701 

Locus 45 : NC_035780.1:27 
2 alleles
0.0% missing data
   2   (0.910) 0.910 0.931 0.921 0.905 
   1   (0.090) 0.090 0.069 0.079 0.095 

Locus 46 : NC_035780.1:27 
2 alleles
0.0% missing data
   2   (0.963) 0.958 0.998 0.966 0.966 
   1   (0.037) 0.042 0.002 0.034 0.034 

Locus 47 : NC_035780.1:27 
2 alleles
3.4% missing data
   2   (0.869) 0.882 0.990 0.857 0.871 
   1   (0.131) 0.118 0.010 0.143 0.129 

Locus 48 : NC_035780.1:27 
2 alleles
3.4% missing data
   2   (0.879) 0.882 0.672 0.876 0.889 
   1   (0.121) 0.118 0.328 0.124 0.111 

Locus 49 : NC_035780.1:28 
2 alleles
3.9% missing data
   2   (0.959) 0.967 0.611 0.960 0.960 
   1   (0.041) 0.033 0.389 0.040 0.040 

Locus 50 : NC_035780.1:28 
2 alleles
3.9% missing data
   2   (0.913) 0.909 0.993 0.925 0.902 
   1   (0.087) 0.091 0.007 0.075 0.098 

Locus 51 : NC_035780.1:28 
2 alleles
0.0% missing data
   1   (0.488) 0.520 0.263 0.484 0.472 
   2   (0.512) 0.480 0.737 0.516 0.528 

Locus 52 : NC_035780.1:28 
2 alleles
0.0% missing data
   2   (0.907) 0.917 0.866 0.909 0.903 
   1   (0.093) 0.083 0.134 0.091 0.097 

Locus 53 : NC_035780.1:28 
2 alleles
1.1% missing data
   1   (0.179) 0.169 0.329 0.174 0.184 
   2   (0.821) 0.831 0.671 0.826 0.816 

Locus 54 : NC_035780.1:29 
2 alleles
0.0% missing data
   1   (0.196) 0.202 0.057 0.198 0.189 
   2   (0.804) 0.798 0.943 0.802 0.811 

Locus 55 : NC_035780.1:29 
2 alleles
0.0% missing data
   2   (0.945) 0.941 0.724 0.952 0.950 
   1   (0.055) 0.059 0.276 0.048 0.050 

Locus 56 : NC_035780.1:29 
2 alleles
0.0% missing data
   2   (0.832) 0.843 0.813 0.837 0.824 
   1   (0.168) 0.157 0.187 0.163 0.176 

Locus 57 : NC_035780.1:29 
2 alleles
0.0% missing data
   2   (0.905) 0.917 0.994 0.896 0.906 
   1   (0.095) 0.083 0.006 0.104 0.094 

Locus 58 : NC_035780.1:30 
2 alleles
0.3% missing data
   2   (0.935) 0.921 0.996 0.947 0.934 
   1   (0.065) 0.079 0.004 0.053 0.066 

Locus 59 : NC_035780.1:31 
2 alleles
0.8% missing data
   2   (0.893) 0.894 0.993 0.899 0.886 
   1   (0.107) 0.106 0.007 0.101 0.114 

Locus 60 : NC_035780.1:31 
2 alleles
0.8% missing data
   2   (0.637) 0.662 0.437 0.618 0.644 
   1   (0.363) 0.338 0.563 0.382 0.356 

Locus 61 : NC_035780.1:32 
2 alleles
0.0% missing data
   1   (0.371) 0.385 0.481 0.376 0.354 
   2   (0.629) 0.615 0.519 0.624 0.646 

Locus 62 : NC_035780.1:32 
2 alleles
0.0% missing data
   2   (0.732) 0.727 0.621 0.752 0.718 
   1   (0.268) 0.273 0.379 0.248 0.282 

Locus 63 : NC_035780.1:33 
2 alleles
3.4% missing data
   2   (0.946) 0.952 0.996 0.941 0.949 
   1   (0.054) 0.048 0.004 0.059 0.051 

Locus 64 : NC_035780.1:33 
2 alleles
3.4% missing data
   2   (0.829) 0.846 0.417 0.815 0.839 
   1   (0.171) 0.154 0.583 0.185 0.161 

Locus 65 : NC_035780.1:37 
2 alleles
0.3% missing data
   2   (0.918) 0.922 0.889 0.914 0.926 
   1   (0.082) 0.078 0.111 0.086 0.074 

Locus 66 : NC_035780.1:37 
2 alleles
0.3% missing data
   2   (0.874) 0.879 0.991 0.871 0.872 
   1   (0.126) 0.121 0.009 0.129 0.128 

Locus 67 : NC_035780.1:37 
2 alleles
0.0% missing data
   2   (0.922) 0.910 0.995 0.924 0.930 
   1   (0.078) 0.090 0.005 0.076 0.070 

Locus 68 : NC_035780.1:37 
2 alleles
0.0% missing data
   2   (0.800) 0.801 0.878 0.789 0.812 
   1   (0.200) 0.199 0.122 0.211 0.188 

Locus 69 : NC_035780.1:37 
2 alleles
0.0% missing data
   1   (0.140) 0.131 0.053 0.135 0.147 
   2   (0.860) 0.869 0.947 0.865 0.853 

Locus 70 : NC_035780.1:39 
2 alleles
0.0% missing data
   2   (0.922) 0.907 0.994 0.922 0.934 
   1   (0.078) 0.093 0.006 0.078 0.066 

Locus 71 : NC_035780.1:39 
2 alleles
0.0% missing data
   2   (0.843) 0.854 0.934 0.838 0.842 
   1   (0.157) 0.146 0.066 0.162 0.158 

Locus 72 : NC_035780.1:39 
2 alleles
0.0% missing data
   1   (0.304) 0.307 0.590 0.285 0.317 
   2   (0.696) 0.693 0.410 0.715 0.683 

Locus 73 : NC_035780.1:39 
2 alleles
0.0% missing data
   1   (0.132) 0.135 0.017 0.137 0.125 
   2   (0.868) 0.865 0.983 0.863 0.875 

Locus 74 : NC_035780.1:39 
2 alleles
2.9% missing data
   2   (0.669) 0.681 0.590 0.670 0.662 
   1   (0.331) 0.319 0.410 0.330 0.338 

Locus 75 : NC_035780.1:39 
2 alleles
0.3% missing data
   2   (0.877) 0.891 0.729 0.863 0.890 
   1   (0.123) 0.109 0.271 0.137 0.110 

Locus 76 : NC_035780.1:39 
2 alleles
0.3% missing data
   2   (0.885) 0.878 0.987 0.889 0.887 
   1   (0.115) 0.122 0.013 0.111 0.113 

Locus 77 : NC_035780.1:39 
2 alleles
0.3% missing data
   2   (0.537) 0.519 0.665 0.548 0.536 
   1   (0.463) 0.481 0.335 0.452 0.464 

Locus 78 : NC_035780.1:39 
2 alleles
0.3% missing data
   2   (0.969) 0.973 0.998 0.966 0.974 
   1   (0.031) 0.027 0.002 0.034 0.026 

Locus 79 : NC_035780.1:51 
2 alleles
0.3% missing data
   2   (0.963) 0.971 0.998 0.962 0.960 
   1   (0.037) 0.029 0.002 0.038 0.040 

Locus 80 : NC_035780.1:51 
2 alleles
1.3% missing data
   1   (0.320) 0.338 0.404 0.299 0.325 
   2   (0.680) 0.662 0.596 0.701 0.675 

Locus 81 : NC_035780.1:55 
2 alleles
0.0% missing data
   2   (0.904) 0.902 0.994 0.903 0.907 
   1   (0.096) 0.098 0.006 0.097 0.093 

Locus 82 : NC_035780.1:55 
2 alleles
2.1% missing data
   2   (0.780) 0.762 0.609 0.776 0.803 
   1   (0.220) 0.238 0.391 0.224 0.197 

Locus 83 : NC_035780.1:55 
2 alleles
0.5% missing data
   2   (0.852) 0.859 0.922 0.837 0.866 
   1   (0.148) 0.141 0.078 0.163 0.134 

Locus 84 : NC_035780.1:57 
2 alleles
0.0% missing data
   2   (0.950) 0.955 0.772 0.957 0.948 
   1   (0.050) 0.045 0.228 0.043 0.052 

Locus 85 : NC_035780.1:63 
2 alleles
2.1% missing data
   2   (0.945) 0.946 0.819 0.934 0.960 
   1   (0.055) 0.054 0.181 0.066 0.040 

Locus 86 : NC_035780.1:63 
2 alleles
1.3% missing data
   2   (0.897) 0.907 0.961 0.900 0.891 
   1   (0.103) 0.093 0.039 0.100 0.109 

Locus 87 : NC_035780.1:63 
2 alleles
1.3% missing data
   2   (0.739) 0.709 0.563 0.758 0.745 
   1   (0.261) 0.291 0.437 0.242 0.255 

Locus 88 : NC_035780.1:65 
2 alleles
0.0% missing data
   2   (0.861) 0.869 0.916 0.855 0.866 
   1   (0.139) 0.131 0.084 0.145 0.134 

Locus 89 : NC_035780.1:65 
2 alleles
0.0% missing data
   2   (0.960) 0.973 0.875 0.959 0.958 
   1   (0.040) 0.027 0.125 0.041 0.042 

Locus 90 : NC_035780.1:65 
2 alleles
0.0% missing data
   1   (0.230) 0.251 0.081 0.212 0.233 
   2   (0.770) 0.749 0.919 0.788 0.767 

Locus 91 : NC_035780.1:65 
2 alleles
0.0% missing data
   1   (0.256) 0.265 0.168 0.263 0.240 
   2   (0.744) 0.735 0.832 0.737 0.760 

Locus 92 : NC_035780.1:70 
2 alleles
2.4% missing data
   2   (0.921) 0.935 0.875 0.912 0.926 
   1   (0.079) 0.065 0.125 0.088 0.074 

Locus 93 : NC_035780.1:70 
2 alleles
0.3% missing data
   2   (0.955) 0.946 0.753 0.955 0.968 
   1   (0.045) 0.054 0.247 0.045 0.032 

Locus 94 : NC_035780.1:70 
2 alleles
0.3% missing data
   1   (0.208) 0.220 0.218 0.190 0.213 
   2   (0.792) 0.780 0.782 0.810 0.787 

Locus 95 : NC_035780.1:71 
2 alleles
1.6% missing data
   1   (0.417) 0.418 0.309 0.410 0.424 
   2   (0.583) 0.582 0.691 0.590 0.576 

Locus 96 : NC_035780.1:72 
2 alleles
0.0% missing data
   2   (0.929) 0.905 0.987 0.928 0.947 
   1   (0.071) 0.095 0.013 0.072 0.053 

Locus 97 : NC_035780.1:74 
2 alleles
1.1% missing data
   2   (0.945) 0.950 0.699 0.941 0.952 
   1   (0.055) 0.050 0.301 0.059 0.048 

Locus 98 : NC_035780.1:75 
2 alleles
0.5% missing data
   2   (0.800) 0.807 0.872 0.815 0.779 
   1   (0.200) 0.193 0.128 0.185 0.221 

Locus 99 : NC_035780.1:75 
2 alleles
0.5% missing data
   2   (0.867) 0.850 0.743 0.878 0.875 
   1   (0.133) 0.150 0.257 0.122 0.125 

Locus 100 : NC_035780.1:75 
2 alleles
1.1% missing data
   2   (0.928) 0.942 0.994 0.930 0.918 
   1   (0.072) 0.058 0.006 0.070 0.082 

Locus 101 : NC_035780.1:75 
2 alleles
0.0% missing data
   1   (0.474) 0.442 0.701 0.494 0.475 
   2   (0.526) 0.558 0.299 0.506 0.525 

Locus 102 : NC_035780.1:75 
2 alleles
0.3% missing data
   2   (0.901) 0.919 0.757 0.898 0.897 
   1   (0.099) 0.081 0.243 0.102 0.103 

Locus 103 : NC_035780.1:76 
2 alleles
2.9% missing data
   1   (0.334) 0.363 0.611 0.312 0.329 
   2   (0.666) 0.637 0.389 0.688 0.671 

Locus 104 : NC_035780.1:76 
2 alleles
2.9% missing data
   2   (0.932) 0.920 0.995 0.931 0.942 
   1   (0.068) 0.080 0.005 0.069 0.058 

Locus 105 : NC_035780.1:77 
2 alleles
4.5% missing data
   2   (0.849) 0.880 0.926 0.844 0.831 
   1   (0.151) 0.120 0.074 0.156 0.169 

Locus 106 : NC_035780.1:77 
2 alleles
4.5% missing data
   2   (0.901) 0.899 0.666 0.905 0.905 
   1   (0.099) 0.101 0.334 0.095 0.095 

Locus 107 : NC_035780.1:79 
2 alleles
0.0% missing data
   2   (0.924) 0.928 0.871 0.925 0.927 
   1   (0.076) 0.072 0.129 0.075 0.073 

Locus 108 : NC_035780.1:81 
2 alleles
0.0% missing data
   1   (0.459) 0.445 0.119 0.462 0.472 
   2   (0.541) 0.555 0.881 0.538 0.528 

Locus 109 : NC_035780.1:81 
2 alleles
0.0% missing data
   2   (0.876) 0.872 0.961 0.866 0.892 
   1   (0.124) 0.128 0.039 0.134 0.108 

Locus 110 : NC_035780.1:81 
2 alleles
0.0% missing data
   1   (0.375) 0.395 0.444 0.349 0.385 
   2   (0.625) 0.605 0.556 0.651 0.615 

Locus 111 : NC_035780.1:82 
2 alleles
0.0% missing data
   2   (0.924) 0.928 0.907 0.922 0.929 
   1   (0.076) 0.072 0.093 0.078 0.071 

Locus 112 : NC_035780.1:83 
2 alleles
3.4% missing data
   1   (0.161) 0.162 0.011 0.161 0.164 
   2   (0.839) 0.838 0.989 0.839 0.836 

Locus 113 : NC_035780.1:83 
2 alleles
3.4% missing data
   2   (0.937) 0.950 0.996 0.940 0.925 
   1   (0.063) 0.050 0.004 0.060 0.075 

Locus 114 : NC_035780.1:83 
2 alleles
0.0% missing data
   2   (0.931) 0.935 0.933 0.915 0.948 
   1   (0.069) 0.065 0.067 0.085 0.052 

Locus 115 : NC_035780.1:83 
2 alleles
0.0% missing data
   2   (0.877) 0.873 0.599 0.888 0.876 
   1   (0.123) 0.127 0.401 0.112 0.124 

Locus 116 : NC_035780.1:84 
2 alleles
0.0% missing data
   2   (0.907) 0.905 0.720 0.909 0.915 
   1   (0.093) 0.095 0.280 0.091 0.085 

Locus 117 : NC_035780.1:85 
2 alleles
0.3% missing data
   2   (0.885) 0.890 0.882 0.873 0.901 
   1   (0.115) 0.110 0.118 0.127 0.099 

Locus 118 : NC_035780.1:85 
2 alleles
0.3% missing data
   2   (0.575) 0.582 0.857 0.548 0.597 
   1   (0.425) 0.418 0.143 0.452 0.403 

Locus 119 : NC_035780.1:86 
2 alleles
0.0% missing data
   2   (0.913) 0.932 0.882 0.918 0.899 
   1   (0.087) 0.068 0.118 0.082 0.101 

Locus 120 : NC_035780.1:86 
2 alleles
0.0% missing data
   2   (0.589) 0.561 0.696 0.580 0.618 
   1   (0.411) 0.439 0.304 0.420 0.382 

Locus 121 : NC_035780.1:86 
2 alleles
0.0% missing data
   2   (0.959) 0.959 0.997 0.958 0.963 
   1   (0.041) 0.041 0.003 0.042 0.037 

Locus 122 : NC_035780.1:86 
2 alleles
0.0% missing data
   2   (0.954) 0.953 0.996 0.953 0.958 
   1   (0.046) 0.047 0.004 0.047 0.042 

Locus 123 : NC_035780.1:86 
2 alleles
0.0% missing data
   1   (0.183) 0.181 0.087 0.174 0.190 
   2   (0.817) 0.819 0.913 0.826 0.810 

Locus 124 : NC_035780.1:86 
2 alleles
0.0% missing data
   2   (0.914) 0.926 0.962 0.911 0.913 
   1   (0.086) 0.074 0.038 0.089 0.087 

Locus 125 : NC_035780.1:86 
2 alleles
0.0% missing data
   1   (0.152) 0.147 0.099 0.144 0.162 
   2   (0.848) 0.853 0.901 0.856 0.838 

Locus 126 : NC_035780.1:86 
2 alleles
0.0% missing data
   2   (0.912) 0.907 0.754 0.917 0.917 
   1   (0.088) 0.093 0.246 0.083 0.083 

Locus 127 : NC_035780.1:86 
2 alleles
0.0% missing data
   1   (0.178) 0.182 0.043 0.176 0.175 
   2   (0.822) 0.818 0.957 0.824 0.825 

Locus 128 : NC_035780.1:86 
2 alleles
0.0% missing data
   2   (0.907) 0.909 0.886 0.914 0.905 
   1   (0.093) 0.091 0.114 0.086 0.095 

Locus 129 : NC_035780.1:87 
2 alleles
0.3% missing data
   2   (0.797) 0.789 0.706 0.794 0.815 
   1   (0.203) 0.211 0.294 0.206 0.185 

Locus 130 : NC_035780.1:87 
2 alleles
0.0% missing data
