

----------------------------------------------------
STRUCTURE by Pritchard, Stephens and Donnelly (2000)
     and Falush, Stephens and Pritchard (2003)
       Code by Pritchard, Falush and Hubisz
             Version 2.3.4 (Jul 2012)
----------------------------------------------------



Command line arguments:   /programs/structure_2_3_4/bin/structure -K 4 -i /workdir/yc2644/CV_NYC_ddRAD/structure/n380_all_cor/threader_input/n380_all_SNP.DP3g95p10maf05.HWE.mod.biallelic.all_exGRV.n396_indep_50_1_0.2_pruned.nochr156invers.n380_refil.recode.strct_in -o /workdir/yc2644/CV_NYC_ddRAD/structure/n380_all_cor/str_K4_rep5 -D 6870574 -m /workdir/yc2644/CV_NYC_ddRAD/structure/n380_all_cor/threader_input/mainparams -e /workdir/yc2644/CV_NYC_ddRAD/structure/n380_all_cor/threader_input/extraparams 
Input File:    /workdir/yc2644/CV_NYC_ddRAD/structure/n380_all_cor/threader_input/n380_all_SNP.DP3g95p10maf05.HWE.mod.biallelic.all_exGRV.n396_indep_50_1_0.2_pruned.nochr156invers.n380_refil.recode.strct_in

Run parameters:
   380 individuals
   5625 loci
   4 populations assumed
   10000 Burn-in period
   20000 Reps
RANDOMIZE turned off


--------------------------------------------
Overall proportion of membership of the
sample in each of the 4 clusters

Inferred Clusters
  1      2      3      4    
0.411  0.078  0.223  0.289  

--------------------------------------------

Allele-freq. divergence among pops (Net nucleotide distance),
computed using point estimates of P.

      1       2       3       4      
 1      -    0.0236  0.0005  0.0004  
 2   0.0236     -    0.0230  0.0230  
 3   0.0005  0.0230     -    0.0003  
 4   0.0004  0.0230  0.0003     -    

Average distances (expected heterozygosity) between individuals in same cluster:
cluster  1  : 0.2541 
cluster  2  : 0.2213 
cluster  3  : 0.2553 
cluster  4  : 0.2552 

--------------------------------------------
Estimated Ln Prob of Data   = -1715907.9
Mean value of ln likelihood = -1704322.0
Variance of ln likelihood   = 23171.9
Mean value of alpha         = 0.0856

Mean value of Fst_1         = 0.0052
Mean value of Fst_2         = 0.2139
Mean value of Fst_3         = 0.0051
Mean value of Fst_4         = 0.0036


Inferred ancestry of individuals:
        Label (%Miss) :  Inferred clusters
  1 AB812s-002    (1)   :  0.016 0.002 0.005 0.978 
  2 AB812s-004    (0)   :  0.060 0.004 0.689 0.246 
  3 AB812s-005    (0)   :  0.010 0.024 0.007 0.959 
  4 AB812s-008    (1)   :  0.007 0.008 0.973 0.012 
  5 AB812s-009    (1)   :  0.707 0.003 0.260 0.029 
  6 AB812s-011    (0)   :  0.032 0.011 0.935 0.023 
  7 AB812s-012    (1)   :  0.046 0.001 0.026 0.927 
  8 AB812s-013    (0)   :  0.011 0.002 0.956 0.031 
  9 AB812s-014    (0)   :  0.069 0.001 0.269 0.661 
 10 AB812s-015    (0)   :  0.127 0.002 0.801 0.070 
 11 AB812s-017    (0)   :  0.023 0.002 0.484 0.491 
 12 AB812s-018    (0)   :  0.039 0.009 0.907 0.045 
 13 AB812s-019    (1)   :  0.040 0.003 0.196 0.762 
 14 AB812s-020    (1)   :  0.049 0.003 0.095 0.852 
 15 AB812s-021    (1)   :  0.131 0.003 0.772 0.093 
 16 AB812s-022    (0)   :  0.092 0.012 0.257 0.638 
 17 AB812s-024    (0)   :  0.027 0.010 0.325 0.638 
 18 AB812s-027    (0)   :  0.009 0.131 0.850 0.009 
 19 AB812s-029    (0)   :  0.068 0.014 0.815 0.103 
 20 AB812s-030    (0)   :  0.714 0.005 0.021 0.261 
 21 AB812s-031    (0)   :  0.236 0.058 0.288 0.419 
 22 AB812s-032    (0)   :  0.023 0.015 0.006 0.956 
 23 FI1012-001    (1)   :  0.000 0.999 0.000 0.000 
 24 FI1012-001r    (0)   :  0.000 0.999 0.000 0.000 
 25 FI1012-002    (0)   :  0.000 0.999 0.000 0.000 
 26 FI1012-005    (1)   :  0.002 0.997 0.001 0.001 
 27 FI1012-007    (1)   :  0.001 0.997 0.001 0.001 
 28 FI1012-010    (1)   :  0.000 0.999 0.000 0.000 
 29 FI1012-011    (1)   :  0.005 0.978 0.008 0.009 
 30 FI1012-012    (1)   :  0.000 0.999 0.000 0.000 
 31 FI1012-013    (0)   :  0.000 0.999 0.000 0.000 
 32 FI1012-014    (1)   :  0.000 0.999 0.000 0.000 
 33 FI1012-016    (1)   :  0.000 0.999 0.000 0.000 
 34 FI1012-019    (1)   :  0.010 0.974 0.010 0.006 
 35 FI1012-020    (0)   :  0.000 0.999 0.000 0.000 
 36 FIS1013a-00    (1)   :  0.024 0.886 0.079 0.011 
 37 FIS1013a-00    (1)   :  0.010 0.928 0.037 0.025 
 38 FIS1013a-00    (0)   :  0.003 0.706 0.284 0.007 
 39 FIS1013a-00    (1)   :  0.017 0.943 0.023 0.017 
 40 FIS1013a-00    (1)   :  0.008 0.835 0.040 0.117 
 41 FIS1013a-01    (0)   :  0.004 0.893 0.097 0.007 
 42 FIS1013a-01    (0)   :  0.018 0.883 0.026 0.072 
 43 FIS1013a-01    (1)   :  0.028 0.794 0.105 0.074 
 44 FIS1013a-01    (1)   :  0.004 0.693 0.074 0.230 
 45 FIS1013a-01    (1)   :  0.010 0.948 0.034 0.009 
 46 FIS1013a-02    (1)   :  0.004 0.991 0.003 0.002 
 47 FIS1013a-02    (1)   :  0.047 0.855 0.012 0.086 
 48 FIS1013a-02    (1)   :  0.030 0.876 0.052 0.041 
 49 FIS1013a-02    (1)   :  0.020 0.900 0.004 0.075 
 50 HH0512a-001    (1)   :  0.963 0.001 0.022 0.014 
 51 HH0512a-002    (0)   :  0.986 0.001 0.009 0.004 
 52 HH0512a-004    (0)   :  0.629 0.002 0.224 0.146 
 53 HH0512a-006    (0)   :  0.836 0.001 0.137 0.026 
 54 HH0512a-007    (1)   :  0.944 0.004 0.026 0.026 
 55 HH0512a-009    (0)   :  0.095 0.002 0.016 0.887 
 56 HH0512a-010    (0)   :  0.090 0.001 0.880 0.029 
 57 HH0512a-012    (0)   :  0.799 0.002 0.080 0.119 
 58 HH0512a-013    (1)   :  0.811 0.014 0.058 0.116 
 59 HH0512a-015    (0)   :  0.212 0.003 0.718 0.067 
 60 HH0512a-017    (0)   :  0.254 0.011 0.321 0.414 
 61 HH0512a-018    (1)   :  0.959 0.001 0.018 0.023 
 62 HH0512a-020    (1)   :  0.845 0.001 0.018 0.136 
 63 HH0512a-021    (1)   :  0.947 0.002 0.027 0.024 
 64 HH0512a-022    (0)   :  0.954 0.002 0.023 0.022 
 65 HH0512a-023    (0)   :  0.506 0.001 0.474 0.019 
 66 HH0512a-029    (0)   :  0.958 0.007 0.016 0.019 
 67 HH1013a-001    (1)   :  0.934 0.002 0.052 0.012 
 68 HH1013a-002    (0)   :  0.094 0.002 0.010 0.895 
 69 HH1013a-003    (0)   :  0.933 0.009 0.021 0.037 
 70 HH1013a-005    (0)   :  0.938 0.006 0.048 0.009 
 71 HH1013a-006    (0)   :  0.700 0.002 0.169 0.130 
 72 HH1013a-007    (0)   :  0.980 0.001 0.012 0.007 
 73 HH1013a-009    (0)   :  0.760 0.003 0.027 0.209 
 74 HH1013a-010    (0)   :  0.902 0.005 0.014 0.079 
 75 HH1013a-011    (1)   :  0.934 0.002 0.010 0.054 
 76 HH1013a-012    (0)   :  0.865 0.001 0.111 0.022 
 77 HH1013a-013    (0)   :  0.032 0.002 0.913 0.052 
 78 HH1013a-014    (1)   :  0.102 0.002 0.018 0.879 
 79 HH1013a-015    (1)   :  0.902 0.004 0.062 0.033 
 80 HH1013a-016    (0)   :  0.969 0.007 0.012 0.012 
 81 HH1013a-017    (0)   :  0.725 0.002 0.141 0.132 
 82 HH1013a-018    (1)   :  0.932 0.016 0.018 0.033 
 83 HH1013a-019    (0)   :  0.926 0.003 0.055 0.017 
 84 HH1013a-020    (0)   :  0.259 0.001 0.615 0.124 
 85 HH1013a-021    (0)   :  0.833 0.002 0.018 0.147 
 86 HH1013a-022    (0)   :  0.082 0.010 0.022 0.885 
 87 HH1013a-023    (1)   :  0.920 0.002 0.015 0.063 
 88 HH1013a-024    (1)   :  0.836 0.003 0.013 0.148 
 89 HH1013s-001    (1)   :  0.794 0.010 0.109 0.087 
 90 HH1013s-002    (1)   :  0.729 0.003 0.021 0.247 
 91 HH1013s-003    (0)   :  0.101 0.007 0.050 0.842 
 92 HH1013s-005    (1)   :  0.853 0.001 0.098 0.048 
 93 HH1013s-006    (1)   :  0.801 0.003 0.022 0.174 
 94 HH1013s-007    (0)   :  0.643 0.001 0.020 0.336 
 95 HH1013s-008    (0)   :  0.958 0.001 0.024 0.018 
 96 HH1013s-009    (1)   :  0.633 0.002 0.011 0.354 
 97 HH1013s-010    (1)   :  0.948 0.001 0.009 0.042 
 98 HH1013s-011    (1)   :  0.969 0.005 0.015 0.011 
 99 HH1013s-012    (1)   :  0.909 0.001 0.051 0.040 
100 HH1013s-013    (0)   :  0.918 0.001 0.017 0.064 
101 HH1013s-014    (0)   :  0.871 0.001 0.042 0.086 
102 HH1013s-016    (1)   :  0.907 0.002 0.050 0.041 
103 HH1013s-017    (1)   :  0.927 0.004 0.058 0.011 
104 HH1013s-018    (1)   :  0.402 0.001 0.560 0.037 
105 HH1013s-019    (0)   :  0.169 0.001 0.805 0.026 
106 HH1013s-020    (0)   :  0.710 0.004 0.272 0.014 
107 HH1013s-021    (1)   :  0.952 0.001 0.008 0.038 
108 HH1013s-022    (0)   :  0.866 0.001 0.016 0.117 
109 HH1013s-023    (0)   :  0.824 0.003 0.125 0.048 
110 HH1013s-024    (0)   :  0.953 0.002 0.031 0.013 
111 HH1013s-025    (1)   :  0.856 0.018 0.114 0.012 
112 HH812s-001    (1)   :  0.918 0.006 0.035 0.041 
113 HH812s-003    (1)   :  0.754 0.006 0.196 0.044 
114 HH812s-006    (0)   :  0.914 0.003 0.033 0.050 
115 HH812s-010    (1)   :  0.971 0.004 0.011 0.015 
116 HH812s-013    (0)   :  0.949 0.008 0.020 0.024 
117 HH812s-018    (0)   :  0.806 0.002 0.089 0.103 
118 HH812s-019    (1)   :  0.244 0.013 0.726 0.017 
119 HH812s-024    (0)   :  0.968 0.002 0.022 0.008 
120 HH812s-025    (0)   :  0.434 0.002 0.057 0.507 
121 HH812s-030    (0)   :  0.350 0.011 0.007 0.632 
122 HH812s-035    (0)   :  0.976 0.001 0.009 0.013 
123 HH812s-036    (1)   :  0.925 0.001 0.034 0.040 
124 HH812s-037    (0)   :  0.873 0.001 0.017 0.109 
125 HH812s-039    (1)   :  0.579 0.002 0.163 0.256 
126 HH812s-040    (0)   :  0.717 0.001 0.256 0.026 
127 HH812s-042    (0)   :  0.949 0.001 0.042 0.009 
128 HH812s-046    (0)   :  0.984 0.003 0.006 0.008 
129 HH812s-048    (0)   :  0.863 0.002 0.122 0.014 
130 HH812s-050    (1)   :  0.966 0.003 0.009 0.023 
131 HH812s-052    (1)   :  0.630 0.006 0.331 0.033 
132 HH812s-054    (1)   :  0.894 0.002 0.020 0.084 
133 HH812s-056    (1)   :  0.881 0.018 0.022 0.079 
134 HH912s-109    (0)   :  0.957 0.002 0.008 0.034 
135 HH912s-110    (0)   :  0.750 0.002 0.088 0.161 
136 HH912s-111    (0)   :  0.740 0.003 0.025 0.232 
137 HH912s-113    (0)   :  0.771 0.001 0.009 0.219 
138 HH912s-114    (0)   :  0.363 0.002 0.506 0.130 
139 HH912s-115    (0)   :  0.976 0.009 0.004 0.011 
140 HH912s-116    (1)   :  0.325 0.003 0.666 0.006 
141 HH912s-117    (0)   :  0.676 0.010 0.095 0.218 
142 HH912s-118    (1)   :  0.300 0.004 0.019 0.677 
143 HH912s-119    (1)   :  0.898 0.001 0.018 0.083 
144 HH912s-120    (0)   :  0.847 0.001 0.037 0.114 
145 HH912s-121    (0)   :  0.974 0.001 0.005 0.020 
146 HH912s-122    (1)   :  0.883 0.004 0.085 0.028 
147 HH912s-123    (0)   :  0.945 0.001 0.009 0.045 
148 HH912s-124    (0)   :  0.894 0.002 0.026 0.078 
149 HH912s-125    (0)   :  0.195 0.004 0.019 0.782 
150 HH912s-126    (0)   :  0.757 0.007 0.089 0.147 
151 HH912s-127    (0)   :  0.914 0.003 0.064 0.019 
152 HH912s-128    (0)   :  0.871 0.003 0.119 0.007 
153 HH912s-129    (0)   :  0.683 0.001 0.009 0.307 
154 HH912s-130    (0)   :  0.710 0.003 0.260 0.027 
155 HH912s-131    (0)   :  0.908 0.002 0.064 0.027 
156 HH912s-132    (0)   :  0.604 0.006 0.017 0.373 
157 IRV1012-001    (0)   :  0.235 0.010 0.004 0.751 
158 IRV1012-002    (0)   :  0.842 0.002 0.092 0.065 
159 IRV1012-003    (0)   :  0.978 0.002 0.013 0.007 
160 IRV1012-004    (1)   :  0.915 0.001 0.043 0.041 
161 IRV1012-006    (0)   :  0.959 0.001 0.007 0.033 
162 IRV1012-007    (0)   :  0.727 0.001 0.192 0.080 
163 IRV1012-008    (0)   :  0.108 0.001 0.067 0.823 
164 IRV1012-009    (1)   :  0.604 0.001 0.381 0.013 
165 IRV1012-010    (0)   :  0.844 0.002 0.027 0.126 
166 IRV1012-011    (0)   :  0.965 0.001 0.010 0.023 
167 IRV1012-012    (0)   :  0.051 0.002 0.040 0.906 
168 IRV1012-013    (0)   :  0.192 0.004 0.421 0.383 
169 IRV1012-014    (0)   :  0.926 0.001 0.049 0.025 
170 IRV1012-015    (0)   :  0.861 0.002 0.022 0.114 
171 IRV1012-016    (0)   :  0.828 0.001 0.137 0.034 
172 IRV1012-017    (0)   :  0.923 0.001 0.020 0.055 
173 IRV1012-018    (1)   :  0.662 0.001 0.021 0.316 
174 IRV1012-019    (0)   :  0.860 0.007 0.072 0.061 
175 IRV1012-020    (0)   :  0.300 0.001 0.034 0.666 
176 IRV1012-021    (0)   :  0.979 0.003 0.007 0.010 
177 IRV1012-022    (0)   :  0.977 0.000 0.007 0.015 
178 IRV1012-023    (0)   :  0.956 0.001 0.011 0.031 
179 IRV1012-024    (1)   :  0.346 0.008 0.004 0.642 
180 NTC1013a-00    (0)   :  0.035 0.024 0.608 0.334 
181 NTC1013a-00    (1)   :  0.006 0.004 0.167 0.822 
182 NTC1013a-00    (0)   :  0.024 0.004 0.107 0.865 
183 NTC1013a-00    (1)   :  0.079 0.009 0.026 0.886 
184 NTC1013a-00    (1)   :  0.021 0.044 0.496 0.439 
185 NTC1013a-00    (0)   :  0.051 0.004 0.916 0.029 
186 NTC1013a-00    (1)   :  0.105 0.009 0.093 0.793 
187 NTC1013a-00    (0)   :  0.043 0.038 0.878 0.040 
188 NTC1013a-01    (0)   :  0.041 0.053 0.889 0.017 
189 NTC1013a-01    (0)   :  0.015 0.005 0.015 0.964 
190 NTC1013a-01    (0)   :  0.007 0.035 0.015 0.943 
191 NTC1013a-01    (0)   :  0.007 0.194 0.603 0.196 
192 NTC1013a-01    (0)   :  0.024 0.003 0.870 0.104 
193 NTC1013a-01    (0)   :  0.042 0.004 0.097 0.856 
194 NTC1013a-01    (0)   :  0.018 0.004 0.838 0.140 
195 NTC1013a-01    (1)   :  0.057 0.003 0.533 0.406 
196 NTC1013a-01    (0)   :  0.015 0.003 0.927 0.055 
197 NTC1013a-01    (0)   :  0.123 0.001 0.401 0.475 
198 NTC1013a-02    (0)   :  0.049 0.004 0.052 0.896 
199 NTC1013a-02    (0)   :  0.011 0.003 0.043 0.943 
200 PM1012-01    (0)   :  0.919 0.002 0.039 0.040 
201 PM1012-02    (1)   :  0.976 0.003 0.011 0.010 
202 PM1012-04    (1)   :  0.503 0.001 0.077 0.418 
203 PM1012-06    (0)   :  0.853 0.010 0.013 0.124 
204 PM1012-07    (0)   :  0.911 0.001 0.048 0.039 
205 PM1012-09    (0)   :  0.437 0.002 0.050 0.511 
206 PM1012-10    (0)   :  0.940 0.001 0.021 0.038 
207 PM1012-13    (0)   :  0.871 0.001 0.108 0.021 
208 PM1012-14    (0)   :  0.485 0.005 0.486 0.023 
209 PM1012-16    (1)   :  0.893 0.001 0.044 0.061 
210 PM1012-17    (0)   :  0.096 0.001 0.014 0.890 
211 PM1012-23    (0)   :  0.965 0.003 0.014 0.019 
212 PM1012-24    (1)   :  0.787 0.001 0.060 0.153 
213 PM1012-25    (0)   :  0.885 0.001 0.053 0.061 
214 PM1012-26    (3)   :  0.949 0.004 0.010 0.038 
215 PM1012-27    (0)   :  0.692 0.027 0.261 0.020 
216 PRA1013a-00    (1)   :  0.707 0.001 0.073 0.219 
217 PRA1013a-00    (1)   :  0.749 0.003 0.210 0.038 
218 PRA1013a-00    (0)   :  0.938 0.002 0.036 0.024 
219 PRA1013a-00    (0)   :  0.968 0.001 0.017 0.014 
220 PRA1013a-00    (0)   :  0.982 0.007 0.003 0.008 
221 PRA1013a-00    (0)   :  0.032 0.001 0.174 0.793 
222 PRA1013a-00    (1)   :  0.625 0.001 0.092 0.282 
223 PRA1013a-01    (0)   :  0.004 0.267 0.723 0.005 
224 PRA1013a-01    (1)   :  0.048 0.002 0.051 0.899 
225 PRA1013a-01    (0)   :  0.134 0.003 0.024 0.839 
226 PRA1013a-01    (0)   :  0.918 0.002 0.028 0.053 
227 PRA1013a-01    (1)   :  0.026 0.005 0.862 0.107 
228 PRA1013a-02    (1)   :  0.892 0.003 0.016 0.089 
229 PRA1013a-02    (1)   :  0.902 0.002 0.041 0.055 
230 PRA1013a-02    (0)   :  0.897 0.002 0.096 0.004 
231 PRA1013a-03    (0)   :  0.836 0.003 0.045 0.115 
232 PRA1013a-03    (1)   :  0.981 0.001 0.012 0.006 
233 PRA1013a-03    (0)   :  0.984 0.001 0.004 0.011 
234 PRA1013a-03    (0)   :  0.966 0.004 0.006 0.024 
235 PRA1013a-03    (0)   :  0.387 0.006 0.305 0.301 
236 PRA1013a-03    (0)   :  0.963 0.003 0.019 0.015 
237 PRA1013a-03    (0)   :  0.864 0.004 0.050 0.081 
238 PRA1013a-03    (1)   :  0.881 0.014 0.094 0.011 
239 RI812s-001    (0)   :  0.010 0.047 0.197 0.746 
240 RI812s-002    (1)   :  0.019 0.068 0.014 0.899 
241 RI812s-003    (1)   :  0.122 0.019 0.255 0.604 
242 RI812s-005    (1)   :  0.012 0.014 0.027 0.946 
243 RI812s-006    (0)   :  0.012 0.002 0.077 0.909 
244 RI812s-007    (0)   :  0.039 0.004 0.064 0.893 
245 RI812s-009    (0)   :  0.002 0.079 0.916 0.004 
246 RI812s-010    (1)   :  0.409 0.056 0.373 0.163 
247 RI812s-011    (0)   :  0.035 0.046 0.044 0.875 
248 RI812s-013    (1)   :  0.468 0.003 0.143 0.386 
249 RI812s-014    (1)   :  0.005 0.005 0.025 0.964 
250 RI812s-015    (0)   :  0.016 0.003 0.069 0.912 
251 RI812s-016    (0)   :  0.005 0.229 0.693 0.073 
252 SV0512a-001    (0)   :  0.046 0.004 0.081 0.870 
253 SV0512a-002    (1)   :  0.013 0.005 0.014 0.969 
254 SV0512a-003    (0)   :  0.046 0.008 0.019 0.926 
255 SV0512a-005    (1)   :  0.111 0.002 0.802 0.085 
256 SV0512a-007    (1)   :  0.007 0.087 0.859 0.046 
257 SV0512a-008    (1)   :  0.005 0.051 0.930 0.013 
258 SV0512a-009    (1)   :  0.255 0.003 0.071 0.671 
259 SV0512a-010    (0)   :  0.042 0.006 0.839 0.113 
260 SV0512a-011    (0)   :  0.002 0.199 0.015 0.784 
261 SV0512a-013    (1)   :  0.652 0.003 0.331 0.014 
262 SV0512a-014    (6)   :  0.094 0.005 0.036 0.865 
263 SV0512a-016    (1)   :  0.011 0.002 0.021 0.966 
264 SV0512a-018    (4)   :  0.056 0.092 0.015 0.837 
265 SV0512a-021    (2)   :  0.026 0.011 0.101 0.862 
266 SV0512a-022    (0)   :  0.004 0.011 0.979 0.006 
267 SV0512a-023    (2)   :  0.012 0.002 0.963 0.023 
268 SV0512a-024    (0)   :  0.006 0.022 0.895 0.078 
269 SV0512a-025    (0)   :  0.046 0.003 0.020 0.931 
270 SV0512a-027    (0)   :  0.053 0.001 0.383 0.563 
271 SV0512a-028    (3)   :  0.298 0.042 0.388 0.272 
272 SV1013a-001    (0)   :  0.008 0.060 0.929 0.002 
273 SV1013a-002    (1)   :  0.206 0.001 0.613 0.180 
274 SV1013a-003    (0)   :  0.139 0.003 0.812 0.045 
275 SV1013a-005    (0)   :  0.004 0.033 0.950 0.013 
276 SV1013a-006    (0)   :  0.015 0.002 0.044 0.939 
277 SV1013a-007    (0)   :  0.021 0.003 0.020 0.956 
278 SV1013a-008    (0)   :  0.010 0.001 0.806 0.183 
279 SV1013a-009    (0)   :  0.072 0.052 0.788 0.087 
280 SV1013a-010    (1)   :  0.095 0.007 0.370 0.528 
281 SV1013a-011    (0)   :  0.068 0.001 0.017 0.913 
282 SV1013a-012    (0)   :  0.054 0.035 0.638 0.274 
283 SV1013a-013    (0)   :  0.049 0.005 0.854 0.092 
284 SV1013a-014    (0)   :  0.015 0.002 0.028 0.954 
285 SV1013a-015    (0)   :  0.042 0.002 0.214 0.742 
286 SV1013a-016    (0)   :  0.096 0.001 0.067 0.836 
287 SV1013a-017    (0)   :  0.229 0.017 0.085 0.669 
288 SV1013a-018    (0)   :  0.082 0.001 0.517 0.400 
289 SV1013a-019    (0)   :  0.026 0.016 0.909 0.049 
290 SV1013a-020    (0)   :  0.003 0.149 0.363 0.485 
291 SV1013a-021    (0)   :  0.063 0.001 0.132 0.803 
292 SV1013a-022    (1)   :  0.017 0.057 0.922 0.004 
293 SV1013a-023    (0)   :  0.046 0.011 0.208 0.735 
294 SV1013a-024    (0)   :  0.019 0.051 0.018 0.912 
295 SV812s-026    (1)   :  0.075 0.005 0.020 0.900 
296 SV812s-027    (0)   :  0.236 0.050 0.439 0.275 
297 SV812s-029    (0)   :  0.150 0.001 0.039 0.810 
298 SV812s-030    (0)   :  0.083 0.065 0.037 0.815 
299 SV812s-031    (0)   :  0.014 0.004 0.972 0.010 
300 SV812s-032    (0)   :  0.007 0.056 0.011 0.926 
301 SV812s-033    (0)   :  0.010 0.001 0.908 0.081 
302 SV812s-034    (0)   :  0.024 0.007 0.124 0.845 
303 SV812s-037    (0)   :  0.557 0.015 0.164 0.264 
304 SV812s-038    (0)   :  0.025 0.002 0.042 0.930 
305 SV812s-039    (0)   :  0.065 0.003 0.072 0.860 
306 SV812s-040    (0)   :  0.157 0.004 0.035 0.804 
307 SV812s-041    (0)   :  0.011 0.002 0.035 0.952 
308 SV812s-042    (0)   :  0.012 0.002 0.290 0.696 
309 SV812s-043    (1)   :  0.265 0.018 0.025 0.691 
310 SV812s-044    (0)   :  0.033 0.002 0.930 0.035 
311 SV812s-046    (0)   :  0.031 0.022 0.498 0.450 
312 SV812s-047    (0)   :  0.120 0.002 0.029 0.849 
313 SV812s-048    (1)   :  0.068 0.001 0.865 0.066 
314 SV812s-049    (0)   :  0.071 0.001 0.018 0.910 
315 SV812s-050    (1)   :  0.094 0.002 0.084 0.820 
316 SV812s-051    (0)   :  0.043 0.003 0.819 0.134 
317 SV812s-052    (0)   :  0.015 0.044 0.835 0.105 
318 SV912s-001    (1)   :  0.033 0.003 0.788 0.176 
319 SV912s-002    (0)   :  0.168 0.034 0.018 0.780 
320 SV912s-003    (0)   :  0.412 0.088 0.040 0.460 
321 SV912s-005    (1)   :  0.066 0.075 0.829 0.030 
322 SV912s-006    (1)   :  0.026 0.001 0.753 0.220 
323 SV912s-007    (0)   :  0.046 0.004 0.346 0.604 
324 SV912s-008    (1)   :  0.077 0.003 0.024 0.896 
325 SV912s-009    (0)   :  0.038 0.001 0.846 0.115 
326 SV912s-010    (1)   :  0.029 0.001 0.386 0.584 
327 SV912s-011    (1)   :  0.012 0.006 0.004 0.977 
328 SV912s-012    (1)   :  0.029 0.054 0.078 0.839 
329 SV912s-013    (0)   :  0.044 0.002 0.826 0.128 
330 SV912s-014    (1)   :  0.270 0.047 0.576 0.107 
331 SV912s-015    (0)   :  0.027 0.003 0.537 0.432 
332 SV912s-017    (0)   :  0.021 0.009 0.951 0.018 
333 SV912s-018    (1)   :  0.084 0.002 0.162 0.752 
334 SV912s-019    (1)   :  0.279 0.001 0.026 0.693 
335 SV912s-020    (1)   :  0.011 0.051 0.023 0.915 
336 SV912s-021    (0)   :  0.053 0.003 0.015 0.929 
337 SV912s-022    (0)   :  0.152 0.002 0.135 0.711 
338 SV912s-023    (0)   :  0.691 0.025 0.253 0.031 
339 SV912s-024    (0)   :  0.957 0.002 0.014 0.027 
340 SV912s-025    (1)   :  0.850 0.002 0.011 0.137 
341 TPZ0713-001    (1)   :  0.714 0.001 0.259 0.027 
342 TPZ0713-002    (1)   :  0.581 0.002 0.062 0.356 
343 TPZ0713-003    (0)   :  0.589 0.001 0.374 0.036 
344 TPZ0713-005    (0)   :  0.906 0.013 0.028 0.053 
345 TPZ0713-006    (1)   :  0.943 0.019 0.025 0.013 
346 TPZ0713-007    (1)   :  0.787 0.001 0.076 0.136 
347 TPZ0713-009    (1)   :  0.857 0.003 0.023 0.117 
348 TPZ0713-011    (1)   :  0.894 0.001 0.076 0.029 
349 TPZ0713-012    (1)   :  0.973 0.001 0.015 0.011 
350 TPZ0713-013    (0)   :  0.981 0.001 0.006 0.012 
351 TPZ0713-014    (1)   :  0.971 0.003 0.008 0.017 
352 TPZ0713-015    (0)   :  0.726 0.001 0.248 0.025 
353 TPZ0713-016    (0)   :  0.852 0.001 0.045 0.103 
354 TPZ0713-020    (1)   :  0.472 0.002 0.499 0.026 
355 TPZ0713-021    (1)   :  0.948 0.011 0.016 0.024 
356 TPZ0713-023    (0)   :  0.917 0.002 0.016 0.065 
357 TPZ0713-024    (1)   :  0.108 0.001 0.024 0.866 
358 TPZ0713-025    (1)   :  0.987 0.002 0.007 0.004 
359 TPZ0713-028    (1)   :  0.932 0.001 0.034 0.034 
360 TPZ0713-029    (1)   :  0.925 0.011 0.024 0.040 
361 WFM812s-049    (0)   :  0.092 0.001 0.736 0.172 
362 WFM812s-050    (1)   :  0.031 0.001 0.956 0.011 
363 WFM812s-051    (1)   :  0.013 0.001 0.946 0.040 
364 WFM812s-054    (0)   :  0.018 0.004 0.960 0.018 
365 WFM812s-056    (0)   :  0.020 0.001 0.008 0.971 
366 WFM812s-057    (1)   :  0.005 0.003 0.007 0.985 
367 WFM812s-058    (0)   :  0.056 0.004 0.014 0.926 
368 WFM812s-059    (0)   :  0.008 0.012 0.976 0.005 
369 WFM812s-060    (1)   :  0.086 0.215 0.688 0.011 
370 WFM812s-062    (0)   :  0.022 0.001 0.066 0.910 
371 WFM812s-063    (0)   :  0.435 0.006 0.292 0.267 
372 WFM812s-064    (0)   :  0.258 0.026 0.657 0.059 
373 WFM812s-065    (0)   :  0.032 0.003 0.884 0.082 
374 WFM812s-066    (0)   :  0.010 0.002 0.076 0.912 
375 WFM812s-067    (0)   :  0.036 0.006 0.828 0.130 
376 WFM812s-068    (1)   :  0.041 0.001 0.595 0.364 
377 WFM812s-069    (0)   :  0.370 0.002 0.134 0.495 
378 WFM812s-071    (0)   :  0.380 0.006 0.102 0.512 
379 WFM812s-072    (0)   :  0.035 0.010 0.226 0.729 
380 WFM812s-073    (1)   :  0.198 0.004 0.014 0.785 


Estimated Allele Frequencies in each cluster
First column gives estimated ancestral frequencies


Locus 1 : NC_035780.1:72 
2 alleles
1.1% missing data
   2   (0.800) 0.794 0.919 0.790 0.814 
   1   (0.200) 0.206 0.081 0.210 0.186 

Locus 2 : NC_035780.1:72 
2 alleles
1.1% missing data
   2   (0.889) 0.896 0.990 0.884 0.887 
   1   (0.111) 0.104 0.010 0.116 0.113 

Locus 3 : NC_035780.1:44 
2 alleles
0.3% missing data
   2   (0.929) 0.933 0.995 0.933 0.926 
   1   (0.071) 0.067 0.005 0.067 0.074 

Locus 4 : NC_035780.1:31 
2 alleles
0.0% missing data
   2   (0.902) 0.914 0.823 0.916 0.888 
   1   (0.098) 0.086 0.177 0.084 0.112 

Locus 5 : NC_035780.1:36 
2 alleles
0.0% missing data
   2   (0.668) 0.685 0.641 0.643 0.675 
   1   (0.332) 0.315 0.359 0.357 0.325 

Locus 6 : NC_035780.1:38 
2 alleles
0.0% missing data
   1   (0.176) 0.181 0.062 0.182 0.168 
   2   (0.824) 0.819 0.938 0.818 0.832 

Locus 7 : NC_035780.1:38 
2 alleles
0.0% missing data
   2   (0.789) 0.773 0.966 0.788 0.799 
   1   (0.211) 0.227 0.034 0.212 0.201 

Locus 8 : NC_035780.1:38 
2 alleles
0.0% missing data
   1   (0.112) 0.110 0.250 0.114 0.105 
   2   (0.888) 0.890 0.750 0.886 0.895 

Locus 9 : NC_035780.1:38 
2 alleles
0.0% missing data
   2   (0.912) 0.919 0.887 0.920 0.907 
   1   (0.088) 0.081 0.113 0.080 0.093 

Locus 10 : NC_035780.1:41 
2 alleles
3.2% missing data
   2   (0.829) 0.818 0.881 0.816 0.849 
   1   (0.171) 0.182 0.119 0.184 0.151 

Locus 11 : NC_035780.1:44 
2 alleles
0.0% missing data
   2   (0.903) 0.874 0.993 0.912 0.913 
   1   (0.097) 0.126 0.007 0.088 0.087 

Locus 12 : NC_035780.1:44 
2 alleles
0.0% missing data
   2   (0.906) 0.905 0.994 0.891 0.916 
   1   (0.094) 0.095 0.006 0.109 0.084 

Locus 13 : NC_035780.1:54 
2 alleles
3.7% missing data
   2   (0.910) 0.922 0.993 0.910 0.903 
   1   (0.090) 0.078 0.007 0.090 0.097 

Locus 14 : NC_035780.1:55 
2 alleles
0.3% missing data
   2   (0.932) 0.937 0.995 0.933 0.928 
   1   (0.068) 0.063 0.005 0.067 0.072 

Locus 15 : NC_035780.1:59 
2 alleles
0.0% missing data
   1   (0.405) 0.397 0.342 0.406 0.410 
   2   (0.595) 0.603 0.658 0.594 0.590 

Locus 16 : NC_035780.1:84 
2 alleles
1.8% missing data
   2   (0.910) 0.917 0.993 0.897 0.916 
   1   (0.090) 0.083 0.007 0.103 0.084 

Locus 17 : NC_035780.1:90 
2 alleles
1.3% missing data
   2   (0.913) 0.924 0.959 0.902 0.917 
   1   (0.087) 0.076 0.041 0.098 0.083 

Locus 18 : NC_035780.1:90 
2 alleles
1.3% missing data
   2   (0.937) 0.917 0.995 0.946 0.945 
   1   (0.063) 0.083 0.005 0.054 0.055 

Locus 19 : NC_035780.1:98 
2 alleles
0.0% missing data
   2   (0.846) 0.840 0.989 0.862 0.836 
   1   (0.154) 0.160 0.011 0.138 0.164 

Locus 20 : NC_035780.1:98 
2 alleles
0.0% missing data
   1   (0.491) 0.501 0.298 0.456 0.513 
   2   (0.509) 0.499 0.702 0.544 0.487 

Locus 21 : NC_035780.1:98 
2 alleles
0.0% missing data
   2   (0.818) 0.821 0.794 0.841 0.804 
   1   (0.182) 0.179 0.206 0.159 0.196 

Locus 22 : NC_035780.1:10 
2 alleles
3.9% missing data
   1   (0.265) 0.268 0.209 0.272 0.255 
   2   (0.735) 0.732 0.791 0.728 0.745 

Locus 23 : NC_035780.1:11 
2 alleles
0.0% missing data
   1   (0.156) 0.162 0.203 0.141 0.158 
   2   (0.844) 0.838 0.797 0.859 0.842 

Locus 24 : NC_035780.1:13 
2 alleles
0.0% missing data
   1   (0.197) 0.186 0.013 0.194 0.210 
   2   (0.803) 0.814 0.987 0.806 0.790 

Locus 25 : NC_035780.1:13 
2 alleles
0.0% missing data
   2   (0.725) 0.708 0.465 0.735 0.735 
   1   (0.275) 0.292 0.535 0.265 0.265 

Locus 26 : NC_035780.1:15 
2 alleles
0.3% missing data
   2   (0.944) 0.947 0.820 0.932 0.956 
   1   (0.056) 0.053 0.180 0.068 0.044 

Locus 27 : NC_035780.1:16 
2 alleles
0.0% missing data
   2   (0.910) 0.911 0.674 0.921 0.909 
   1   (0.090) 0.089 0.326 0.079 0.091 

Locus 28 : NC_035780.1:16 
2 alleles
0.0% missing data
   1   (0.172) 0.150 0.018 0.173 0.190 
   2   (0.828) 0.850 0.982 0.827 0.810 

Locus 29 : NC_035780.1:16 
2 alleles
5.8% missing data
   2   (0.923) 0.942 0.867 0.921 0.917 
   1   (0.077) 0.058 0.133 0.079 0.083 

Locus 30 : NC_035780.1:16 
2 alleles
5.8% missing data
   2   (0.942) 0.955 0.871 0.954 0.929 
   1   (0.058) 0.045 0.129 0.046 0.071 

Locus 31 : NC_035780.1:17 
2 alleles
0.0% missing data
   2   (0.905) 0.920 0.873 0.886 0.913 
   1   (0.095) 0.080 0.127 0.114 0.087 

Locus 32 : NC_035780.1:18 
2 alleles
0.3% missing data
   2   (0.922) 0.925 0.988 0.922 0.923 
   1   (0.078) 0.075 0.012 0.078 0.077 

Locus 33 : NC_035780.1:18 
2 alleles
1.3% missing data
   2   (0.939) 0.941 0.804 0.944 0.942 
   1   (0.061) 0.059 0.196 0.056 0.058 

Locus 34 : NC_035780.1:19 
2 alleles
0.0% missing data
   1   (0.283) 0.273 0.128 0.303 0.275 
   2   (0.717) 0.727 0.872 0.697 0.725 

Locus 35 : NC_035780.1:20 
2 alleles
0.5% missing data
   1   (0.462) 0.449 0.207 0.459 0.477 
   2   (0.538) 0.551 0.793 0.541 0.523 

Locus 36 : NC_035780.1:22 
2 alleles
1.6% missing data
   1   (0.210) 0.198 0.070 0.213 0.216 
   2   (0.790) 0.802 0.930 0.787 0.784 

Locus 37 : NC_035780.1:22 
2 alleles
1.6% missing data
   2   (0.882) 0.859 0.992 0.887 0.892 
   1   (0.118) 0.141 0.008 0.113 0.108 

Locus 38 : NC_035780.1:24 
2 alleles
0.0% missing data
   1   (0.466) 0.451 0.686 0.472 0.469 
   2   (0.534) 0.549 0.314 0.528 0.531 

Locus 39 : NC_035780.1:24 
2 alleles
0.0% missing data
   2   (0.859) 0.863 0.856 0.860 0.860 
   1   (0.141) 0.137 0.144 0.140 0.140 

Locus 40 : NC_035780.1:24 
2 alleles
0.0% missing data
   2   (0.889) 0.906 0.929 0.891 0.881 
   1   (0.111) 0.094 0.071 0.109 0.119 

Locus 41 : NC_035780.1:25 
2 alleles
0.3% missing data
   2   (0.816) 0.838 0.970 0.792 0.815 
   1   (0.184) 0.162 0.030 0.208 0.185 

Locus 42 : NC_035780.1:26 
2 alleles
0.8% missing data
   1   (0.350) 0.367 0.350 0.361 0.329 
   2   (0.650) 0.633 0.650 0.639 0.671 

Locus 43 : NC_035780.1:26 
2 alleles
0.8% missing data
   2   (0.816) 0.846 0.785 0.800 0.809 
   1   (0.184) 0.154 0.215 0.200 0.191 

Locus 44 : NC_035780.1:26 
2 alleles
0.0% missing data
   1   (0.297) 0.291 0.491 0.301 0.294 
   2   (0.703) 0.709 0.509 0.699 0.706 

Locus 45 : NC_035780.1:27 
2 alleles
0.0% missing data
   2   (0.908) 0.913 0.930 0.908 0.909 
   1   (0.092) 0.087 0.070 0.092 0.091 

Locus 46 : NC_035780.1:27 
2 alleles
0.0% missing data
   2   (0.963) 0.961 0.998 0.960 0.969 
   1   (0.037) 0.039 0.002 0.040 0.031 

Locus 47 : NC_035780.1:27 
2 alleles
3.4% missing data
   2   (0.869) 0.877 0.990 0.873 0.861 
   1   (0.131) 0.123 0.010 0.127 0.139 

Locus 48 : NC_035780.1:27 
2 alleles
3.4% missing data
   2   (0.878) 0.889 0.672 0.883 0.874 
   1   (0.122) 0.111 0.328 0.117 0.126 

Locus 49 : NC_035780.1:28 
2 alleles
3.9% missing data
   2   (0.961) 0.969 0.614 0.942 0.971 
   1   (0.039) 0.031 0.386 0.058 0.029 

Locus 50 : NC_035780.1:28 
2 alleles
3.9% missing data
   2   (0.910) 0.909 0.993 0.916 0.908 
   1   (0.090) 0.091 0.007 0.084 0.092 

Locus 51 : NC_035780.1:28 
2 alleles
0.0% missing data
   1   (0.482) 0.522 0.263 0.473 0.465 
   2   (0.518) 0.478 0.737 0.527 0.535 

Locus 52 : NC_035780.1:28 
2 alleles
0.0% missing data
   2   (0.906) 0.916 0.868 0.892 0.915 
   1   (0.094) 0.084 0.132 0.108 0.085 

Locus 53 : NC_035780.1:28 
2 alleles
1.1% missing data
   1   (0.179) 0.173 0.333 0.179 0.176 
   2   (0.821) 0.827 0.667 0.821 0.824 

Locus 54 : NC_035780.1:29 
2 alleles
0.0% missing data
   1   (0.195) 0.193 0.054 0.221 0.178 
   2   (0.805) 0.807 0.946 0.779 0.822 

Locus 55 : NC_035780.1:29 
2 alleles
0.0% missing data
   2   (0.944) 0.946 0.726 0.950 0.946 
   1   (0.056) 0.054 0.274 0.050 0.054 

Locus 56 : NC_035780.1:29 
2 alleles
0.0% missing data
   2   (0.829) 0.846 0.813 0.833 0.820 
   1   (0.171) 0.154 0.187 0.167 0.180 

Locus 57 : NC_035780.1:29 
2 alleles
0.0% missing data
   2   (0.904) 0.919 0.994 0.898 0.899 
   1   (0.096) 0.081 0.006 0.102 0.101 

Locus 58 : NC_035780.1:30 
2 alleles
0.3% missing data
   2   (0.932) 0.929 0.995 0.931 0.937 
   1   (0.068) 0.071 0.005 0.069 0.063 

Locus 59 : NC_035780.1:31 
2 alleles
0.8% missing data
   2   (0.892) 0.894 0.992 0.891 0.891 
   1   (0.108) 0.106 0.008 0.109 0.109 

Locus 60 : NC_035780.1:31 
2 alleles
0.8% missing data
   2   (0.639) 0.651 0.438 0.620 0.649 
   1   (0.361) 0.349 0.562 0.380 0.351 

Locus 61 : NC_035780.1:32 
2 alleles
0.0% missing data
   1   (0.366) 0.393 0.482 0.360 0.349 
   2   (0.634) 0.607 0.518 0.640 0.651 

Locus 62 : NC_035780.1:32 
2 alleles
0.0% missing data
   2   (0.726) 0.736 0.621 0.723 0.726 
   1   (0.274) 0.264 0.379 0.277 0.274 

Locus 63 : NC_035780.1:33 
2 alleles
3.4% missing data
   2   (0.947) 0.947 0.996 0.949 0.947 
   1   (0.053) 0.053 0.004 0.051 0.053 

Locus 64 : NC_035780.1:33 
2 alleles
3.4% missing data
   2   (0.831) 0.836 0.416 0.819 0.844 
   1   (0.169) 0.164 0.584 0.181 0.156 

Locus 65 : NC_035780.1:37 
2 alleles
0.3% missing data
   2   (0.919) 0.917 0.889 0.926 0.923 
   1   (0.081) 0.083 0.111 0.074 0.077 

Locus 66 : NC_035780.1:37 
2 alleles
0.3% missing data
   2   (0.874) 0.876 0.991 0.876 0.870 
   1   (0.126) 0.124 0.009 0.124 0.130 

Locus 67 : NC_035780.1:37 
2 alleles
0.0% missing data
   2   (0.923) 0.917 0.995 0.938 0.916 
   1   (0.077) 0.083 0.005 0.062 0.084 

Locus 68 : NC_035780.1:37 
2 alleles
0.0% missing data
   2   (0.804) 0.791 0.877 0.800 0.820 
   1   (0.196) 0.209 0.123 0.200 0.180 

Locus 69 : NC_035780.1:37 
2 alleles
0.0% missing data
   1   (0.141) 0.133 0.052 0.146 0.140 
   2   (0.859) 0.867 0.948 0.854 0.860 

Locus 70 : NC_035780.1:39 
2 alleles
0.0% missing data
   2   (0.926) 0.909 0.994 0.941 0.926 
   1   (0.074) 0.091 0.006 0.059 0.074 

Locus 71 : NC_035780.1:39 
2 alleles
0.0% missing data
   2   (0.842) 0.851 0.933 0.853 0.832 
   1   (0.158) 0.149 0.067 0.147 0.168 

Locus 72 : NC_035780.1:39 
2 alleles
0.0% missing data
   1   (0.309) 0.302 0.593 0.303 0.310 
   2   (0.691) 0.698 0.407 0.697 0.690 

Locus 73 : NC_035780.1:39 
2 alleles
0.0% missing data
   1   (0.130) 0.138 0.017 0.123 0.129 
   2   (0.870) 0.862 0.983 0.877 0.871 

Locus 74 : NC_035780.1:39 
2 alleles
2.9% missing data
   2   (0.668) 0.674 0.587 0.683 0.657 
   1   (0.332) 0.326 0.413 0.317 0.343 

Locus 75 : NC_035780.1:39 
2 alleles
0.3% missing data
   2   (0.878) 0.889 0.734 0.866 0.886 
   1   (0.122) 0.111 0.266 0.134 0.114 

Locus 76 : NC_035780.1:39 
2 alleles
0.3% missing data
   2   (0.886) 0.879 0.987 0.884 0.891 
   1   (0.114) 0.121 0.013 0.116 0.109 

Locus 77 : NC_035780.1:39 
2 alleles
0.3% missing data
   2   (0.538) 0.517 0.664 0.547 0.545 
   1   (0.462) 0.483 0.336 0.453 0.455 

Locus 78 : NC_035780.1:39 
2 alleles
0.3% missing data
   2   (0.970) 0.971 0.998 0.972 0.971 
   1   (0.030) 0.029 0.002 0.028 0.029 

Locus 79 : NC_035780.1:51 
2 alleles
0.3% missing data
   2   (0.962) 0.968 0.997 0.961 0.962 
   1   (0.038) 0.032 0.003 0.039 0.038 

Locus 80 : NC_035780.1:51 
2 alleles
1.3% missing data
   1   (0.324) 0.323 0.405 0.311 0.331 
   2   (0.676) 0.677 0.595 0.689 0.669 

Locus 81 : NC_035780.1:55 
2 alleles
0.0% missing data
   2   (0.905) 0.903 0.994 0.917 0.897 
   1   (0.095) 0.097 0.006 0.083 0.103 

Locus 82 : NC_035780.1:55 
2 alleles
2.1% missing data
   2   (0.783) 0.766 0.610 0.784 0.798 
   1   (0.217) 0.234 0.390 0.216 0.202 

Locus 83 : NC_035780.1:55 
2 alleles
0.5% missing data
   2   (0.856) 0.849 0.923 0.866 0.856 
   1   (0.144) 0.151 0.077 0.134 0.144 

Locus 84 : NC_035780.1:57 
2 alleles
0.0% missing data
   2   (0.949) 0.959 0.770 0.951 0.947 
   1   (0.051) 0.041 0.230 0.049 0.053 

Locus 85 : NC_035780.1:63 
2 alleles
2.1% missing data
   2   (0.948) 0.937 0.818 0.954 0.957 
   1   (0.052) 0.063 0.182 0.046 0.043 

Locus 86 : NC_035780.1:63 
2 alleles
1.3% missing data
   2   (0.894) 0.909 0.961 0.891 0.890 
   1   (0.106) 0.091 0.039 0.109 0.110 

Locus 87 : NC_035780.1:63 
2 alleles
1.3% missing data
   2   (0.736) 0.724 0.563 0.758 0.734 
   1   (0.264) 0.276 0.437 0.242 0.266 

Locus 88 : NC_035780.1:65 
2 alleles
0.0% missing data
   2   (0.860) 0.869 0.918 0.855 0.862 
   1   (0.140) 0.131 0.082 0.145 0.138 

Locus 89 : NC_035780.1:65 
2 alleles
0.0% missing data
   2   (0.959) 0.969 0.875 0.952 0.963 
   1   (0.041) 0.031 0.125 0.048 0.037 

Locus 90 : NC_035780.1:65 
2 alleles
0.0% missing data
   1   (0.230) 0.245 0.083 0.221 0.226 
   2   (0.770) 0.755 0.917 0.779 0.774 

Locus 91 : NC_035780.1:65 
2 alleles
0.0% missing data
   1   (0.254) 0.263 0.167 0.234 0.261 
   2   (0.746) 0.737 0.833 0.766 0.739 

Locus 92 : NC_035780.1:70 
2 alleles
2.4% missing data
   2   (0.922) 0.927 0.873 0.933 0.917 
   1   (0.078) 0.073 0.127 0.067 0.083 

Locus 93 : NC_035780.1:70 
2 alleles
0.3% missing data
   2   (0.957) 0.947 0.751 0.960 0.967 
   1   (0.043) 0.053 0.249 0.040 0.033 

Locus 94 : NC_035780.1:70 
2 alleles
0.3% missing data
   1   (0.211) 0.208 0.219 0.192 0.224 
   2   (0.789) 0.792 0.781 0.808 0.776 

Locus 95 : NC_035780.1:71 
2 alleles
1.6% missing data
   1   (0.418) 0.421 0.311 0.411 0.420 
   2   (0.582) 0.579 0.689 0.589 0.580 

Locus 96 : NC_035780.1:72 
2 alleles
0.0% missing data
   2   (0.935) 0.906 0.989 0.938 0.950 
   1   (0.065) 0.094 0.011 0.062 0.050 

Locus 97 : NC_035780.1:74 
2 alleles
1.1% missing data
   2   (0.947) 0.943 0.697 0.958 0.949 
   1   (0.053) 0.057 0.303 0.042 0.051 

Locus 98 : NC_035780.1:75 
2 alleles
0.5% missing data
   2   (0.794) 0.813 0.872 0.779 0.794 
   1   (0.206) 0.187 0.128 0.221 0.206 

Locus 99 : NC_035780.1:75 
2 alleles
0.5% missing data
   2   (0.868) 0.853 0.743 0.873 0.880 
   1   (0.132) 0.147 0.257 0.127 0.120 

Locus 100 : NC_035780.1:75 
2 alleles
1.1% missing data
   2   (0.927) 0.938 0.994 0.918 0.926 
   1   (0.073) 0.062 0.006 0.082 0.074 

Locus 101 : NC_035780.1:75 
2 alleles
0.0% missing data
   1   (0.472) 0.464 0.703 0.464 0.479 
   2   (0.528) 0.536 0.297 0.536 0.521 

Locus 102 : NC_035780.1:75 
2 alleles
0.3% missing data
   2   (0.900) 0.912 0.757 0.897 0.899 
   1   (0.100) 0.088 0.243 0.103 0.101 

Locus 103 : NC_035780.1:76 
2 alleles
2.9% missing data
   1   (0.335) 0.353 0.613 0.322 0.326 
   2   (0.665) 0.647 0.387 0.678 0.674 

Locus 104 : NC_035780.1:76 
2 alleles
2.9% missing data
   2   (0.934) 0.917 0.995 0.943 0.941 
   1   (0.066) 0.083 0.005 0.057 0.059 

Locus 105 : NC_035780.1:77 
2 alleles
4.5% missing data
   2   (0.844) 0.883 0.926 0.838 0.821 
   1   (0.156) 0.117 0.074 0.162 0.179 

Locus 106 : NC_035780.1:77 
2 alleles
4.5% missing data
   2   (0.902) 0.897 0.662 0.903 0.912 
   1   (0.098) 0.103 0.338 0.097 0.088 

Locus 107 : NC_035780.1:79 
2 alleles
0.0% missing data
   2   (0.924) 0.926 0.870 0.929 0.927 
   1   (0.076) 0.074 0.130 0.071 0.073 

Locus 108 : NC_035780.1:81 
2 alleles
0.0% missing data
   1   (0.461) 0.447 0.117 0.486 0.457 
   2   (0.539) 0.553 0.883 0.514 0.543 

Locus 109 : NC_035780.1:81 
2 alleles
0.0% missing data
   2   (0.882) 0.862 0.962 0.881 0.898 
   1   (0.118) 0.138 0.038 0.119 0.102 

Locus 110 : NC_035780.1:81 
2 alleles
0.0% missing data
   1   (0.383) 0.366 0.441 0.387 0.389 
   2   (0.617) 0.634 0.559 0.613 0.611 

Locus 111 : NC_035780.1:82 
2 alleles
0.0% missing data
   2   (0.925) 0.923 0.906 0.932 0.929 
   1   (0.075) 0.077 0.094 0.068 0.071 

Locus 112 : NC_035780.1:83 
2 alleles
3.4% missing data
   1   (0.163) 0.157 0.011 0.169 0.165 
   2   (0.837) 0.843 0.989 0.831 0.835 

Locus 113 : NC_035780.1:83 
2 alleles
3.4% missing data
   2   (0.935) 0.949 0.996 0.918 0.938 
   1   (0.065) 0.051 0.004 0.082 0.062 

Locus 114 : NC_035780.1:83 
2 alleles
0.0% missing data
   2   (0.932) 0.931 0.933 0.929 0.941 
   1   (0.068) 0.069 0.067 0.071 0.059 

Locus 115 : NC_035780.1:83 
2 alleles
0.0% missing data
   2   (0.875) 0.877 0.597 0.882 0.877 
   1   (0.125) 0.123 0.403 0.118 0.123 

Locus 116 : NC_035780.1:84 
2 alleles
0.0% missing data
   2   (0.906) 0.907 0.717 0.915 0.907 
   1   (0.094) 0.093 0.283 0.085 0.093 

Locus 117 : NC_035780.1:85 
2 alleles
0.3% missing data
   2   (0.889) 0.882 0.884 0.889 0.900 
   1   (0.111) 0.118 0.116 0.111 0.100 

Locus 118 : NC_035780.1:85 
2 alleles
0.3% missing data
   2   (0.583) 0.570 0.858 0.573 0.594 
   1   (0.417) 0.430 0.142 0.427 0.406 

Locus 119 : NC_035780.1:86 
2 alleles
0.0% missing data
   2   (0.910) 0.929 0.882 0.895 0.912 
   1   (0.090) 0.071 0.118 0.105 0.088 

Locus 120 : NC_035780.1:86 
2 alleles
0.0% missing data
   2   (0.596) 0.559 0.696 0.617 0.605 
   1   (0.404) 0.441 0.304 0.383 0.395 

Locus 121 : NC_035780.1:86 
2 alleles
0.0% missing data
   2   (0.959) 0.960 0.997 0.961 0.961 
   1   (0.041) 0.040 0.003 0.039 0.039 

Locus 122 : NC_035780.1:86 
2 alleles
0.0% missing data
   2   (0.954) 0.954 0.996 0.962 0.950 
   1   (0.046) 0.046 0.004 0.038 0.050 

Locus 123 : NC_035780.1:86 
2 alleles
0.0% missing data
   1   (0.185) 0.176 0.087 0.175 0.197 
   2   (0.815) 0.824 0.913 0.825 0.803 

Locus 124 : NC_035780.1:86 
2 alleles
0.0% missing data
   2   (0.914) 0.920 0.961 0.915 0.915 
   1   (0.086) 0.080 0.039 0.085 0.085 

Locus 125 : NC_035780.1:86 
2 alleles
0.0% missing data
   1   (0.155) 0.144 0.099 0.159 0.157 
   2   (0.845) 0.856 0.901 0.841 0.843 

Locus 126 : NC_035780.1:86 
2 alleles
0.0% missing data
   2   (0.910) 0.914 0.751 0.911 0.914 
   1   (0.090) 0.086 0.249 0.089 0.086 

Locus 127 : NC_035780.1:86 
2 alleles
0.0% missing data
   1   (0.177) 0.179 0.044 0.160 0.187 
   2   (0.823) 0.821 0.956 0.840 0.813 

Locus 128 : NC_035780.1:86 
2 alleles
0.0% missing data
   2   (0.908) 0.905 0.884 0.905 0.918 
   1   (0.092) 0.095 0.116 0.095 0.082 

Locus 129 : NC_035780.1:87 
2 alleles
0.3% missing data
   2   (0.800) 0.791 0.707 0.802 0.811 
   1   (0.200) 0.209 0.293 0.198 0.189 

Locus 130 : NC_035780.1:87 
2 alleles
0.0% missing data
