

----------------------------------------------------
STRUCTURE by Pritchard, Stephens and Donnelly (2000)
     and Falush, Stephens and Pritchard (2003)
       Code by Pritchard, Falush and Hubisz
             Version 2.3.4 (Jul 2012)
----------------------------------------------------



Command line arguments:   /programs/structure_2_3_4/bin/structure -K 4 -i /workdir/yc2644/CV_NYC_ddRAD/structure/n380_all_cor/threader_input/n380_all_SNP.DP3g95p10maf05.HWE.mod.biallelic.all_exGRV.n396_indep_50_1_0.2_pruned.nochr156invers.n380_refil.recode.strct_in -o /workdir/yc2644/CV_NYC_ddRAD/structure/n380_all_cor/str_K4_rep10 -D 2153978 -m /workdir/yc2644/CV_NYC_ddRAD/structure/n380_all_cor/threader_input/mainparams -e /workdir/yc2644/CV_NYC_ddRAD/structure/n380_all_cor/threader_input/extraparams 
Input File:    /workdir/yc2644/CV_NYC_ddRAD/structure/n380_all_cor/threader_input/n380_all_SNP.DP3g95p10maf05.HWE.mod.biallelic.all_exGRV.n396_indep_50_1_0.2_pruned.nochr156invers.n380_refil.recode.strct_in

Run parameters:
   380 individuals
   5625 loci
   4 populations assumed
   10000 Burn-in period
   20000 Reps
RANDOMIZE turned off


--------------------------------------------
Overall proportion of membership of the
sample in each of the 4 clusters

Inferred Clusters
  1      2      3      4    
0.238  0.077  0.263  0.422  

--------------------------------------------

Allele-freq. divergence among pops (Net nucleotide distance),
computed using point estimates of P.

      1       2       3       4      
 1      -    0.0229  0.0003  0.0005  
 2   0.0229     -    0.0229  0.0235  
 3   0.0003  0.0229     -    0.0004  
 4   0.0005  0.0235  0.0004     -    

Average distances (expected heterozygosity) between individuals in same cluster:
cluster  1  : 0.2552 
cluster  2  : 0.2213 
cluster  3  : 0.2553 
cluster  4  : 0.2541 

--------------------------------------------
Estimated Ln Prob of Data   = -1712663.7
Mean value of ln likelihood = -1704413.1
Variance of ln likelihood   = 16501.2
Mean value of alpha         = 0.0723

Mean value of Fst_1         = 0.0043
Mean value of Fst_2         = 0.2133
Mean value of Fst_3         = 0.0033
Mean value of Fst_4         = 0.0050


Inferred ancestry of individuals:
        Label (%Miss) :  Inferred clusters
  1 AB812s-002    (1)   :  0.007 0.002 0.983 0.009 
  2 AB812s-004    (0)   :  0.613 0.003 0.345 0.040 
  3 AB812s-005    (0)   :  0.157 0.029 0.796 0.017 
  4 AB812s-008    (1)   :  0.976 0.005 0.011 0.008 
  5 AB812s-009    (1)   :  0.224 0.004 0.061 0.711 
  6 AB812s-011    (0)   :  0.879 0.007 0.045 0.068 
  7 AB812s-012    (1)   :  0.017 0.001 0.937 0.045 
  8 AB812s-013    (0)   :  0.892 0.001 0.094 0.012 
  9 AB812s-014    (0)   :  0.304 0.001 0.594 0.101 
 10 AB812s-015    (0)   :  0.836 0.001 0.018 0.145 
 11 AB812s-017    (0)   :  0.531 0.002 0.455 0.013 
 12 AB812s-018    (0)   :  0.040 0.007 0.902 0.052 
 13 AB812s-019    (1)   :  0.026 0.002 0.938 0.034 
 14 AB812s-020    (1)   :  0.884 0.003 0.051 0.062 
 15 AB812s-021    (1)   :  0.933 0.002 0.022 0.044 
 16 AB812s-022    (0)   :  0.592 0.014 0.272 0.122 
 17 AB812s-024    (0)   :  0.336 0.005 0.617 0.042 
 18 AB812s-027    (0)   :  0.672 0.135 0.183 0.009 
 19 AB812s-029    (0)   :  0.596 0.013 0.353 0.038 
 20 AB812s-030    (0)   :  0.009 0.003 0.325 0.663 
 21 AB812s-031    (0)   :  0.164 0.059 0.421 0.356 
 22 AB812s-032    (0)   :  0.005 0.016 0.958 0.021 
 23 FI1012-001    (1)   :  0.000 1.000 0.000 0.000 
 24 FI1012-001r    (0)   :  0.000 0.999 0.000 0.000 
 25 FI1012-002    (0)   :  0.000 1.000 0.000 0.000 
 26 FI1012-005    (1)   :  0.001 0.997 0.001 0.002 
 27 FI1012-007    (1)   :  0.001 0.998 0.001 0.001 
 28 FI1012-010    (1)   :  0.000 1.000 0.000 0.000 
 29 FI1012-011    (1)   :  0.006 0.981 0.008 0.006 
 30 FI1012-012    (1)   :  0.000 0.999 0.000 0.000 
 31 FI1012-013    (0)   :  0.000 1.000 0.000 0.000 
 32 FI1012-014    (1)   :  0.000 0.999 0.000 0.000 
 33 FI1012-016    (1)   :  0.000 1.000 0.000 0.000 
 34 FI1012-019    (1)   :  0.015 0.974 0.004 0.007 
 35 FI1012-020    (0)   :  0.000 0.999 0.000 0.000 
 36 FIS1013a-00    (1)   :  0.082 0.887 0.007 0.025 
 37 FIS1013a-00    (1)   :  0.049 0.924 0.025 0.002 
 38 FIS1013a-00    (0)   :  0.286 0.709 0.004 0.002 
 39 FIS1013a-00    (1)   :  0.018 0.948 0.016 0.018 
 40 FIS1013a-00    (1)   :  0.046 0.835 0.107 0.012 
 41 FIS1013a-01    (0)   :  0.081 0.892 0.024 0.004 
 42 FIS1013a-01    (0)   :  0.044 0.882 0.048 0.026 
 43 FIS1013a-01    (1)   :  0.113 0.795 0.083 0.008 
 44 FIS1013a-01    (1)   :  0.161 0.692 0.146 0.001 
 45 FIS1013a-01    (1)   :  0.016 0.955 0.015 0.015 
 46 FIS1013a-02    (1)   :  0.003 0.992 0.003 0.002 
 47 FIS1013a-02    (1)   :  0.025 0.854 0.030 0.091 
 48 FIS1013a-02    (1)   :  0.055 0.874 0.051 0.020 
 49 FIS1013a-02    (1)   :  0.015 0.901 0.072 0.011 
 50 HH0512a-001    (1)   :  0.023 0.001 0.010 0.966 
 51 HH0512a-002    (0)   :  0.011 0.001 0.008 0.981 
 52 HH0512a-004    (0)   :  0.039 0.002 0.092 0.867 
 53 HH0512a-006    (0)   :  0.060 0.001 0.008 0.930 
 54 HH0512a-007    (1)   :  0.030 0.003 0.008 0.959 
 55 HH0512a-009    (0)   :  0.011 0.001 0.965 0.023 
 56 HH0512a-010    (0)   :  0.837 0.000 0.075 0.088 
 57 HH0512a-012    (0)   :  0.059 0.002 0.071 0.868 
 58 HH0512a-013    (1)   :  0.054 0.012 0.100 0.834 
 59 HH0512a-015    (0)   :  0.820 0.002 0.080 0.098 
 60 HH0512a-017    (0)   :  0.543 0.011 0.089 0.358 
 61 HH0512a-018    (1)   :  0.007 0.000 0.040 0.952 
 62 HH0512a-020    (1)   :  0.011 0.001 0.110 0.878 
 63 HH0512a-021    (1)   :  0.015 0.001 0.011 0.973 
 64 HH0512a-022    (0)   :  0.017 0.001 0.017 0.964 
 65 HH0512a-023    (0)   :  0.182 0.001 0.039 0.778 
 66 HH0512a-029    (0)   :  0.011 0.006 0.010 0.973 
 67 HH1013a-001    (1)   :  0.021 0.002 0.006 0.971 
 68 HH1013a-002    (0)   :  0.014 0.001 0.662 0.323 
 69 HH1013a-003    (0)   :  0.013 0.010 0.036 0.942 
 70 HH1013a-005    (0)   :  0.019 0.005 0.006 0.970 
 71 HH1013a-006    (0)   :  0.040 0.003 0.367 0.591 
 72 HH1013a-007    (0)   :  0.004 0.001 0.006 0.989 
 73 HH1013a-009    (0)   :  0.040 0.003 0.028 0.929 
 74 HH1013a-010    (0)   :  0.016 0.005 0.041 0.938 
 75 HH1013a-011    (1)   :  0.014 0.001 0.019 0.965 
 76 HH1013a-012    (0)   :  0.107 0.001 0.011 0.881 
 77 HH1013a-013    (0)   :  0.964 0.002 0.011 0.023 
 78 HH1013a-014    (1)   :  0.009 0.002 0.892 0.097 
 79 HH1013a-015    (1)   :  0.173 0.002 0.023 0.802 
 80 HH1013a-016    (0)   :  0.004 0.005 0.010 0.981 
 81 HH1013a-017    (0)   :  0.031 0.003 0.393 0.573 
 82 HH1013a-018    (1)   :  0.014 0.012 0.047 0.927 
 83 HH1013a-019    (0)   :  0.019 0.004 0.010 0.967 
 84 HH1013a-020    (0)   :  0.662 0.001 0.038 0.300 
 85 HH1013a-021    (0)   :  0.023 0.002 0.143 0.832 
 86 HH1013a-022    (0)   :  0.018 0.007 0.947 0.028 
 87 HH1013a-023    (1)   :  0.055 0.002 0.022 0.921 
 88 HH1013a-024    (1)   :  0.013 0.002 0.310 0.675 
 89 HH1013s-001    (1)   :  0.173 0.006 0.157 0.664 
 90 HH1013s-002    (1)   :  0.029 0.003 0.114 0.854 
 91 HH1013s-003    (0)   :  0.023 0.005 0.911 0.061 
 92 HH1013s-005    (1)   :  0.113 0.001 0.032 0.854 
 93 HH1013s-006    (1)   :  0.011 0.002 0.315 0.672 
 94 HH1013s-007    (0)   :  0.012 0.001 0.389 0.598 
 95 HH1013s-008    (0)   :  0.022 0.001 0.014 0.963 
 96 HH1013s-009    (1)   :  0.006 0.003 0.295 0.697 
 97 HH1013s-010    (1)   :  0.010 0.001 0.013 0.976 
 98 HH1013s-011    (1)   :  0.010 0.004 0.008 0.979 
 99 HH1013s-012    (1)   :  0.020 0.001 0.055 0.924 
100 HH1013s-013    (0)   :  0.048 0.001 0.021 0.930 
101 HH1013s-014    (0)   :  0.057 0.002 0.069 0.872 
102 HH1013s-016    (1)   :  0.181 0.001 0.019 0.799 
103 HH1013s-017    (1)   :  0.015 0.003 0.018 0.964 
104 HH1013s-018    (1)   :  0.749 0.001 0.013 0.237 
105 HH1013s-019    (0)   :  0.579 0.001 0.031 0.389 
106 HH1013s-020    (0)   :  0.090 0.004 0.013 0.892 
107 HH1013s-021    (1)   :  0.012 0.001 0.012 0.975 
108 HH1013s-022    (0)   :  0.029 0.000 0.040 0.930 
109 HH1013s-023    (0)   :  0.053 0.005 0.029 0.913 
110 HH1013s-024    (0)   :  0.032 0.001 0.011 0.956 
111 HH1013s-025    (1)   :  0.075 0.015 0.007 0.903 
112 HH812s-001    (1)   :  0.032 0.005 0.037 0.927 
113 HH812s-003    (1)   :  0.060 0.006 0.170 0.764 
114 HH812s-006    (0)   :  0.044 0.002 0.015 0.939 
115 HH812s-010    (1)   :  0.012 0.003 0.023 0.963 
116 HH812s-013    (0)   :  0.018 0.009 0.042 0.931 
117 HH812s-018    (0)   :  0.103 0.001 0.053 0.843 
118 HH812s-019    (1)   :  0.687 0.015 0.009 0.290 
119 HH812s-024    (0)   :  0.004 0.002 0.009 0.985 
120 HH812s-025    (0)   :  0.097 0.002 0.048 0.852 
121 HH812s-030    (0)   :  0.027 0.019 0.103 0.851 
122 HH812s-035    (0)   :  0.005 0.001 0.009 0.985 
123 HH812s-036    (1)   :  0.017 0.001 0.012 0.970 
124 HH812s-037    (0)   :  0.028 0.001 0.053 0.918 
125 HH812s-039    (1)   :  0.022 0.001 0.636 0.341 
126 HH812s-040    (0)   :  0.134 0.001 0.089 0.776 
127 HH812s-042    (0)   :  0.084 0.001 0.004 0.911 
128 HH812s-046    (0)   :  0.010 0.002 0.003 0.984 
129 HH812s-048    (0)   :  0.014 0.001 0.006 0.979 
130 HH812s-050    (1)   :  0.010 0.003 0.021 0.965 
131 HH812s-052    (1)   :  0.583 0.005 0.005 0.408 
132 HH812s-054    (1)   :  0.041 0.002 0.087 0.871 
133 HH812s-056    (1)   :  0.017 0.011 0.068 0.904 
134 HH912s-109    (0)   :  0.017 0.002 0.022 0.960 
135 HH912s-110    (0)   :  0.036 0.001 0.233 0.730 
136 HH912s-111    (0)   :  0.025 0.001 0.174 0.800 
137 HH912s-113    (0)   :  0.010 0.001 0.177 0.813 
138 HH912s-114    (0)   :  0.167 0.001 0.308 0.523 
139 HH912s-115    (0)   :  0.004 0.007 0.008 0.980 
140 HH912s-116    (1)   :  0.689 0.001 0.010 0.300 
141 HH912s-117    (0)   :  0.117 0.009 0.313 0.561 
142 HH912s-118    (1)   :  0.011 0.002 0.820 0.167 
143 HH912s-119    (1)   :  0.024 0.001 0.043 0.932 
144 HH912s-120    (0)   :  0.027 0.001 0.047 0.925 
145 HH912s-121    (0)   :  0.011 0.001 0.022 0.967 
146 HH912s-122    (1)   :  0.033 0.004 0.028 0.936 
147 HH912s-123    (0)   :  0.010 0.001 0.023 0.966 
148 HH912s-124    (0)   :  0.028 0.003 0.035 0.933 
149 HH912s-125    (0)   :  0.050 0.004 0.819 0.126 
150 HH912s-126    (0)   :  0.178 0.005 0.074 0.743 
151 HH912s-127    (0)   :  0.037 0.002 0.039 0.923 
152 HH912s-128    (0)   :  0.019 0.001 0.006 0.973 
153 HH912s-129    (0)   :  0.020 0.001 0.266 0.713 
154 HH912s-130    (0)   :  0.191 0.004 0.081 0.724 
155 HH912s-131    (0)   :  0.040 0.002 0.057 0.901 
156 HH912s-132    (0)   :  0.102 0.006 0.309 0.584 
157 IRV1012-001    (0)   :  0.007 0.008 0.616 0.369 
158 IRV1012-002    (0)   :  0.036 0.001 0.027 0.936 
159 IRV1012-003    (0)   :  0.013 0.002 0.011 0.974 
160 IRV1012-004    (1)   :  0.071 0.001 0.025 0.903 
161 IRV1012-006    (0)   :  0.009 0.001 0.016 0.974 
162 IRV1012-007    (0)   :  0.109 0.002 0.075 0.815 
163 IRV1012-008    (0)   :  0.203 0.001 0.626 0.169 
164 IRV1012-009    (1)   :  0.131 0.001 0.113 0.755 
165 IRV1012-010    (0)   :  0.022 0.001 0.128 0.849 
166 IRV1012-011    (0)   :  0.009 0.001 0.020 0.971 
167 IRV1012-012    (0)   :  0.200 0.001 0.581 0.218 
168 IRV1012-013    (0)   :  0.068 0.002 0.822 0.108 
169 IRV1012-014    (0)   :  0.046 0.001 0.028 0.925 
170 IRV1012-015    (0)   :  0.020 0.003 0.030 0.947 
171 IRV1012-016    (0)   :  0.033 0.001 0.070 0.896 
172 IRV1012-017    (0)   :  0.011 0.002 0.185 0.802 
173 IRV1012-018    (1)   :  0.038 0.002 0.034 0.925 
174 IRV1012-019    (0)   :  0.066 0.005 0.074 0.855 
175 IRV1012-020    (0)   :  0.153 0.001 0.559 0.288 
176 IRV1012-021    (0)   :  0.007 0.003 0.014 0.977 
177 IRV1012-022    (0)   :  0.005 0.000 0.013 0.981 
178 IRV1012-023    (0)   :  0.006 0.001 0.021 0.972 
179 IRV1012-024    (1)   :  0.007 0.012 0.341 0.640 
180 NTC1013a-00    (0)   :  0.871 0.019 0.055 0.056 
181 NTC1013a-00    (1)   :  0.108 0.003 0.878 0.010 
182 NTC1013a-00    (0)   :  0.041 0.002 0.938 0.019 
183 NTC1013a-00    (1)   :  0.146 0.007 0.710 0.137 
184 NTC1013a-00    (1)   :  0.785 0.032 0.145 0.038 
185 NTC1013a-00    (0)   :  0.799 0.003 0.071 0.127 
186 NTC1013a-00    (1)   :  0.917 0.006 0.028 0.049 
187 NTC1013a-00    (0)   :  0.081 0.042 0.857 0.020 
188 NTC1013a-01    (0)   :  0.924 0.048 0.008 0.020 
189 NTC1013a-01    (0)   :  0.009 0.004 0.976 0.012 
190 NTC1013a-01    (0)   :  0.021 0.031 0.943 0.005 
191 NTC1013a-01    (0)   :  0.676 0.196 0.107 0.022 
192 NTC1013a-01    (0)   :  0.962 0.002 0.022 0.015 
193 NTC1013a-01    (0)   :  0.652 0.003 0.294 0.051 
194 NTC1013a-01    (0)   :  0.929 0.004 0.044 0.022 
195 NTC1013a-01    (1)   :  0.816 0.003 0.121 0.060 
196 NTC1013a-01    (0)   :  0.936 0.003 0.037 0.024 
197 NTC1013a-01    (0)   :  0.453 0.001 0.482 0.065 
198 NTC1013a-02    (0)   :  0.026 0.003 0.950 0.021 
199 NTC1013a-02    (0)   :  0.696 0.003 0.277 0.024 
200 PM1012-01    (0)   :  0.036 0.001 0.032 0.931 
201 PM1012-02    (1)   :  0.008 0.001 0.017 0.973 
202 PM1012-04    (1)   :  0.077 0.001 0.278 0.644 
203 PM1012-06    (0)   :  0.037 0.007 0.044 0.912 
204 PM1012-07    (0)   :  0.032 0.001 0.033 0.934 
205 PM1012-09    (0)   :  0.006 0.004 0.665 0.325 
206 PM1012-10    (0)   :  0.015 0.001 0.020 0.964 
207 PM1012-13    (0)   :  0.227 0.000 0.014 0.759 
208 PM1012-14    (0)   :  0.607 0.003 0.046 0.344 
209 PM1012-16    (1)   :  0.031 0.001 0.030 0.937 
210 PM1012-17    (0)   :  0.006 0.000 0.920 0.073 
211 PM1012-23    (0)   :  0.009 0.001 0.010 0.979 
212 PM1012-24    (1)   :  0.060 0.000 0.053 0.886 
213 PM1012-25    (0)   :  0.062 0.001 0.069 0.869 
214 PM1012-26    (3)   :  0.006 0.004 0.007 0.983 
215 PM1012-27    (0)   :  0.196 0.023 0.040 0.741 
216 PRA1013a-00    (1)   :  0.085 0.001 0.150 0.764 
217 PRA1013a-00    (1)   :  0.222 0.001 0.033 0.743 
218 PRA1013a-00    (0)   :  0.031 0.001 0.020 0.947 
219 PRA1013a-00    (0)   :  0.042 0.002 0.010 0.946 
220 PRA1013a-00    (0)   :  0.002 0.005 0.007 0.986 
221 PRA1013a-00    (0)   :  0.069 0.001 0.760 0.171 
222 PRA1013a-00    (1)   :  0.099 0.001 0.348 0.552 
223 PRA1013a-01    (0)   :  0.725 0.268 0.001 0.005 
224 PRA1013a-01    (1)   :  0.013 0.001 0.924 0.062 
225 PRA1013a-01    (0)   :  0.025 0.004 0.860 0.111 
226 PRA1013a-01    (0)   :  0.022 0.001 0.013 0.964 
227 PRA1013a-01    (1)   :  0.917 0.003 0.059 0.020 
228 PRA1013a-02    (1)   :  0.013 0.002 0.060 0.925 
229 PRA1013a-02    (1)   :  0.025 0.001 0.115 0.859 
230 PRA1013a-02    (0)   :  0.037 0.001 0.005 0.956 
231 PRA1013a-03    (0)   :  0.070 0.002 0.079 0.848 
232 PRA1013a-03    (1)   :  0.008 0.001 0.006 0.985 
233 PRA1013a-03    (0)   :  0.006 0.001 0.009 0.983 
234 PRA1013a-03    (0)   :  0.011 0.004 0.013 0.973 
235 PRA1013a-03    (0)   :  0.401 0.003 0.081 0.515 
236 PRA1013a-03    (0)   :  0.025 0.002 0.010 0.962 
237 PRA1013a-03    (0)   :  0.080 0.003 0.073 0.844 
238 PRA1013a-03    (1)   :  0.019 0.013 0.005 0.963 
239 RI812s-001    (0)   :  0.051 0.046 0.875 0.028 
240 RI812s-002    (1)   :  0.071 0.066 0.854 0.010 
241 RI812s-003    (1)   :  0.029 0.018 0.806 0.147 
242 RI812s-005    (1)   :  0.063 0.013 0.913 0.011 
243 RI812s-006    (0)   :  0.016 0.001 0.975 0.007 
244 RI812s-007    (0)   :  0.188 0.002 0.789 0.021 
245 RI812s-009    (0)   :  0.924 0.073 0.002 0.001 
246 RI812s-010    (1)   :  0.435 0.063 0.016 0.486 
247 RI812s-011    (0)   :  0.170 0.044 0.765 0.021 
248 RI812s-013    (1)   :  0.496 0.002 0.134 0.369 
249 RI812s-014    (1)   :  0.035 0.004 0.952 0.010 
250 RI812s-015    (0)   :  0.039 0.003 0.938 0.020 
251 RI812s-016    (0)   :  0.732 0.229 0.035 0.004 
252 SV0512a-001    (0)   :  0.399 0.003 0.514 0.083 
253 SV0512a-002    (1)   :  0.023 0.003 0.952 0.022 
254 SV0512a-003    (0)   :  0.119 0.008 0.815 0.058 
255 SV0512a-005    (1)   :  0.623 0.003 0.311 0.062 
256 SV0512a-007    (1)   :  0.840 0.086 0.067 0.008 
257 SV0512a-008    (1)   :  0.904 0.059 0.033 0.004 
258 SV0512a-009    (1)   :  0.007 0.002 0.966 0.025 
259 SV0512a-010    (0)   :  0.341 0.005 0.582 0.072 
260 SV0512a-011    (0)   :  0.003 0.196 0.797 0.004 
261 SV0512a-013    (1)   :  0.413 0.002 0.021 0.564 
262 SV0512a-014    (6)   :  0.024 0.003 0.934 0.039 
263 SV0512a-016    (1)   :  0.903 0.003 0.064 0.030 
264 SV0512a-018    (4)   :  0.014 0.088 0.877 0.020 
265 SV0512a-021    (2)   :  0.021 0.009 0.951 0.019 
266 SV0512a-022    (0)   :  0.978 0.012 0.006 0.004 
267 SV0512a-023    (2)   :  0.930 0.001 0.051 0.018 
268 SV0512a-024    (0)   :  0.888 0.024 0.083 0.005 
269 SV0512a-025    (0)   :  0.017 0.002 0.957 0.024 
270 SV0512a-027    (0)   :  0.578 0.001 0.402 0.019 
271 SV0512a-028    (3)   :  0.518 0.046 0.043 0.394 
272 SV1013a-001    (0)   :  0.937 0.051 0.004 0.008 
273 SV1013a-002    (1)   :  0.296 0.001 0.431 0.272 
274 SV1013a-003    (0)   :  0.459 0.004 0.353 0.185 
275 SV1013a-005    (0)   :  0.967 0.017 0.011 0.005 
276 SV1013a-006    (0)   :  0.009 0.002 0.982 0.008 
277 SV1013a-007    (0)   :  0.009 0.002 0.978 0.011 
278 SV1013a-008    (0)   :  0.946 0.001 0.042 0.011 
279 SV1013a-009    (0)   :  0.799 0.041 0.104 0.056 
280 SV1013a-010    (1)   :  0.912 0.005 0.028 0.055 
281 SV1013a-011    (0)   :  0.169 0.001 0.717 0.113 
282 SV1013a-012    (0)   :  0.427 0.029 0.535 0.009 
283 SV1013a-013    (0)   :  0.913 0.005 0.029 0.054 
284 SV1013a-014    (0)   :  0.127 0.001 0.854 0.018 
285 SV1013a-015    (0)   :  0.045 0.002 0.921 0.032 
286 SV1013a-016    (0)   :  0.033 0.001 0.911 0.055 
287 SV1013a-017    (0)   :  0.024 0.015 0.609 0.351 
288 SV1013a-018    (0)   :  0.843 0.001 0.029 0.127 
289 SV1013a-019    (0)   :  0.971 0.013 0.009 0.007 
290 SV1013a-020    (0)   :  0.021 0.143 0.826 0.009 
291 SV1013a-021    (0)   :  0.140 0.001 0.802 0.057 
292 SV1013a-022    (1)   :  0.922 0.057 0.013 0.008 
293 SV1013a-023    (0)   :  0.373 0.008 0.586 0.033 
294 SV1013a-024    (0)   :  0.375 0.057 0.564 0.005 
295 SV812s-026    (1)   :  0.038 0.004 0.895 0.063 
296 SV812s-027    (0)   :  0.602 0.046 0.038 0.314 
297 SV812s-029    (0)   :  0.036 0.001 0.559 0.404 
298 SV812s-030    (0)   :  0.010 0.062 0.916 0.012 
299 SV812s-031    (0)   :  0.969 0.002 0.020 0.009 
300 SV812s-032    (0)   :  0.012 0.049 0.937 0.003 
301 SV812s-033    (0)   :  0.883 0.001 0.106 0.010 
302 SV812s-034    (0)   :  0.034 0.006 0.939 0.020 
303 SV812s-037    (0)   :  0.196 0.009 0.383 0.412 
304 SV812s-038    (0)   :  0.053 0.002 0.920 0.025 
305 SV812s-039    (0)   :  0.631 0.002 0.246 0.120 
306 SV812s-040    (0)   :  0.032 0.003 0.713 0.252 
307 SV812s-041    (0)   :  0.010 0.001 0.979 0.009 
308 SV812s-042    (0)   :  0.940 0.002 0.049 0.008 
309 SV812s-043    (1)   :  0.145 0.007 0.514 0.334 
310 SV812s-044    (0)   :  0.910 0.001 0.061 0.029 
311 SV812s-046    (0)   :  0.743 0.020 0.171 0.065 
312 SV812s-047    (0)   :  0.011 0.001 0.932 0.056 
313 SV812s-048    (1)   :  0.897 0.002 0.053 0.048 
314 SV812s-049    (0)   :  0.053 0.001 0.853 0.093 
315 SV812s-050    (1)   :  0.200 0.003 0.515 0.282 
316 SV812s-051    (0)   :  0.968 0.003 0.016 0.012 
317 SV812s-052    (0)   :  0.944 0.034 0.014 0.009 
318 SV912s-001    (1)   :  0.949 0.003 0.025 0.023 
319 SV912s-002    (0)   :  0.019 0.031 0.878 0.071 
320 SV912s-003    (0)   :  0.777 0.075 0.026 0.122 
321 SV912s-005    (1)   :  0.897 0.068 0.009 0.026 
322 SV912s-006    (1)   :  0.939 0.001 0.048 0.012 
323 SV912s-007    (0)   :  0.174 0.005 0.781 0.039 
324 SV912s-008    (1)   :  0.242 0.002 0.700 0.056 
325 SV912s-009    (0)   :  0.105 0.001 0.868 0.026 
326 SV912s-010    (1)   :  0.574 0.001 0.354 0.071 
327 SV912s-011    (1)   :  0.007 0.003 0.982 0.008 
328 SV912s-012    (1)   :  0.549 0.051 0.385 0.015 
329 SV912s-013    (0)   :  0.821 0.001 0.100 0.078 
330 SV912s-014    (1)   :  0.616 0.040 0.297 0.047 
331 SV912s-015    (0)   :  0.950 0.003 0.028 0.019 
332 SV912s-017    (0)   :  0.917 0.007 0.017 0.059 
333 SV912s-018    (1)   :  0.043 0.001 0.901 0.055 
334 SV912s-019    (1)   :  0.043 0.001 0.715 0.241 
335 SV912s-020    (1)   :  0.022 0.053 0.913 0.012 
336 SV912s-021    (0)   :  0.030 0.002 0.944 0.023 
337 SV912s-022    (0)   :  0.317 0.002 0.417 0.263 
338 SV912s-023    (0)   :  0.421 0.023 0.002 0.554 
339 SV912s-024    (0)   :  0.010 0.002 0.051 0.937 
340 SV912s-025    (1)   :  0.020 0.001 0.118 0.861 
341 TPZ0713-001    (1)   :  0.302 0.000 0.018 0.679 
342 TPZ0713-002    (1)   :  0.238 0.001 0.130 0.630 
343 TPZ0713-003    (0)   :  0.377 0.001 0.042 0.580 
344 TPZ0713-005    (0)   :  0.037 0.009 0.013 0.941 
345 TPZ0713-006    (1)   :  0.018 0.011 0.019 0.952 
346 TPZ0713-007    (1)   :  0.065 0.001 0.062 0.872 
347 TPZ0713-009    (1)   :  0.018 0.003 0.037 0.942 
348 TPZ0713-011    (1)   :  0.027 0.001 0.028 0.945 
349 TPZ0713-012    (1)   :  0.012 0.001 0.010 0.976 
350 TPZ0713-013    (0)   :  0.008 0.001 0.012 0.979 
351 TPZ0713-014    (1)   :  0.010 0.002 0.009 0.980 
352 TPZ0713-015    (0)   :  0.328 0.001 0.017 0.654 
353 TPZ0713-016    (0)   :  0.026 0.000 0.104 0.870 
354 TPZ0713-020    (1)   :  0.124 0.004 0.032 0.841 
355 TPZ0713-021    (1)   :  0.013 0.008 0.013 0.966 
356 TPZ0713-023    (0)   :  0.014 0.001 0.019 0.966 
357 TPZ0713-024    (1)   :  0.160 0.001 0.221 0.618 
358 TPZ0713-025    (1)   :  0.005 0.002 0.006 0.987 
359 TPZ0713-028    (1)   :  0.019 0.001 0.010 0.970 
360 TPZ0713-029    (1)   :  0.006 0.008 0.045 0.940 
361 WFM812s-049    (0)   :  0.662 0.001 0.300 0.037 
362 WFM812s-050    (1)   :  0.930 0.001 0.015 0.055 
363 WFM812s-051    (1)   :  0.962 0.001 0.028 0.009 
364 WFM812s-054    (0)   :  0.987 0.003 0.006 0.004 
365 WFM812s-056    (0)   :  0.008 0.001 0.977 0.014 
366 WFM812s-057    (1)   :  0.011 0.002 0.983 0.004 
367 WFM812s-058    (0)   :  0.028 0.003 0.934 0.035 
368 WFM812s-059    (0)   :  0.973 0.015 0.007 0.005 
369 WFM812s-060    (1)   :  0.766 0.212 0.011 0.011 
370 WFM812s-062    (0)   :  0.019 0.002 0.958 0.021 
371 WFM812s-063    (0)   :  0.246 0.004 0.461 0.289 
372 WFM812s-064    (0)   :  0.117 0.009 0.805 0.069 
373 WFM812s-065    (0)   :  0.936 0.002 0.050 0.012 
374 WFM812s-066    (0)   :  0.624 0.002 0.350 0.024 
375 WFM812s-067    (0)   :  0.589 0.005 0.384 0.021 
376 WFM812s-068    (1)   :  0.556 0.001 0.370 0.073 
377 WFM812s-069    (0)   :  0.404 0.004 0.216 0.376 
378 WFM812s-071    (0)   :  0.183 0.007 0.293 0.517 
379 WFM812s-072    (0)   :  0.027 0.008 0.956 0.009 
380 WFM812s-073    (1)   :  0.013 0.002 0.861 0.124 


Estimated Allele Frequencies in each cluster
First column gives estimated ancestral frequencies


Locus 1 : NC_035780.1:72 
2 alleles
1.1% missing data
   2   (0.802) 0.792 0.920 0.814 0.795 
   1   (0.198) 0.208 0.080 0.186 0.205 

Locus 2 : NC_035780.1:72 
2 alleles
1.1% missing data
   2   (0.889) 0.886 0.990 0.888 0.894 
   1   (0.111) 0.114 0.010 0.112 0.106 

Locus 3 : NC_035780.1:44 
2 alleles
0.3% missing data
   2   (0.929) 0.929 0.995 0.927 0.934 
   1   (0.071) 0.071 0.005 0.073 0.066 

Locus 4 : NC_035780.1:31 
2 alleles
0.0% missing data
   2   (0.902) 0.915 0.824 0.888 0.913 
   1   (0.098) 0.085 0.176 0.112 0.087 

Locus 5 : NC_035780.1:36 
2 alleles
0.0% missing data
   2   (0.668) 0.655 0.641 0.671 0.682 
   1   (0.332) 0.345 0.359 0.329 0.318 

Locus 6 : NC_035780.1:38 
2 alleles
0.0% missing data
   1   (0.177) 0.176 0.063 0.176 0.178 
   2   (0.823) 0.824 0.937 0.824 0.822 

Locus 7 : NC_035780.1:38 
2 alleles
0.0% missing data
   2   (0.790) 0.784 0.966 0.802 0.775 
   1   (0.210) 0.216 0.034 0.198 0.225 

Locus 8 : NC_035780.1:38 
2 alleles
0.0% missing data
   1   (0.111) 0.115 0.250 0.104 0.109 
   2   (0.889) 0.885 0.750 0.896 0.891 

Locus 9 : NC_035780.1:38 
2 alleles
0.0% missing data
   2   (0.912) 0.919 0.887 0.907 0.919 
   1   (0.088) 0.081 0.113 0.093 0.081 

Locus 10 : NC_035780.1:41 
2 alleles
3.2% missing data
   2   (0.830) 0.820 0.882 0.850 0.818 
   1   (0.170) 0.180 0.118 0.150 0.182 

Locus 11 : NC_035780.1:44 
2 alleles
0.0% missing data
   2   (0.904) 0.915 0.993 0.913 0.874 
   1   (0.096) 0.085 0.007 0.087 0.126 

Locus 12 : NC_035780.1:44 
2 alleles
0.0% missing data
   2   (0.905) 0.895 0.993 0.912 0.905 
   1   (0.095) 0.105 0.007 0.088 0.095 

Locus 13 : NC_035780.1:54 
2 alleles
3.7% missing data
   2   (0.910) 0.906 0.993 0.907 0.921 
   1   (0.090) 0.094 0.007 0.093 0.079 

Locus 14 : NC_035780.1:55 
2 alleles
0.3% missing data
   2   (0.931) 0.933 0.995 0.928 0.938 
   1   (0.069) 0.067 0.005 0.072 0.062 

Locus 15 : NC_035780.1:59 
2 alleles
0.0% missing data
   1   (0.406) 0.399 0.341 0.418 0.397 
   2   (0.594) 0.601 0.659 0.582 0.603 

Locus 16 : NC_035780.1:84 
2 alleles
1.8% missing data
   2   (0.911) 0.900 0.993 0.916 0.915 
   1   (0.089) 0.100 0.007 0.084 0.085 

Locus 17 : NC_035780.1:90 
2 alleles
1.3% missing data
   2   (0.914) 0.902 0.960 0.920 0.922 
   1   (0.086) 0.098 0.040 0.080 0.078 

Locus 18 : NC_035780.1:90 
2 alleles
1.3% missing data
   2   (0.937) 0.950 0.995 0.939 0.918 
   1   (0.063) 0.050 0.005 0.061 0.082 

Locus 19 : NC_035780.1:98 
2 alleles
0.0% missing data
   2   (0.847) 0.859 0.989 0.840 0.839 
   1   (0.153) 0.141 0.011 0.160 0.161 

Locus 20 : NC_035780.1:98 
2 alleles
0.0% missing data
   1   (0.492) 0.458 0.300 0.515 0.501 
   2   (0.508) 0.542 0.700 0.485 0.499 

Locus 21 : NC_035780.1:98 
2 alleles
0.0% missing data
   2   (0.818) 0.834 0.794 0.809 0.820 
   1   (0.182) 0.166 0.206 0.191 0.180 

Locus 22 : NC_035780.1:10 
2 alleles
3.9% missing data
   1   (0.264) 0.259 0.210 0.262 0.269 
   2   (0.736) 0.741 0.790 0.738 0.731 

Locus 23 : NC_035780.1:11 
2 alleles
0.0% missing data
   1   (0.156) 0.143 0.202 0.157 0.163 
   2   (0.844) 0.857 0.798 0.843 0.837 

Locus 24 : NC_035780.1:13 
2 alleles
0.0% missing data
   1   (0.197) 0.191 0.014 0.209 0.188 
   2   (0.803) 0.809 0.986 0.791 0.812 

Locus 25 : NC_035780.1:13 
2 alleles
0.0% missing data
   2   (0.725) 0.730 0.467 0.737 0.708 
   1   (0.275) 0.270 0.533 0.263 0.292 

Locus 26 : NC_035780.1:15 
2 alleles
0.3% missing data
   2   (0.944) 0.934 0.820 0.956 0.946 
   1   (0.056) 0.066 0.180 0.044 0.054 

Locus 27 : NC_035780.1:16 
2 alleles
0.0% missing data
   2   (0.910) 0.919 0.675 0.909 0.911 
   1   (0.090) 0.081 0.325 0.091 0.089 

Locus 28 : NC_035780.1:16 
2 alleles
0.0% missing data
   1   (0.173) 0.183 0.018 0.182 0.151 
   2   (0.827) 0.817 0.982 0.818 0.849 

Locus 29 : NC_035780.1:16 
2 alleles
5.8% missing data
   2   (0.924) 0.914 0.867 0.923 0.943 
   1   (0.076) 0.086 0.133 0.077 0.057 

Locus 30 : NC_035780.1:16 
2 alleles
5.8% missing data
   2   (0.940) 0.942 0.870 0.934 0.955 
   1   (0.060) 0.058 0.130 0.066 0.045 

Locus 31 : NC_035780.1:17 
2 alleles
0.0% missing data
   2   (0.904) 0.890 0.873 0.909 0.920 
   1   (0.096) 0.110 0.127 0.091 0.080 

Locus 32 : NC_035780.1:18 
2 alleles
0.3% missing data
   2   (0.923) 0.923 0.988 0.924 0.924 
   1   (0.077) 0.077 0.012 0.076 0.076 

Locus 33 : NC_035780.1:18 
2 alleles
1.3% missing data
   2   (0.939) 0.942 0.804 0.942 0.942 
   1   (0.061) 0.058 0.196 0.058 0.058 

Locus 34 : NC_035780.1:19 
2 alleles
0.0% missing data
   1   (0.283) 0.300 0.128 0.279 0.272 
   2   (0.717) 0.700 0.872 0.721 0.728 

Locus 35 : NC_035780.1:20 
2 alleles
0.5% missing data
   1   (0.461) 0.454 0.208 0.476 0.452 
   2   (0.539) 0.546 0.792 0.524 0.548 

Locus 36 : NC_035780.1:22 
2 alleles
1.6% missing data
   1   (0.211) 0.207 0.070 0.225 0.195 
   2   (0.789) 0.793 0.930 0.775 0.805 

Locus 37 : NC_035780.1:22 
2 alleles
1.6% missing data
   2   (0.882) 0.896 0.992 0.882 0.861 
   1   (0.118) 0.104 0.008 0.118 0.139 

Locus 38 : NC_035780.1:24 
2 alleles
0.0% missing data
   1   (0.467) 0.464 0.688 0.473 0.455 
   2   (0.533) 0.536 0.312 0.527 0.545 

Locus 39 : NC_035780.1:24 
2 alleles
0.0% missing data
   2   (0.858) 0.856 0.857 0.859 0.867 
   1   (0.142) 0.144 0.143 0.141 0.133 

Locus 40 : NC_035780.1:24 
2 alleles
0.0% missing data
   2   (0.889) 0.894 0.928 0.877 0.907 
   1   (0.111) 0.106 0.072 0.123 0.093 

Locus 41 : NC_035780.1:25 
2 alleles
0.3% missing data
   2   (0.815) 0.793 0.970 0.812 0.840 
   1   (0.185) 0.207 0.030 0.188 0.160 

Locus 42 : NC_035780.1:26 
2 alleles
0.8% missing data
   1   (0.349) 0.358 0.349 0.331 0.365 
   2   (0.651) 0.642 0.651 0.669 0.635 

Locus 43 : NC_035780.1:26 
2 alleles
0.8% missing data
   2   (0.816) 0.791 0.786 0.815 0.848 
   1   (0.184) 0.209 0.214 0.185 0.152 

Locus 44 : NC_035780.1:26 
2 alleles
0.0% missing data
   1   (0.298) 0.297 0.492 0.298 0.291 
   2   (0.702) 0.703 0.508 0.702 0.709 

Locus 45 : NC_035780.1:27 
2 alleles
0.0% missing data
   2   (0.908) 0.908 0.929 0.909 0.914 
   1   (0.092) 0.092 0.071 0.091 0.086 

Locus 46 : NC_035780.1:27 
2 alleles
0.0% missing data
   2   (0.963) 0.965 0.998 0.965 0.961 
   1   (0.037) 0.035 0.002 0.035 0.039 

Locus 47 : NC_035780.1:27 
2 alleles
3.4% missing data
   2   (0.869) 0.866 0.990 0.866 0.878 
   1   (0.131) 0.134 0.010 0.134 0.122 

Locus 48 : NC_035780.1:27 
2 alleles
3.4% missing data
   2   (0.877) 0.880 0.672 0.875 0.888 
   1   (0.123) 0.120 0.328 0.125 0.112 

Locus 49 : NC_035780.1:28 
2 alleles
3.9% missing data
   2   (0.960) 0.946 0.612 0.969 0.969 
   1   (0.040) 0.054 0.388 0.031 0.031 

Locus 50 : NC_035780.1:28 
2 alleles
3.9% missing data
   2   (0.911) 0.916 0.993 0.907 0.911 
   1   (0.089) 0.084 0.007 0.093 0.089 

Locus 51 : NC_035780.1:28 
2 alleles
0.0% missing data
   1   (0.481) 0.475 0.264 0.463 0.521 
   2   (0.519) 0.525 0.736 0.537 0.479 

Locus 52 : NC_035780.1:28 
2 alleles
0.0% missing data
   2   (0.906) 0.894 0.868 0.914 0.915 
   1   (0.094) 0.106 0.132 0.086 0.085 

Locus 53 : NC_035780.1:28 
2 alleles
1.1% missing data
   1   (0.179) 0.180 0.332 0.178 0.171 
   2   (0.821) 0.820 0.668 0.822 0.829 

Locus 54 : NC_035780.1:29 
2 alleles
0.0% missing data
   1   (0.192) 0.219 0.055 0.171 0.196 
   2   (0.808) 0.781 0.945 0.829 0.804 

Locus 55 : NC_035780.1:29 
2 alleles
0.0% missing data
   2   (0.944) 0.948 0.726 0.946 0.946 
   1   (0.056) 0.052 0.274 0.054 0.054 

Locus 56 : NC_035780.1:29 
2 alleles
0.0% missing data
   2   (0.829) 0.826 0.814 0.825 0.845 
   1   (0.171) 0.174 0.186 0.175 0.155 

Locus 57 : NC_035780.1:29 
2 alleles
0.0% missing data
   2   (0.904) 0.905 0.994 0.894 0.916 
   1   (0.096) 0.095 0.006 0.106 0.084 

Locus 58 : NC_035780.1:30 
2 alleles
0.3% missing data
   2   (0.933) 0.936 0.996 0.935 0.928 
   1   (0.067) 0.064 0.004 0.065 0.072 

Locus 59 : NC_035780.1:31 
2 alleles
0.8% missing data
   2   (0.893) 0.889 0.992 0.897 0.891 
   1   (0.107) 0.111 0.008 0.103 0.109 

Locus 60 : NC_035780.1:31 
2 alleles
0.8% missing data
   2   (0.637) 0.626 0.439 0.638 0.654 
   1   (0.363) 0.374 0.561 0.362 0.346 

Locus 61 : NC_035780.1:32 
2 alleles
0.0% missing data
   1   (0.365) 0.361 0.482 0.350 0.390 
   2   (0.635) 0.639 0.518 0.650 0.610 

Locus 62 : NC_035780.1:32 
2 alleles
0.0% missing data
   2   (0.726) 0.724 0.621 0.725 0.736 
   1   (0.274) 0.276 0.379 0.275 0.264 

Locus 63 : NC_035780.1:33 
2 alleles
3.4% missing data
   2   (0.947) 0.949 0.996 0.947 0.948 
   1   (0.053) 0.051 0.004 0.053 0.052 

Locus 64 : NC_035780.1:33 
2 alleles
3.4% missing data
   2   (0.830) 0.825 0.415 0.838 0.836 
   1   (0.170) 0.175 0.585 0.162 0.164 

Locus 65 : NC_035780.1:37 
2 alleles
0.3% missing data
   2   (0.921) 0.926 0.889 0.927 0.916 
   1   (0.079) 0.074 0.111 0.073 0.084 

Locus 66 : NC_035780.1:37 
2 alleles
0.3% missing data
   2   (0.873) 0.880 0.991 0.864 0.879 
   1   (0.127) 0.120 0.009 0.136 0.121 

Locus 67 : NC_035780.1:37 
2 alleles
0.0% missing data
   2   (0.923) 0.933 0.995 0.920 0.916 
   1   (0.077) 0.067 0.005 0.080 0.084 

Locus 68 : NC_035780.1:37 
2 alleles
0.0% missing data
   2   (0.805) 0.801 0.877 0.817 0.794 
   1   (0.195) 0.199 0.123 0.183 0.206 

Locus 69 : NC_035780.1:37 
2 alleles
0.0% missing data
   1   (0.141) 0.143 0.052 0.140 0.134 
   2   (0.859) 0.857 0.948 0.860 0.866 

Locus 70 : NC_035780.1:39 
2 alleles
0.0% missing data
   2   (0.926) 0.941 0.994 0.924 0.909 
   1   (0.074) 0.059 0.006 0.076 0.091 

Locus 71 : NC_035780.1:39 
2 alleles
0.0% missing data
   2   (0.843) 0.850 0.934 0.839 0.847 
   1   (0.157) 0.150 0.066 0.161 0.153 

Locus 72 : NC_035780.1:39 
2 alleles
0.0% missing data
   1   (0.308) 0.304 0.593 0.307 0.305 
   2   (0.692) 0.696 0.407 0.693 0.695 

Locus 73 : NC_035780.1:39 
2 alleles
0.0% missing data
   1   (0.131) 0.122 0.017 0.134 0.136 
   2   (0.869) 0.878 0.983 0.866 0.864 

Locus 74 : NC_035780.1:39 
2 alleles
2.9% missing data
   2   (0.669) 0.669 0.588 0.671 0.671 
   1   (0.331) 0.331 0.412 0.329 0.329 

Locus 75 : NC_035780.1:39 
2 alleles
0.3% missing data
   2   (0.878) 0.873 0.735 0.882 0.887 
   1   (0.122) 0.127 0.265 0.118 0.113 

Locus 76 : NC_035780.1:39 
2 alleles
0.3% missing data
   2   (0.885) 0.887 0.987 0.887 0.882 
   1   (0.115) 0.113 0.013 0.113 0.118 

Locus 77 : NC_035780.1:39 
2 alleles
0.3% missing data
   2   (0.541) 0.552 0.662 0.547 0.515 
   1   (0.459) 0.448 0.338 0.453 0.485 

Locus 78 : NC_035780.1:39 
2 alleles
0.3% missing data
   2   (0.970) 0.971 0.998 0.970 0.973 
   1   (0.030) 0.029 0.002 0.030 0.027 

Locus 79 : NC_035780.1:51 
2 alleles
0.3% missing data
   2   (0.962) 0.959 0.998 0.964 0.967 
   1   (0.038) 0.041 0.002 0.036 0.033 

Locus 80 : NC_035780.1:51 
2 alleles
1.3% missing data
   1   (0.324) 0.319 0.405 0.325 0.323 
   2   (0.676) 0.681 0.595 0.675 0.677 

Locus 81 : NC_035780.1:55 
2 alleles
0.0% missing data
   2   (0.904) 0.916 0.994 0.896 0.904 
   1   (0.096) 0.084 0.006 0.104 0.096 

Locus 82 : NC_035780.1:55 
2 alleles
2.1% missing data
   2   (0.781) 0.793 0.611 0.783 0.771 
   1   (0.219) 0.207 0.389 0.217 0.229 

Locus 83 : NC_035780.1:55 
2 alleles
0.5% missing data
   2   (0.856) 0.866 0.923 0.853 0.851 
   1   (0.144) 0.134 0.077 0.147 0.149 

Locus 84 : NC_035780.1:57 
2 alleles
0.0% missing data
   2   (0.949) 0.948 0.768 0.950 0.958 
   1   (0.051) 0.052 0.232 0.050 0.042 

Locus 85 : NC_035780.1:63 
2 alleles
2.1% missing data
   2   (0.948) 0.952 0.817 0.957 0.939 
   1   (0.052) 0.048 0.183 0.043 0.061 

Locus 86 : NC_035780.1:63 
2 alleles
1.3% missing data
   2   (0.894) 0.894 0.960 0.886 0.910 
   1   (0.106) 0.106 0.040 0.114 0.090 

Locus 87 : NC_035780.1:63 
2 alleles
1.3% missing data
   2   (0.737) 0.760 0.563 0.734 0.722 
   1   (0.263) 0.240 0.437 0.266 0.278 

Locus 88 : NC_035780.1:65 
2 alleles
0.0% missing data
   2   (0.863) 0.848 0.918 0.873 0.869 
   1   (0.137) 0.152 0.082 0.127 0.131 

Locus 89 : NC_035780.1:65 
2 alleles
0.0% missing data
   2   (0.959) 0.952 0.877 0.963 0.969 
   1   (0.041) 0.048 0.123 0.037 0.031 

Locus 90 : NC_035780.1:65 
2 alleles
0.0% missing data
   1   (0.232) 0.224 0.082 0.230 0.241 
   2   (0.768) 0.776 0.918 0.770 0.759 

Locus 91 : NC_035780.1:65 
2 alleles
0.0% missing data
   1   (0.254) 0.225 0.168 0.268 0.264 
   2   (0.746) 0.775 0.832 0.732 0.736 

Locus 92 : NC_035780.1:70 
2 alleles
2.4% missing data
   2   (0.921) 0.925 0.872 0.922 0.926 
   1   (0.079) 0.075 0.128 0.078 0.074 

Locus 93 : NC_035780.1:70 
2 alleles
0.3% missing data
   2   (0.958) 0.964 0.751 0.965 0.947 
   1   (0.042) 0.036 0.249 0.035 0.053 

Locus 94 : NC_035780.1:70 
2 alleles
0.3% missing data
   1   (0.212) 0.195 0.217 0.228 0.205 
   2   (0.788) 0.805 0.783 0.772 0.795 

Locus 95 : NC_035780.1:71 
2 alleles
1.6% missing data
   1   (0.416) 0.415 0.313 0.412 0.422 
   2   (0.584) 0.585 0.687 0.588 0.578 

Locus 96 : NC_035780.1:72 
2 alleles
0.0% missing data
   2   (0.935) 0.940 0.988 0.948 0.907 
   1   (0.065) 0.060 0.012 0.052 0.093 

Locus 97 : NC_035780.1:74 
2 alleles
1.1% missing data
   2   (0.946) 0.955 0.698 0.948 0.944 
   1   (0.054) 0.045 0.302 0.052 0.056 

Locus 98 : NC_035780.1:75 
2 alleles
0.5% missing data
   2   (0.793) 0.782 0.872 0.792 0.812 
   1   (0.207) 0.218 0.128 0.208 0.188 

Locus 99 : NC_035780.1:75 
2 alleles
0.5% missing data
   2   (0.869) 0.878 0.743 0.877 0.853 
   1   (0.131) 0.122 0.257 0.123 0.147 

Locus 100 : NC_035780.1:75 
2 alleles
1.1% missing data
   2   (0.927) 0.920 0.994 0.926 0.937 
   1   (0.073) 0.080 0.006 0.074 0.063 

Locus 101 : NC_035780.1:75 
2 alleles
0.0% missing data
   1   (0.474) 0.469 0.702 0.483 0.460 
   2   (0.526) 0.531 0.298 0.517 0.540 

Locus 102 : NC_035780.1:75 
2 alleles
0.3% missing data
   2   (0.899) 0.897 0.755 0.897 0.913 
   1   (0.101) 0.103 0.245 0.103 0.087 

Locus 103 : NC_035780.1:76 
2 alleles
2.9% missing data
   1   (0.335) 0.331 0.613 0.323 0.349 
   2   (0.665) 0.669 0.387 0.677 0.651 

Locus 104 : NC_035780.1:76 
2 alleles
2.9% missing data
   2   (0.936) 0.941 0.995 0.942 0.919 
   1   (0.064) 0.059 0.005 0.058 0.081 

Locus 105 : NC_035780.1:77 
2 alleles
4.5% missing data
   2   (0.843) 0.836 0.926 0.817 0.887 
   1   (0.157) 0.164 0.074 0.183 0.113 

Locus 106 : NC_035780.1:77 
2 alleles
4.5% missing data
   2   (0.902) 0.906 0.663 0.910 0.897 
   1   (0.098) 0.094 0.337 0.090 0.103 

Locus 107 : NC_035780.1:79 
2 alleles
0.0% missing data
   2   (0.925) 0.934 0.870 0.924 0.926 
   1   (0.075) 0.066 0.130 0.076 0.074 

Locus 108 : NC_035780.1:81 
2 alleles
0.0% missing data
   1   (0.459) 0.483 0.118 0.450 0.451 
   2   (0.541) 0.517 0.882 0.550 0.549 

Locus 109 : NC_035780.1:81 
2 alleles
0.0% missing data
   2   (0.880) 0.882 0.961 0.891 0.867 
   1   (0.120) 0.118 0.039 0.109 0.133 

Locus 110 : NC_035780.1:81 
2 alleles
0.0% missing data
   1   (0.383) 0.380 0.442 0.391 0.370 
   2   (0.617) 0.620 0.558 0.609 0.630 

Locus 111 : NC_035780.1:82 
2 alleles
0.0% missing data
   2   (0.926) 0.930 0.906 0.929 0.924 
   1   (0.074) 0.070 0.094 0.071 0.076 

Locus 112 : NC_035780.1:83 
2 alleles
3.4% missing data
   1   (0.163) 0.156 0.011 0.173 0.159 
   2   (0.837) 0.844 0.989 0.827 0.841 

Locus 113 : NC_035780.1:83 
2 alleles
3.4% missing data
   2   (0.936) 0.918 0.996 0.940 0.949 
   1   (0.064) 0.082 0.004 0.060 0.051 

Locus 114 : NC_035780.1:83 
2 alleles
0.0% missing data
   2   (0.933) 0.927 0.932 0.943 0.932 
   1   (0.067) 0.073 0.068 0.057 0.068 

Locus 115 : NC_035780.1:83 
2 alleles
0.0% missing data
   2   (0.875) 0.880 0.597 0.879 0.876 
   1   (0.125) 0.120 0.403 0.121 0.124 

Locus 116 : NC_035780.1:84 
2 alleles
0.0% missing data
   2   (0.906) 0.916 0.720 0.906 0.907 
   1   (0.094) 0.084 0.280 0.094 0.093 

Locus 117 : NC_035780.1:85 
2 alleles
0.3% missing data
   2   (0.890) 0.897 0.882 0.895 0.881 
   1   (0.110) 0.103 0.118 0.105 0.119 

Locus 118 : NC_035780.1:85 
2 alleles
0.3% missing data
   2   (0.584) 0.592 0.858 0.585 0.568 
   1   (0.416) 0.408 0.142 0.415 0.432 

Locus 119 : NC_035780.1:86 
2 alleles
0.0% missing data
   2   (0.911) 0.893 0.883 0.916 0.928 
   1   (0.089) 0.107 0.117 0.084 0.072 

Locus 120 : NC_035780.1:86 
2 alleles
0.0% missing data
   2   (0.597) 0.625 0.695 0.600 0.559 
   1   (0.403) 0.375 0.305 0.400 0.441 

Locus 121 : NC_035780.1:86 
2 alleles
0.0% missing data
   2   (0.959) 0.959 0.997 0.961 0.961 
   1   (0.041) 0.041 0.003 0.039 0.039 

Locus 122 : NC_035780.1:86 
2 alleles
0.0% missing data
   2   (0.955) 0.960 0.996 0.955 0.951 
   1   (0.045) 0.040 0.004 0.045 0.049 

Locus 123 : NC_035780.1:86 
2 alleles
0.0% missing data
   1   (0.186) 0.169 0.087 0.205 0.176 
   2   (0.814) 0.831 0.913 0.795 0.824 

Locus 124 : NC_035780.1:86 
2 alleles
0.0% missing data
   2   (0.915) 0.910 0.961 0.920 0.919 
   1   (0.085) 0.090 0.039 0.080 0.081 

Locus 125 : NC_035780.1:86 
2 alleles
0.0% missing data
   1   (0.156) 0.152 0.099 0.164 0.143 
   2   (0.844) 0.848 0.901 0.836 0.857 

Locus 126 : NC_035780.1:86 
2 alleles
0.0% missing data
   2   (0.912) 0.914 0.752 0.918 0.910 
   1   (0.088) 0.086 0.248 0.082 0.090 

Locus 127 : NC_035780.1:86 
2 alleles
0.0% missing data
   1   (0.177) 0.168 0.044 0.181 0.180 
   2   (0.823) 0.832 0.956 0.819 0.820 

Locus 128 : NC_035780.1:86 
2 alleles
0.0% missing data
   2   (0.908) 0.905 0.885 0.918 0.906 
   1   (0.092) 0.095 0.115 0.082 0.094 

Locus 129 : NC_035780.1:87 
2 alleles
0.3% missing data
   2   (0.801) 0.805 0.706 0.809 0.791 
   1   (0.199) 0.195 0.294 0.191 0.209 

Locus 130 : NC_035780.1:87 
2 alleles
0.0% missing data
