

----------------------------------------------------
STRUCTURE by Pritchard, Stephens and Donnelly (2000)
     and Falush, Stephens and Pritchard (2003)
       Code by Pritchard, Falush and Hubisz
             Version 2.3.4 (Jul 2012)
----------------------------------------------------



Command line arguments:   /programs/structure_2_3_4/bin/structure -K 4 -i /workdir/yc2644/CV_NYC_ddRAD/structure/n380_all_cor/threader_input/n380_all_SNP.DP3g95p10maf05.HWE.mod.biallelic.all_exGRV.n396_indep_50_1_0.2_pruned.nochr156invers.n380_refil.recode.strct_in -o /workdir/yc2644/CV_NYC_ddRAD/structure/n380_all_cor/str_K4_rep3 -D 3231867 -m /workdir/yc2644/CV_NYC_ddRAD/structure/n380_all_cor/threader_input/mainparams -e /workdir/yc2644/CV_NYC_ddRAD/structure/n380_all_cor/threader_input/extraparams 
Input File:    /workdir/yc2644/CV_NYC_ddRAD/structure/n380_all_cor/threader_input/n380_all_SNP.DP3g95p10maf05.HWE.mod.biallelic.all_exGRV.n396_indep_50_1_0.2_pruned.nochr156invers.n380_refil.recode.strct_in

Run parameters:
   380 individuals
   5625 loci
   4 populations assumed
   10000 Burn-in period
   20000 Reps
RANDOMIZE turned off


--------------------------------------------
Overall proportion of membership of the
sample in each of the 4 clusters

Inferred Clusters
  1      2      3      4    
0.259  0.078  0.273  0.390  

--------------------------------------------

Allele-freq. divergence among pops (Net nucleotide distance),
computed using point estimates of P.

      1       2       3       4      
 1      -    0.0230  0.0003  0.0004  
 2   0.0230     -    0.0230  0.0236  
 3   0.0003  0.0230     -    0.0005  
 4   0.0004  0.0236  0.0005     -    

Average distances (expected heterozygosity) between individuals in same cluster:
cluster  1  : 0.2552 
cluster  2  : 0.2213 
cluster  3  : 0.2552 
cluster  4  : 0.2541 

--------------------------------------------
Estimated Ln Prob of Data   = -1711484.8
Mean value of ln likelihood = -1704357.3
Variance of ln likelihood   = 14255.1
Mean value of alpha         = 0.0902

Mean value of Fst_1         = 0.0041
Mean value of Fst_2         = 0.2137
Mean value of Fst_3         = 0.0041
Mean value of Fst_4         = 0.0053


Inferred ancestry of individuals:
        Label (%Miss) :  Inferred clusters
  1 AB812s-002    (1)   :  0.975 0.002 0.015 0.008 
  2 AB812s-004    (0)   :  0.162 0.005 0.817 0.017 
  3 AB812s-005    (0)   :  0.502 0.030 0.422 0.045 
  4 AB812s-008    (1)   :  0.011 0.009 0.973 0.007 
  5 AB812s-009    (1)   :  0.014 0.007 0.128 0.850 
  6 AB812s-011    (0)   :  0.020 0.012 0.885 0.083 
  7 AB812s-012    (1)   :  0.892 0.002 0.068 0.039 
  8 AB812s-013    (0)   :  0.881 0.002 0.108 0.009 
  9 AB812s-014    (0)   :  0.026 0.001 0.862 0.111 
 10 AB812s-015    (0)   :  0.041 0.003 0.865 0.091 
 11 AB812s-017    (0)   :  0.075 0.002 0.893 0.030 
 12 AB812s-018    (0)   :  0.039 0.009 0.854 0.098 
 13 AB812s-019    (1)   :  0.944 0.004 0.029 0.023 
 14 AB812s-020    (1)   :  0.828 0.004 0.095 0.072 
 15 AB812s-021    (1)   :  0.119 0.006 0.799 0.076 
 16 AB812s-022    (0)   :  0.930 0.017 0.033 0.020 
 17 AB812s-024    (0)   :  0.268 0.008 0.685 0.039 
 18 AB812s-027    (0)   :  0.058 0.136 0.801 0.004 
 19 AB812s-029    (0)   :  0.109 0.021 0.663 0.207 
 20 AB812s-030    (0)   :  0.441 0.003 0.009 0.547 
 21 AB812s-031    (0)   :  0.877 0.052 0.008 0.063 
 22 AB812s-032    (0)   :  0.969 0.015 0.008 0.009 
 23 FI1012-001    (1)   :  0.000 0.999 0.000 0.000 
 24 FI1012-001r    (0)   :  0.000 0.999 0.000 0.000 
 25 FI1012-002    (0)   :  0.000 0.999 0.000 0.000 
 26 FI1012-005    (1)   :  0.001 0.997 0.001 0.001 
 27 FI1012-007    (1)   :  0.001 0.997 0.001 0.001 
 28 FI1012-010    (1)   :  0.000 0.999 0.000 0.000 
 29 FI1012-011    (1)   :  0.008 0.976 0.011 0.005 
 30 FI1012-012    (1)   :  0.000 0.999 0.000 0.000 
 31 FI1012-013    (0)   :  0.000 0.999 0.000 0.000 
 32 FI1012-014    (1)   :  0.000 0.999 0.000 0.000 
 33 FI1012-016    (1)   :  0.000 0.999 0.000 0.000 
 34 FI1012-019    (1)   :  0.007 0.975 0.012 0.006 
 35 FI1012-020    (0)   :  0.000 0.999 0.000 0.000 
 36 FIS1013a-00    (1)   :  0.028 0.889 0.073 0.010 
 37 FIS1013a-00    (1)   :  0.022 0.927 0.035 0.015 
 38 FIS1013a-00    (0)   :  0.091 0.709 0.199 0.002 
 39 FIS1013a-00    (1)   :  0.013 0.947 0.018 0.022 
 40 FIS1013a-00    (1)   :  0.157 0.835 0.004 0.004 
 41 FIS1013a-01    (0)   :  0.027 0.893 0.071 0.009 
 42 FIS1013a-01    (0)   :  0.062 0.884 0.048 0.006 
 43 FIS1013a-01    (1)   :  0.028 0.795 0.146 0.031 
 44 FIS1013a-01    (1)   :  0.205 0.695 0.078 0.023 
 45 FIS1013a-01    (1)   :  0.011 0.956 0.024 0.009 
 46 FIS1013a-02    (1)   :  0.004 0.987 0.005 0.004 
 47 FIS1013a-02    (1)   :  0.022 0.856 0.013 0.109 
 48 FIS1013a-02    (1)   :  0.074 0.873 0.037 0.016 
 49 FIS1013a-02    (1)   :  0.076 0.901 0.008 0.015 
 50 HH0512a-001    (1)   :  0.018 0.001 0.032 0.949 
 51 HH0512a-002    (0)   :  0.008 0.001 0.007 0.984 
 52 HH0512a-004    (0)   :  0.210 0.003 0.077 0.710 
 53 HH0512a-006    (0)   :  0.112 0.001 0.035 0.852 
 54 HH0512a-007    (1)   :  0.094 0.003 0.015 0.887 
 55 HH0512a-009    (0)   :  0.868 0.002 0.034 0.096 
 56 HH0512a-010    (0)   :  0.026 0.001 0.665 0.308 
 57 HH0512a-012    (0)   :  0.058 0.002 0.071 0.869 
 58 HH0512a-013    (1)   :  0.059 0.013 0.034 0.895 
 59 HH0512a-015    (0)   :  0.102 0.003 0.480 0.416 
 60 HH0512a-017    (0)   :  0.844 0.007 0.054 0.095 
 61 HH0512a-018    (1)   :  0.040 0.001 0.018 0.941 
 62 HH0512a-020    (1)   :  0.029 0.001 0.054 0.916 
 63 HH0512a-021    (1)   :  0.040 0.001 0.053 0.905 
 64 HH0512a-022    (0)   :  0.019 0.002 0.015 0.964 
 65 HH0512a-023    (0)   :  0.120 0.001 0.149 0.730 
 66 HH0512a-029    (0)   :  0.007 0.007 0.011 0.975 
 67 HH1013a-001    (1)   :  0.027 0.002 0.027 0.944 
 68 HH1013a-002    (0)   :  0.440 0.002 0.208 0.349 
 69 HH1013a-003    (0)   :  0.525 0.009 0.005 0.461 
 70 HH1013a-005    (0)   :  0.021 0.006 0.034 0.940 
 71 HH1013a-006    (0)   :  0.061 0.004 0.254 0.682 
 72 HH1013a-007    (0)   :  0.047 0.001 0.006 0.946 
 73 HH1013a-009    (0)   :  0.169 0.004 0.019 0.809 
 74 HH1013a-010    (0)   :  0.130 0.005 0.022 0.843 
 75 HH1013a-011    (1)   :  0.133 0.001 0.034 0.832 
 76 HH1013a-012    (0)   :  0.018 0.002 0.158 0.822 
 77 HH1013a-013    (0)   :  0.017 0.002 0.954 0.026 
 78 HH1013a-014    (1)   :  0.927 0.002 0.023 0.047 
 79 HH1013a-015    (1)   :  0.024 0.003 0.127 0.846 
 80 HH1013a-016    (0)   :  0.035 0.005 0.012 0.948 
 81 HH1013a-017    (0)   :  0.705 0.002 0.031 0.262 
 82 HH1013a-018    (1)   :  0.052 0.018 0.020 0.910 
 83 HH1013a-019    (0)   :  0.012 0.004 0.041 0.943 
 84 HH1013a-020    (0)   :  0.035 0.001 0.540 0.424 
 85 HH1013a-021    (0)   :  0.025 0.002 0.104 0.869 
 86 HH1013a-022    (0)   :  0.061 0.008 0.817 0.114 
 87 HH1013a-023    (1)   :  0.193 0.003 0.017 0.787 
 88 HH1013a-024    (1)   :  0.178 0.004 0.087 0.732 
 89 HH1013s-001    (1)   :  0.675 0.009 0.052 0.264 
 90 HH1013s-002    (1)   :  0.566 0.003 0.034 0.397 
 91 HH1013s-003    (0)   :  0.859 0.005 0.061 0.074 
 92 HH1013s-005    (1)   :  0.260 0.001 0.025 0.714 
 93 HH1013s-006    (1)   :  0.029 0.004 0.058 0.909 
 94 HH1013s-007    (0)   :  0.268 0.002 0.076 0.654 
 95 HH1013s-008    (0)   :  0.163 0.001 0.018 0.817 
 96 HH1013s-009    (1)   :  0.287 0.002 0.014 0.697 
 97 HH1013s-010    (1)   :  0.028 0.001 0.014 0.957 
 98 HH1013s-011    (1)   :  0.056 0.005 0.004 0.935 
 99 HH1013s-012    (1)   :  0.060 0.001 0.084 0.856 
100 HH1013s-013    (0)   :  0.035 0.001 0.022 0.942 
101 HH1013s-014    (0)   :  0.074 0.002 0.067 0.857 
102 HH1013s-016    (1)   :  0.081 0.002 0.117 0.800 
103 HH1013s-017    (1)   :  0.031 0.004 0.019 0.945 
104 HH1013s-018    (1)   :  0.127 0.001 0.261 0.611 
105 HH1013s-019    (0)   :  0.009 0.002 0.560 0.429 
106 HH1013s-020    (0)   :  0.317 0.006 0.060 0.617 
107 HH1013s-021    (1)   :  0.127 0.001 0.022 0.850 
108 HH1013s-022    (0)   :  0.104 0.001 0.031 0.864 
109 HH1013s-023    (0)   :  0.101 0.006 0.106 0.787 
110 HH1013s-024    (0)   :  0.012 0.002 0.022 0.964 
111 HH1013s-025    (1)   :  0.076 0.017 0.030 0.876 
112 HH812s-001    (1)   :  0.016 0.007 0.051 0.925 
113 HH812s-003    (1)   :  0.192 0.004 0.216 0.588 
114 HH812s-006    (0)   :  0.020 0.003 0.021 0.956 
115 HH812s-010    (1)   :  0.010 0.004 0.013 0.973 
116 HH812s-013    (0)   :  0.045 0.010 0.020 0.924 
117 HH812s-018    (0)   :  0.616 0.001 0.008 0.375 
118 HH812s-019    (1)   :  0.024 0.019 0.484 0.472 
119 HH812s-024    (0)   :  0.009 0.002 0.013 0.975 
120 HH812s-025    (0)   :  0.539 0.002 0.015 0.444 
121 HH812s-030    (0)   :  0.873 0.008 0.015 0.104 
122 HH812s-035    (0)   :  0.043 0.002 0.009 0.946 
123 HH812s-036    (1)   :  0.031 0.001 0.030 0.938 
124 HH812s-037    (0)   :  0.048 0.001 0.061 0.890 
125 HH812s-039    (1)   :  0.930 0.001 0.035 0.034 
126 HH812s-040    (0)   :  0.035 0.001 0.191 0.773 
127 HH812s-042    (0)   :  0.011 0.001 0.048 0.940 
128 HH812s-046    (0)   :  0.005 0.003 0.006 0.986 
129 HH812s-048    (0)   :  0.132 0.001 0.029 0.838 
130 HH812s-050    (1)   :  0.030 0.004 0.016 0.950 
131 HH812s-052    (1)   :  0.021 0.005 0.462 0.512 
132 HH812s-054    (1)   :  0.038 0.002 0.048 0.911 
133 HH812s-056    (1)   :  0.142 0.015 0.017 0.826 
134 HH912s-109    (0)   :  0.022 0.002 0.016 0.960 
135 HH912s-110    (0)   :  0.403 0.001 0.030 0.566 
136 HH912s-111    (0)   :  0.174 0.002 0.048 0.776 
137 HH912s-113    (0)   :  0.636 0.001 0.011 0.352 
138 HH912s-114    (0)   :  0.011 0.002 0.602 0.386 
139 HH912s-115    (0)   :  0.010 0.010 0.013 0.967 
140 HH912s-116    (1)   :  0.012 0.001 0.504 0.483 
141 HH912s-117    (0)   :  0.081 0.010 0.128 0.781 
142 HH912s-118    (1)   :  0.773 0.003 0.067 0.157 
143 HH912s-119    (1)   :  0.018 0.002 0.032 0.948 
144 HH912s-120    (0)   :  0.495 0.002 0.010 0.493 
145 HH912s-121    (0)   :  0.071 0.001 0.011 0.917 
146 HH912s-122    (1)   :  0.077 0.004 0.030 0.889 
147 HH912s-123    (0)   :  0.034 0.002 0.016 0.948 
148 HH912s-124    (0)   :  0.014 0.003 0.052 0.931 
149 HH912s-125    (0)   :  0.314 0.008 0.192 0.486 
150 HH912s-126    (0)   :  0.058 0.007 0.063 0.872 
151 HH912s-127    (0)   :  0.019 0.002 0.039 0.939 
152 HH912s-128    (0)   :  0.013 0.003 0.032 0.953 
153 HH912s-129    (0)   :  0.186 0.001 0.020 0.792 
154 HH912s-130    (0)   :  0.217 0.003 0.157 0.622 
155 HH912s-131    (0)   :  0.049 0.003 0.066 0.882 
156 HH912s-132    (0)   :  0.446 0.007 0.067 0.480 
157 IRV1012-001    (0)   :  0.648 0.010 0.010 0.332 
158 IRV1012-002    (0)   :  0.033 0.002 0.071 0.894 
159 IRV1012-003    (0)   :  0.019 0.004 0.023 0.955 
160 IRV1012-004    (1)   :  0.034 0.002 0.030 0.934 
161 IRV1012-006    (0)   :  0.044 0.002 0.016 0.938 
162 IRV1012-007    (0)   :  0.025 0.002 0.437 0.536 
163 IRV1012-008    (0)   :  0.881 0.002 0.074 0.043 
164 IRV1012-009    (1)   :  0.279 0.002 0.093 0.626 
165 IRV1012-010    (0)   :  0.251 0.002 0.034 0.712 
166 IRV1012-011    (0)   :  0.216 0.001 0.010 0.773 
167 IRV1012-012    (0)   :  0.047 0.002 0.579 0.372 
168 IRV1012-013    (0)   :  0.226 0.005 0.460 0.309 
169 IRV1012-014    (0)   :  0.042 0.001 0.077 0.879 
170 IRV1012-015    (0)   :  0.780 0.002 0.012 0.205 
171 IRV1012-016    (0)   :  0.118 0.001 0.116 0.764 
172 IRV1012-017    (0)   :  0.031 0.002 0.066 0.901 
173 IRV1012-018    (1)   :  0.811 0.002 0.004 0.183 
174 IRV1012-019    (0)   :  0.119 0.007 0.032 0.842 
175 IRV1012-020    (0)   :  0.887 0.001 0.054 0.058 
176 IRV1012-021    (0)   :  0.010 0.004 0.013 0.972 
177 IRV1012-022    (0)   :  0.013 0.000 0.008 0.978 
178 IRV1012-023    (0)   :  0.151 0.001 0.028 0.820 
179 IRV1012-024    (1)   :  0.623 0.014 0.008 0.355 
180 NTC1013a-00    (0)   :  0.631 0.026 0.305 0.038 
181 NTC1013a-00    (1)   :  0.777 0.004 0.208 0.011 
182 NTC1013a-00    (0)   :  0.944 0.003 0.038 0.016 
183 NTC1013a-00    (1)   :  0.527 0.009 0.310 0.153 
184 NTC1013a-00    (1)   :  0.872 0.048 0.069 0.011 
185 NTC1013a-00    (0)   :  0.023 0.003 0.890 0.084 
186 NTC1013a-00    (1)   :  0.648 0.010 0.312 0.029 
187 NTC1013a-00    (0)   :  0.116 0.043 0.794 0.047 
188 NTC1013a-01    (0)   :  0.006 0.057 0.856 0.081 
189 NTC1013a-01    (0)   :  0.888 0.005 0.095 0.012 
190 NTC1013a-01    (0)   :  0.257 0.041 0.691 0.011 
191 NTC1013a-01    (0)   :  0.006 0.195 0.787 0.013 
192 NTC1013a-01    (0)   :  0.028 0.002 0.956 0.014 
193 NTC1013a-01    (0)   :  0.136 0.004 0.799 0.061 
194 NTC1013a-01    (0)   :  0.023 0.006 0.950 0.020 
195 NTC1013a-01    (1)   :  0.100 0.005 0.787 0.107 
196 NTC1013a-01    (0)   :  0.023 0.002 0.954 0.021 
197 NTC1013a-01    (0)   :  0.105 0.001 0.819 0.075 
198 NTC1013a-02    (0)   :  0.389 0.006 0.438 0.167 
199 NTC1013a-02    (0)   :  0.973 0.002 0.018 0.008 
200 PM1012-01    (0)   :  0.034 0.002 0.034 0.929 
201 PM1012-02    (1)   :  0.009 0.003 0.022 0.966 
202 PM1012-04    (1)   :  0.729 0.001 0.030 0.240 
203 PM1012-06    (0)   :  0.110 0.008 0.071 0.812 
204 PM1012-07    (0)   :  0.044 0.002 0.075 0.879 
205 PM1012-09    (0)   :  0.776 0.002 0.046 0.176 
206 PM1012-10    (0)   :  0.067 0.001 0.024 0.908 
207 PM1012-13    (0)   :  0.009 0.001 0.137 0.853 
208 PM1012-14    (0)   :  0.012 0.004 0.653 0.331 
209 PM1012-16    (1)   :  0.348 0.001 0.027 0.625 
210 PM1012-17    (0)   :  0.899 0.001 0.016 0.084 
211 PM1012-23    (0)   :  0.006 0.002 0.021 0.971 
212 PM1012-24    (1)   :  0.268 0.001 0.108 0.624 
213 PM1012-25    (0)   :  0.197 0.002 0.032 0.769 
214 PM1012-26    (3)   :  0.078 0.002 0.010 0.909 
215 PM1012-27    (0)   :  0.107 0.029 0.111 0.753 
216 PRA1013a-00    (1)   :  0.856 0.001 0.024 0.119 
217 PRA1013a-00    (1)   :  0.390 0.002 0.095 0.513 
218 PRA1013a-00    (0)   :  0.082 0.002 0.024 0.892 
219 PRA1013a-00    (0)   :  0.024 0.001 0.016 0.958 
220 PRA1013a-00    (0)   :  0.009 0.006 0.007 0.979 
221 PRA1013a-00    (0)   :  0.944 0.001 0.024 0.031 
222 PRA1013a-00    (1)   :  0.326 0.002 0.119 0.552 
223 PRA1013a-01    (0)   :  0.029 0.268 0.697 0.006 
224 PRA1013a-01    (1)   :  0.321 0.002 0.542 0.135 
225 PRA1013a-01    (0)   :  0.478 0.004 0.423 0.095 
226 PRA1013a-01    (0)   :  0.119 0.001 0.014 0.866 
227 PRA1013a-01    (1)   :  0.638 0.006 0.331 0.024 
228 PRA1013a-02    (1)   :  0.045 0.003 0.055 0.897 
229 PRA1013a-02    (1)   :  0.227 0.002 0.035 0.737 
230 PRA1013a-02    (0)   :  0.010 0.002 0.020 0.968 
231 PRA1013a-03    (0)   :  0.089 0.002 0.223 0.685 
232 PRA1013a-03    (1)   :  0.013 0.001 0.009 0.977 
233 PRA1013a-03    (0)   :  0.012 0.002 0.008 0.978 
234 PRA1013a-03    (0)   :  0.029 0.004 0.020 0.947 
235 PRA1013a-03    (0)   :  0.678 0.003 0.022 0.296 
236 PRA1013a-03    (0)   :  0.065 0.002 0.016 0.918 
237 PRA1013a-03    (0)   :  0.066 0.004 0.095 0.835 
238 PRA1013a-03    (1)   :  0.016 0.017 0.045 0.922 
239 RI812s-001    (0)   :  0.484 0.053 0.433 0.030 
240 RI812s-002    (1)   :  0.256 0.064 0.662 0.019 
241 RI812s-003    (1)   :  0.063 0.018 0.777 0.142 
242 RI812s-005    (1)   :  0.882 0.014 0.091 0.012 
243 RI812s-006    (0)   :  0.643 0.002 0.345 0.009 
244 RI812s-007    (0)   :  0.605 0.004 0.351 0.040 
245 RI812s-009    (0)   :  0.008 0.077 0.911 0.004 
246 RI812s-010    (1)   :  0.009 0.049 0.799 0.143 
247 RI812s-011    (0)   :  0.880 0.049 0.048 0.023 
248 RI812s-013    (1)   :  0.160 0.004 0.229 0.608 
249 RI812s-014    (1)   :  0.183 0.005 0.800 0.012 
250 RI812s-015    (0)   :  0.300 0.004 0.661 0.035 
251 RI812s-016    (0)   :  0.096 0.235 0.654 0.015 
252 SV0512a-001    (0)   :  0.369 0.004 0.595 0.032 
253 SV0512a-002    (1)   :  0.798 0.006 0.145 0.052 
254 SV0512a-003    (0)   :  0.823 0.009 0.090 0.078 
255 SV0512a-005    (1)   :  0.110 0.003 0.690 0.197 
256 SV0512a-007    (1)   :  0.006 0.085 0.906 0.004 
257 SV0512a-008    (1)   :  0.047 0.060 0.883 0.010 
258 SV0512a-009    (1)   :  0.259 0.002 0.497 0.241 
259 SV0512a-010    (0)   :  0.039 0.007 0.939 0.015 
260 SV0512a-011    (0)   :  0.060 0.207 0.729 0.003 
261 SV0512a-013    (1)   :  0.008 0.002 0.278 0.712 
262 SV0512a-014    (6)   :  0.219 0.006 0.647 0.129 
263 SV0512a-016    (1)   :  0.953 0.004 0.023 0.020 
264 SV0512a-018    (4)   :  0.868 0.094 0.011 0.028 
265 SV0512a-021    (2)   :  0.954 0.014 0.025 0.006 
266 SV0512a-022    (0)   :  0.011 0.015 0.962 0.012 
267 SV0512a-023    (2)   :  0.012 0.002 0.976 0.009 
268 SV0512a-024    (0)   :  0.014 0.026 0.955 0.006 
269 SV0512a-025    (0)   :  0.577 0.002 0.383 0.038 
270 SV0512a-027    (0)   :  0.261 0.002 0.708 0.029 
271 SV0512a-028    (3)   :  0.294 0.052 0.287 0.367 
272 SV1013a-001    (0)   :  0.034 0.062 0.893 0.012 
273 SV1013a-002    (1)   :  0.666 0.001 0.264 0.068 
274 SV1013a-003    (0)   :  0.281 0.002 0.351 0.365 
275 SV1013a-005    (0)   :  0.007 0.027 0.960 0.007 
276 SV1013a-006    (0)   :  0.109 0.003 0.848 0.040 
277 SV1013a-007    (0)   :  0.938 0.003 0.050 0.008 
278 SV1013a-008    (0)   :  0.020 0.002 0.971 0.008 
279 SV1013a-009    (0)   :  0.418 0.045 0.516 0.020 
280 SV1013a-010    (1)   :  0.899 0.008 0.059 0.033 
281 SV1013a-011    (0)   :  0.954 0.001 0.013 0.032 
282 SV1013a-012    (0)   :  0.465 0.049 0.472 0.014 
283 SV1013a-013    (0)   :  0.070 0.004 0.893 0.033 
284 SV1013a-014    (0)   :  0.094 0.003 0.869 0.034 
285 SV1013a-015    (0)   :  0.073 0.002 0.908 0.017 
286 SV1013a-016    (0)   :  0.295 0.001 0.634 0.070 
287 SV1013a-017    (0)   :  0.599 0.016 0.054 0.330 
288 SV1013a-018    (0)   :  0.074 0.002 0.577 0.347 
289 SV1013a-019    (0)   :  0.017 0.014 0.948 0.020 
290 SV1013a-020    (0)   :  0.032 0.144 0.812 0.011 
291 SV1013a-021    (0)   :  0.723 0.002 0.194 0.082 
292 SV1013a-022    (1)   :  0.003 0.059 0.906 0.031 
293 SV1013a-023    (0)   :  0.513 0.013 0.455 0.019 
294 SV1013a-024    (0)   :  0.220 0.059 0.601 0.119 
295 SV812s-026    (1)   :  0.721 0.006 0.156 0.118 
296 SV812s-027    (0)   :  0.526 0.064 0.173 0.237 
297 SV812s-029    (0)   :  0.854 0.001 0.058 0.087 
298 SV812s-030    (0)   :  0.902 0.063 0.014 0.021 
299 SV812s-031    (0)   :  0.013 0.005 0.960 0.023 
300 SV812s-032    (0)   :  0.760 0.063 0.164 0.013 
301 SV812s-033    (0)   :  0.478 0.001 0.511 0.010 
302 SV812s-034    (0)   :  0.518 0.007 0.460 0.015 
303 SV812s-037    (0)   :  0.168 0.008 0.316 0.508 
304 SV812s-038    (0)   :  0.538 0.004 0.404 0.054 
305 SV812s-039    (0)   :  0.269 0.003 0.542 0.186 
306 SV812s-040    (0)   :  0.857 0.002 0.095 0.046 
307 SV812s-041    (0)   :  0.527 0.002 0.456 0.016 
308 SV812s-042    (0)   :  0.068 0.001 0.922 0.008 
309 SV812s-043    (1)   :  0.229 0.017 0.182 0.572 
310 SV812s-044    (0)   :  0.301 0.002 0.663 0.035 
311 SV812s-046    (0)   :  0.185 0.021 0.731 0.064 
312 SV812s-047    (0)   :  0.925 0.003 0.032 0.040 
313 SV812s-048    (1)   :  0.036 0.002 0.918 0.044 
314 SV812s-049    (0)   :  0.476 0.002 0.437 0.084 
315 SV812s-050    (1)   :  0.011 0.004 0.694 0.291 
316 SV812s-051    (0)   :  0.307 0.004 0.637 0.052 
317 SV812s-052    (0)   :  0.029 0.046 0.920 0.005 
318 SV912s-001    (1)   :  0.033 0.003 0.930 0.033 
319 SV912s-002    (0)   :  0.548 0.034 0.250 0.169 
320 SV912s-003    (0)   :  0.102 0.086 0.759 0.053 
321 SV912s-005    (1)   :  0.008 0.078 0.832 0.082 
322 SV912s-006    (1)   :  0.025 0.001 0.958 0.016 
323 SV912s-007    (0)   :  0.207 0.006 0.718 0.069 
324 SV912s-008    (1)   :  0.280 0.002 0.539 0.179 
325 SV912s-009    (0)   :  0.044 0.001 0.947 0.009 
326 SV912s-010    (1)   :  0.075 0.001 0.902 0.023 
327 SV912s-011    (1)   :  0.979 0.006 0.008 0.007 
328 SV912s-012    (1)   :  0.015 0.040 0.933 0.012 
329 SV912s-013    (0)   :  0.918 0.001 0.037 0.044 
330 SV912s-014    (1)   :  0.214 0.046 0.692 0.047 
331 SV912s-015    (0)   :  0.043 0.002 0.930 0.025 
332 SV912s-017    (0)   :  0.026 0.012 0.900 0.062 
333 SV912s-018    (1)   :  0.841 0.002 0.100 0.056 
334 SV912s-019    (1)   :  0.928 0.001 0.025 0.045 
335 SV912s-020    (1)   :  0.364 0.047 0.556 0.032 
336 SV912s-021    (0)   :  0.663 0.008 0.125 0.204 
337 SV912s-022    (0)   :  0.752 0.003 0.041 0.204 
338 SV912s-023    (0)   :  0.329 0.034 0.108 0.529 
339 SV912s-024    (0)   :  0.370 0.002 0.010 0.617 
340 SV912s-025    (1)   :  0.036 0.002 0.041 0.921 
341 TPZ0713-001    (1)   :  0.059 0.001 0.181 0.760 
342 TPZ0713-002    (1)   :  0.125 0.001 0.261 0.612 
343 TPZ0713-003    (0)   :  0.103 0.001 0.169 0.726 
344 TPZ0713-005    (0)   :  0.090 0.010 0.023 0.877 
345 TPZ0713-006    (1)   :  0.020 0.015 0.017 0.948 
346 TPZ0713-007    (1)   :  0.453 0.001 0.074 0.472 
347 TPZ0713-009    (1)   :  0.172 0.002 0.025 0.800 
348 TPZ0713-011    (1)   :  0.023 0.001 0.105 0.870 
349 TPZ0713-012    (1)   :  0.010 0.001 0.017 0.971 
350 TPZ0713-013    (0)   :  0.033 0.001 0.006 0.960 
351 TPZ0713-014    (1)   :  0.007 0.003 0.019 0.970 
352 TPZ0713-015    (0)   :  0.022 0.001 0.144 0.833 
353 TPZ0713-016    (0)   :  0.424 0.001 0.026 0.549 
354 TPZ0713-020    (1)   :  0.018 0.003 0.251 0.729 
355 TPZ0713-021    (1)   :  0.015 0.012 0.018 0.954 
356 TPZ0713-023    (0)   :  0.044 0.002 0.013 0.941 
357 TPZ0713-024    (1)   :  0.068 0.001 0.498 0.433 
358 TPZ0713-025    (1)   :  0.004 0.002 0.008 0.985 
359 TPZ0713-028    (1)   :  0.040 0.001 0.017 0.942 
360 TPZ0713-029    (1)   :  0.445 0.007 0.007 0.541 
361 WFM812s-049    (0)   :  0.065 0.001 0.852 0.082 
362 WFM812s-050    (1)   :  0.016 0.001 0.903 0.080 
363 WFM812s-051    (1)   :  0.149 0.001 0.837 0.013 
364 WFM812s-054    (0)   :  0.013 0.004 0.968 0.015 
365 WFM812s-056    (0)   :  0.356 0.001 0.573 0.069 
366 WFM812s-057    (1)   :  0.947 0.002 0.046 0.005 
367 WFM812s-058    (0)   :  0.885 0.003 0.051 0.061 
368 WFM812s-059    (0)   :  0.006 0.019 0.970 0.006 
369 WFM812s-060    (1)   :  0.002 0.212 0.772 0.014 
370 WFM812s-062    (0)   :  0.961 0.003 0.020 0.017 
371 WFM812s-063    (0)   :  0.017 0.009 0.395 0.579 
372 WFM812s-064    (0)   :  0.005 0.023 0.809 0.162 
373 WFM812s-065    (0)   :  0.012 0.002 0.975 0.011 
374 WFM812s-066    (0)   :  0.741 0.002 0.220 0.037 
375 WFM812s-067    (0)   :  0.884 0.008 0.092 0.015 
376 WFM812s-068    (1)   :  0.014 0.001 0.941 0.044 
377 WFM812s-069    (0)   :  0.905 0.002 0.021 0.072 
378 WFM812s-071    (0)   :  0.919 0.005 0.037 0.038 
379 WFM812s-072    (0)   :  0.587 0.010 0.387 0.017 
380 WFM812s-073    (1)   :  0.761 0.002 0.109 0.128 


Estimated Allele Frequencies in each cluster
First column gives estimated ancestral frequencies


Locus 1 : NC_035780.1:72 
2 alleles
1.1% missing data
   2   (0.798) 0.796 0.919 0.802 0.799 
   1   (0.202) 0.204 0.081 0.198 0.201 

Locus 2 : NC_035780.1:72 
2 alleles
1.1% missing data
   2   (0.889) 0.889 0.990 0.887 0.894 
   1   (0.111) 0.111 0.010 0.113 0.106 

Locus 3 : NC_035780.1:44 
2 alleles
0.3% missing data
   2   (0.929) 0.927 0.995 0.928 0.935 
   1   (0.071) 0.073 0.005 0.072 0.065 

Locus 4 : NC_035780.1:31 
2 alleles
0.0% missing data
   2   (0.902) 0.901 0.823 0.899 0.913 
   1   (0.098) 0.099 0.177 0.101 0.087 

Locus 5 : NC_035780.1:36 
2 alleles
0.0% missing data
   2   (0.669) 0.684 0.640 0.645 0.682 
   1   (0.331) 0.316 0.360 0.355 0.318 

Locus 6 : NC_035780.1:38 
2 alleles
0.0% missing data
   1   (0.176) 0.171 0.063 0.179 0.179 
   2   (0.824) 0.829 0.937 0.821 0.821 

Locus 7 : NC_035780.1:38 
2 alleles
0.0% missing data
   2   (0.789) 0.794 0.966 0.792 0.774 
   1   (0.211) 0.206 0.034 0.208 0.226 

Locus 8 : NC_035780.1:38 
2 alleles
0.0% missing data
   1   (0.110) 0.095 0.250 0.119 0.111 
   2   (0.890) 0.905 0.750 0.881 0.889 

Locus 9 : NC_035780.1:38 
2 alleles
0.0% missing data
   2   (0.912) 0.906 0.888 0.918 0.920 
   1   (0.088) 0.094 0.112 0.082 0.080 

Locus 10 : NC_035780.1:41 
2 alleles
3.2% missing data
   2   (0.829) 0.842 0.882 0.830 0.816 
   1   (0.171) 0.158 0.118 0.170 0.184 

Locus 11 : NC_035780.1:44 
2 alleles
0.0% missing data
   2   (0.900) 0.903 0.993 0.913 0.877 
   1   (0.100) 0.097 0.007 0.087 0.123 

Locus 12 : NC_035780.1:44 
2 alleles
0.0% missing data
   2   (0.903) 0.903 0.993 0.904 0.905 
   1   (0.097) 0.097 0.007 0.096 0.095 

Locus 13 : NC_035780.1:54 
2 alleles
3.7% missing data
   2   (0.911) 0.916 0.993 0.898 0.921 
   1   (0.089) 0.084 0.007 0.102 0.079 

Locus 14 : NC_035780.1:55 
2 alleles
0.3% missing data
   2   (0.932) 0.922 0.995 0.938 0.938 
   1   (0.068) 0.078 0.005 0.062 0.062 

Locus 15 : NC_035780.1:59 
2 alleles
0.0% missing data
   1   (0.408) 0.426 0.342 0.399 0.393 
   2   (0.592) 0.574 0.658 0.601 0.607 

Locus 16 : NC_035780.1:84 
2 alleles
1.8% missing data
   2   (0.911) 0.921 0.993 0.899 0.915 
   1   (0.089) 0.079 0.007 0.101 0.085 

Locus 17 : NC_035780.1:90 
2 alleles
1.3% missing data
   2   (0.912) 0.909 0.960 0.909 0.926 
   1   (0.088) 0.091 0.040 0.091 0.074 

Locus 18 : NC_035780.1:90 
2 alleles
1.3% missing data
   2   (0.936) 0.940 0.995 0.945 0.918 
   1   (0.064) 0.060 0.005 0.055 0.082 

Locus 19 : NC_035780.1:98 
2 alleles
0.0% missing data
   2   (0.845) 0.837 0.989 0.855 0.842 
   1   (0.155) 0.163 0.011 0.145 0.158 

Locus 20 : NC_035780.1:98 
2 alleles
0.0% missing data
   1   (0.494) 0.524 0.298 0.465 0.495 
   2   (0.506) 0.476 0.702 0.535 0.505 

Locus 21 : NC_035780.1:98 
2 alleles
0.0% missing data
   2   (0.817) 0.805 0.795 0.830 0.824 
   1   (0.183) 0.195 0.205 0.170 0.176 

Locus 22 : NC_035780.1:10 
2 alleles
3.9% missing data
   1   (0.264) 0.262 0.212 0.260 0.269 
   2   (0.736) 0.738 0.788 0.740 0.731 

Locus 23 : NC_035780.1:11 
2 alleles
0.0% missing data
   1   (0.155) 0.161 0.202 0.138 0.164 
   2   (0.845) 0.839 0.798 0.862 0.836 

Locus 24 : NC_035780.1:13 
2 alleles
0.0% missing data
   1   (0.198) 0.225 0.013 0.191 0.178 
   2   (0.802) 0.775 0.987 0.809 0.822 

Locus 25 : NC_035780.1:13 
2 alleles
0.0% missing data
   2   (0.726) 0.731 0.465 0.744 0.703 
   1   (0.274) 0.269 0.535 0.256 0.297 

Locus 26 : NC_035780.1:15 
2 alleles
0.3% missing data
   2   (0.942) 0.943 0.820 0.946 0.947 
   1   (0.058) 0.057 0.180 0.054 0.053 

Locus 27 : NC_035780.1:16 
2 alleles
0.0% missing data
   2   (0.911) 0.913 0.675 0.918 0.909 
   1   (0.089) 0.087 0.325 0.082 0.091 

Locus 28 : NC_035780.1:16 
2 alleles
0.0% missing data
   1   (0.172) 0.186 0.018 0.179 0.148 
   2   (0.828) 0.814 0.982 0.821 0.852 

Locus 29 : NC_035780.1:16 
2 alleles
5.8% missing data
   2   (0.925) 0.924 0.868 0.917 0.942 
   1   (0.075) 0.076 0.132 0.083 0.058 

Locus 30 : NC_035780.1:16 
2 alleles
5.8% missing data
   2   (0.941) 0.940 0.870 0.942 0.951 
   1   (0.059) 0.060 0.130 0.058 0.049 

Locus 31 : NC_035780.1:17 
2 alleles
0.0% missing data
   2   (0.904) 0.903 0.872 0.898 0.920 
   1   (0.096) 0.097 0.128 0.102 0.080 

Locus 32 : NC_035780.1:18 
2 alleles
0.3% missing data
   2   (0.922) 0.919 0.988 0.925 0.926 
   1   (0.078) 0.081 0.012 0.075 0.074 

Locus 33 : NC_035780.1:18 
2 alleles
1.3% missing data
   2   (0.940) 0.939 0.804 0.948 0.940 
   1   (0.060) 0.061 0.196 0.052 0.060 

Locus 34 : NC_035780.1:19 
2 alleles
0.0% missing data
   1   (0.283) 0.269 0.128 0.309 0.268 
   2   (0.717) 0.731 0.872 0.691 0.732 

Locus 35 : NC_035780.1:20 
2 alleles
0.5% missing data
   1   (0.460) 0.452 0.207 0.479 0.453 
   2   (0.540) 0.548 0.793 0.521 0.547 

Locus 36 : NC_035780.1:22 
2 alleles
1.6% missing data
   1   (0.211) 0.225 0.069 0.212 0.191 
   2   (0.789) 0.775 0.931 0.788 0.809 

Locus 37 : NC_035780.1:22 
2 alleles
1.6% missing data
   2   (0.879) 0.881 0.992 0.888 0.865 
   1   (0.121) 0.119 0.008 0.112 0.135 

Locus 38 : NC_035780.1:24 
2 alleles
0.0% missing data
   1   (0.465) 0.463 0.687 0.470 0.456 
   2   (0.535) 0.537 0.313 0.530 0.544 

Locus 39 : NC_035780.1:24 
2 alleles
0.0% missing data
   2   (0.859) 0.856 0.855 0.865 0.863 
   1   (0.141) 0.144 0.145 0.135 0.137 

Locus 40 : NC_035780.1:24 
2 alleles
0.0% missing data
   2   (0.891) 0.892 0.930 0.884 0.903 
   1   (0.109) 0.108 0.070 0.116 0.097 

Locus 41 : NC_035780.1:25 
2 alleles
0.3% missing data
   2   (0.816) 0.816 0.969 0.795 0.838 
   1   (0.184) 0.184 0.031 0.205 0.162 

Locus 42 : NC_035780.1:26 
2 alleles
0.8% missing data
   1   (0.351) 0.332 0.349 0.357 0.366 
   2   (0.649) 0.668 0.651 0.643 0.634 

Locus 43 : NC_035780.1:26 
2 alleles
0.8% missing data
   2   (0.816) 0.814 0.786 0.795 0.849 
   1   (0.184) 0.186 0.214 0.205 0.151 

Locus 44 : NC_035780.1:26 
2 alleles
0.0% missing data
   1   (0.298) 0.297 0.491 0.301 0.289 
   2   (0.702) 0.703 0.509 0.699 0.711 

Locus 45 : NC_035780.1:27 
2 alleles
0.0% missing data
   2   (0.908) 0.916 0.931 0.901 0.915 
   1   (0.092) 0.084 0.069 0.099 0.085 

Locus 46 : NC_035780.1:27 
2 alleles
0.0% missing data
   2   (0.963) 0.970 0.998 0.961 0.961 
   1   (0.037) 0.030 0.002 0.039 0.039 

Locus 47 : NC_035780.1:27 
2 alleles
3.4% missing data
   2   (0.871) 0.872 0.990 0.869 0.872 
   1   (0.129) 0.128 0.010 0.131 0.128 

Locus 48 : NC_035780.1:27 
2 alleles
3.4% missing data
   2   (0.879) 0.869 0.672 0.888 0.888 
   1   (0.121) 0.131 0.328 0.112 0.112 

Locus 49 : NC_035780.1:28 
2 alleles
3.9% missing data
   2   (0.958) 0.962 0.610 0.956 0.968 
   1   (0.042) 0.038 0.390 0.044 0.032 

Locus 50 : NC_035780.1:28 
2 alleles
3.9% missing data
   2   (0.911) 0.919 0.993 0.904 0.909 
   1   (0.089) 0.081 0.007 0.096 0.091 

Locus 51 : NC_035780.1:28 
2 alleles
0.0% missing data
   1   (0.483) 0.471 0.265 0.463 0.528 
   2   (0.517) 0.529 0.735 0.537 0.472 

Locus 52 : NC_035780.1:28 
2 alleles
0.0% missing data
   2   (0.907) 0.917 0.867 0.896 0.914 
   1   (0.093) 0.083 0.133 0.104 0.086 

Locus 53 : NC_035780.1:28 
2 alleles
1.1% missing data
   1   (0.178) 0.169 0.332 0.185 0.173 
   2   (0.822) 0.831 0.668 0.815 0.827 

Locus 54 : NC_035780.1:29 
2 alleles
0.0% missing data
   1   (0.198) 0.188 0.055 0.212 0.191 
   2   (0.802) 0.812 0.945 0.788 0.809 

Locus 55 : NC_035780.1:29 
2 alleles
0.0% missing data
   2   (0.944) 0.936 0.727 0.954 0.951 
   1   (0.056) 0.064 0.273 0.046 0.049 

Locus 56 : NC_035780.1:29 
2 alleles
0.0% missing data
   2   (0.830) 0.826 0.813 0.826 0.847 
   1   (0.170) 0.174 0.187 0.174 0.153 

Locus 57 : NC_035780.1:29 
2 alleles
0.0% missing data
   2   (0.905) 0.903 0.993 0.895 0.918 
   1   (0.095) 0.097 0.007 0.105 0.082 

Locus 58 : NC_035780.1:30 
2 alleles
0.3% missing data
   2   (0.932) 0.931 0.995 0.938 0.929 
   1   (0.068) 0.069 0.005 0.062 0.071 

Locus 59 : NC_035780.1:31 
2 alleles
0.8% missing data
   2   (0.892) 0.899 0.992 0.883 0.895 
   1   (0.108) 0.101 0.008 0.117 0.105 

Locus 60 : NC_035780.1:31 
2 alleles
0.8% missing data
   2   (0.639) 0.630 0.438 0.644 0.651 
   1   (0.361) 0.370 0.562 0.356 0.349 

Locus 61 : NC_035780.1:32 
2 alleles
0.0% missing data
   1   (0.366) 0.351 0.482 0.357 0.393 
   2   (0.634) 0.649 0.518 0.643 0.607 

Locus 62 : NC_035780.1:32 
2 alleles
0.0% missing data
   2   (0.728) 0.730 0.619 0.727 0.732 
   1   (0.272) 0.270 0.381 0.273 0.268 

Locus 63 : NC_035780.1:33 
2 alleles
3.4% missing data
   2   (0.946) 0.944 0.996 0.950 0.949 
   1   (0.054) 0.056 0.004 0.050 0.051 

Locus 64 : NC_035780.1:33 
2 alleles
3.4% missing data
   2   (0.831) 0.843 0.416 0.826 0.835 
   1   (0.169) 0.157 0.584 0.174 0.165 

Locus 65 : NC_035780.1:37 
2 alleles
0.3% missing data
   2   (0.921) 0.926 0.889 0.927 0.914 
   1   (0.079) 0.074 0.111 0.073 0.086 

Locus 66 : NC_035780.1:37 
2 alleles
0.3% missing data
   2   (0.874) 0.876 0.991 0.871 0.876 
   1   (0.126) 0.124 0.009 0.129 0.124 

Locus 67 : NC_035780.1:37 
2 alleles
0.0% missing data
   2   (0.923) 0.909 0.995 0.938 0.918 
   1   (0.077) 0.091 0.005 0.062 0.082 

Locus 68 : NC_035780.1:37 
2 alleles
0.0% missing data
   2   (0.805) 0.824 0.878 0.802 0.788 
   1   (0.195) 0.176 0.122 0.198 0.212 

Locus 69 : NC_035780.1:37 
2 alleles
0.0% missing data
   1   (0.141) 0.144 0.053 0.141 0.133 
   2   (0.859) 0.856 0.947 0.859 0.867 

Locus 70 : NC_035780.1:39 
2 alleles
0.0% missing data
   2   (0.925) 0.930 0.994 0.933 0.908 
   1   (0.075) 0.070 0.006 0.067 0.092 

Locus 71 : NC_035780.1:39 
2 alleles
0.0% missing data
   2   (0.843) 0.833 0.935 0.853 0.849 
   1   (0.157) 0.167 0.065 0.147 0.151 

Locus 72 : NC_035780.1:39 
2 alleles
0.0% missing data
   1   (0.307) 0.288 0.593 0.319 0.306 
   2   (0.693) 0.712 0.407 0.681 0.694 

Locus 73 : NC_035780.1:39 
2 alleles
0.0% missing data
   1   (0.130) 0.130 0.017 0.125 0.137 
   2   (0.870) 0.870 0.983 0.875 0.863 

Locus 74 : NC_035780.1:39 
2 alleles
2.9% missing data
   2   (0.667) 0.652 0.590 0.678 0.678 
   1   (0.333) 0.348 0.410 0.322 0.322 

Locus 75 : NC_035780.1:39 
2 alleles
0.3% missing data
   2   (0.878) 0.874 0.731 0.884 0.886 
   1   (0.122) 0.126 0.269 0.116 0.114 

Locus 76 : NC_035780.1:39 
2 alleles
0.3% missing data
   2   (0.885) 0.889 0.987 0.885 0.880 
   1   (0.115) 0.111 0.013 0.115 0.120 

Locus 77 : NC_035780.1:39 
2 alleles
0.3% missing data
   2   (0.539) 0.559 0.663 0.537 0.514 
   1   (0.461) 0.441 0.337 0.463 0.486 

Locus 78 : NC_035780.1:39 
2 alleles
0.3% missing data
   2   (0.971) 0.977 0.998 0.965 0.974 
   1   (0.029) 0.023 0.002 0.035 0.026 

Locus 79 : NC_035780.1:51 
2 alleles
0.3% missing data
   2   (0.963) 0.967 0.998 0.960 0.967 
   1   (0.037) 0.033 0.002 0.040 0.033 

Locus 80 : NC_035780.1:51 
2 alleles
1.3% missing data
   1   (0.324) 0.326 0.404 0.321 0.321 
   2   (0.676) 0.674 0.596 0.679 0.679 

Locus 81 : NC_035780.1:55 
2 alleles
0.0% missing data
   2   (0.904) 0.904 0.994 0.908 0.901 
   1   (0.096) 0.096 0.006 0.092 0.099 

Locus 82 : NC_035780.1:55 
2 alleles
2.1% missing data
   2   (0.781) 0.777 0.610 0.797 0.773 
   1   (0.219) 0.223 0.390 0.203 0.227 

Locus 83 : NC_035780.1:55 
2 alleles
0.5% missing data
   2   (0.856) 0.859 0.923 0.864 0.847 
   1   (0.144) 0.141 0.077 0.136 0.153 

Locus 84 : NC_035780.1:57 
2 alleles
0.0% missing data
   2   (0.949) 0.946 0.768 0.950 0.960 
   1   (0.051) 0.054 0.232 0.050 0.040 

Locus 85 : NC_035780.1:63 
2 alleles
2.1% missing data
   2   (0.949) 0.960 0.817 0.955 0.935 
   1   (0.051) 0.040 0.183 0.045 0.065 

Locus 86 : NC_035780.1:63 
2 alleles
1.3% missing data
   2   (0.894) 0.889 0.961 0.891 0.911 
   1   (0.106) 0.111 0.039 0.109 0.089 

Locus 87 : NC_035780.1:63 
2 alleles
1.3% missing data
   2   (0.736) 0.736 0.563 0.752 0.723 
   1   (0.264) 0.264 0.437 0.248 0.277 

Locus 88 : NC_035780.1:65 
2 alleles
0.0% missing data
   2   (0.860) 0.852 0.917 0.862 0.873 
   1   (0.140) 0.148 0.083 0.138 0.127 

Locus 89 : NC_035780.1:65 
2 alleles
0.0% missing data
   2   (0.959) 0.965 0.876 0.952 0.969 
   1   (0.041) 0.035 0.124 0.048 0.031 

Locus 90 : NC_035780.1:65 
2 alleles
0.0% missing data
   1   (0.232) 0.227 0.082 0.227 0.243 
   2   (0.768) 0.773 0.918 0.773 0.757 

Locus 91 : NC_035780.1:65 
2 alleles
0.0% missing data
   1   (0.254) 0.257 0.166 0.242 0.264 
   2   (0.746) 0.743 0.834 0.758 0.736 

Locus 92 : NC_035780.1:70 
2 alleles
2.4% missing data
   2   (0.923) 0.906 0.872 0.941 0.929 
   1   (0.077) 0.094 0.128 0.059 0.071 

Locus 93 : NC_035780.1:70 
2 alleles
0.3% missing data
   2   (0.958) 0.965 0.752 0.967 0.944 
   1   (0.042) 0.035 0.248 0.033 0.056 

Locus 94 : NC_035780.1:70 
2 alleles
0.3% missing data
   1   (0.212) 0.223 0.218 0.207 0.201 
   2   (0.788) 0.777 0.782 0.793 0.799 

Locus 95 : NC_035780.1:71 
2 alleles
1.6% missing data
   1   (0.416) 0.402 0.312 0.425 0.424 
   2   (0.584) 0.598 0.688 0.575 0.576 

Locus 96 : NC_035780.1:72 
2 alleles
0.0% missing data
   2   (0.934) 0.946 0.988 0.942 0.905 
   1   (0.066) 0.054 0.012 0.058 0.095 

Locus 97 : NC_035780.1:74 
2 alleles
1.1% missing data
   2   (0.948) 0.957 0.697 0.951 0.941 
   1   (0.052) 0.043 0.303 0.049 0.059 

Locus 98 : NC_035780.1:75 
2 alleles
0.5% missing data
   2   (0.794) 0.794 0.872 0.781 0.815 
   1   (0.206) 0.206 0.128 0.219 0.185 

Locus 99 : NC_035780.1:75 
2 alleles
0.5% missing data
   2   (0.869) 0.886 0.744 0.870 0.851 
   1   (0.131) 0.114 0.256 0.130 0.149 

Locus 100 : NC_035780.1:75 
2 alleles
1.1% missing data
   2   (0.927) 0.925 0.994 0.918 0.942 
   1   (0.073) 0.075 0.006 0.082 0.058 

Locus 101 : NC_035780.1:75 
2 alleles
0.0% missing data
   1   (0.473) 0.477 0.702 0.474 0.460 
   2   (0.527) 0.523 0.298 0.526 0.540 

Locus 102 : NC_035780.1:75 
2 alleles
0.3% missing data
   2   (0.900) 0.906 0.758 0.888 0.915 
   1   (0.100) 0.094 0.242 0.112 0.085 

Locus 103 : NC_035780.1:76 
2 alleles
2.9% missing data
   1   (0.338) 0.347 0.612 0.324 0.339 
   2   (0.662) 0.653 0.388 0.676 0.661 

Locus 104 : NC_035780.1:76 
2 alleles
2.9% missing data
   2   (0.937) 0.947 0.995 0.943 0.914 
   1   (0.063) 0.053 0.005 0.057 0.086 

Locus 105 : NC_035780.1:77 
2 alleles
4.5% missing data
   2   (0.845) 0.816 0.925 0.838 0.888 
   1   (0.155) 0.184 0.075 0.162 0.112 

Locus 106 : NC_035780.1:77 
2 alleles
4.5% missing data
   2   (0.903) 0.917 0.663 0.902 0.896 
   1   (0.097) 0.083 0.337 0.098 0.104 

Locus 107 : NC_035780.1:79 
2 alleles
0.0% missing data
   2   (0.925) 0.931 0.871 0.926 0.926 
   1   (0.075) 0.069 0.129 0.074 0.074 

Locus 108 : NC_035780.1:81 
2 alleles
0.0% missing data
   1   (0.457) 0.446 0.118 0.475 0.456 
   2   (0.543) 0.554 0.882 0.525 0.544 

Locus 109 : NC_035780.1:81 
2 alleles
0.0% missing data
   2   (0.881) 0.892 0.961 0.888 0.862 
   1   (0.119) 0.108 0.039 0.112 0.138 

Locus 110 : NC_035780.1:81 
2 alleles
0.0% missing data
   1   (0.382) 0.382 0.441 0.386 0.372 
   2   (0.618) 0.618 0.559 0.614 0.628 

Locus 111 : NC_035780.1:82 
2 alleles
0.0% missing data
   2   (0.925) 0.933 0.907 0.926 0.923 
   1   (0.075) 0.067 0.093 0.074 0.077 

Locus 112 : NC_035780.1:83 
2 alleles
3.4% missing data
   1   (0.160) 0.148 0.011 0.170 0.165 
   2   (0.840) 0.852 0.989 0.830 0.835 

Locus 113 : NC_035780.1:83 
2 alleles
3.4% missing data
   2   (0.939) 0.952 0.996 0.915 0.948 
   1   (0.061) 0.048 0.004 0.085 0.052 

Locus 114 : NC_035780.1:83 
2 alleles
0.0% missing data
   2   (0.932) 0.938 0.932 0.935 0.929 
   1   (0.068) 0.062 0.068 0.065 0.071 

Locus 115 : NC_035780.1:83 
2 alleles
0.0% missing data
   2   (0.875) 0.876 0.598 0.878 0.879 
   1   (0.125) 0.124 0.402 0.122 0.121 

Locus 116 : NC_035780.1:84 
2 alleles
0.0% missing data
   2   (0.907) 0.910 0.719 0.914 0.905 
   1   (0.093) 0.090 0.281 0.086 0.095 

Locus 117 : NC_035780.1:85 
2 alleles
0.3% missing data
   2   (0.890) 0.903 0.883 0.889 0.880 
   1   (0.110) 0.097 0.117 0.111 0.120 

Locus 118 : NC_035780.1:85 
2 alleles
0.3% missing data
   2   (0.584) 0.596 0.858 0.584 0.563 
   1   (0.416) 0.404 0.142 0.416 0.437 

Locus 119 : NC_035780.1:86 
2 alleles
0.0% missing data
   2   (0.910) 0.909 0.883 0.902 0.928 
   1   (0.090) 0.091 0.117 0.098 0.072 

Locus 120 : NC_035780.1:86 
2 alleles
0.0% missing data
   2   (0.594) 0.598 0.695 0.617 0.559 
   1   (0.406) 0.402 0.305 0.383 0.441 

Locus 121 : NC_035780.1:86 
2 alleles
0.0% missing data
   2   (0.958) 0.956 0.997 0.958 0.964 
   1   (0.042) 0.044 0.003 0.042 0.036 

Locus 122 : NC_035780.1:86 
2 alleles
0.0% missing data
   2   (0.955) 0.956 0.996 0.961 0.950 
   1   (0.045) 0.044 0.004 0.039 0.050 

Locus 123 : NC_035780.1:86 
2 alleles
0.0% missing data
   1   (0.185) 0.198 0.087 0.175 0.177 
   2   (0.815) 0.802 0.913 0.825 0.823 

Locus 124 : NC_035780.1:86 
2 alleles
0.0% missing data
   2   (0.915) 0.923 0.961 0.909 0.918 
   1   (0.085) 0.077 0.039 0.091 0.082 

Locus 125 : NC_035780.1:86 
2 alleles
0.0% missing data
   1   (0.154) 0.153 0.099 0.160 0.145 
   2   (0.846) 0.847 0.901 0.840 0.855 

Locus 126 : NC_035780.1:86 
2 alleles
0.0% missing data
   2   (0.911) 0.920 0.753 0.912 0.910 
   1   (0.089) 0.080 0.247 0.088 0.090 

Locus 127 : NC_035780.1:86 
2 alleles
0.0% missing data
   1   (0.177) 0.199 0.044 0.155 0.177 
   2   (0.823) 0.801 0.956 0.845 0.823 

Locus 128 : NC_035780.1:86 
2 alleles
0.0% missing data
   2   (0.909) 0.920 0.885 0.908 0.903 
   1   (0.091) 0.080 0.115 0.092 0.097 

Locus 129 : NC_035780.1:87 
2 alleles
0.3% missing data
   2   (0.801) 0.811 0.706 0.805 0.790 
   1   (0.199) 0.189 0.294 0.195 0.210 

Locus 130 : NC_035780.1:87 
2 alleles
0.0% missing data
