

----------------------------------------------------
STRUCTURE by Pritchard, Stephens and Donnelly (2000)
     and Falush, Stephens and Pritchard (2003)
       Code by Pritchard, Falush and Hubisz
             Version 2.3.4 (Jul 2012)
----------------------------------------------------



Command line arguments:   /programs/structure_2_3_4/bin/structure -K 4 -i /workdir/yc2644/CV_NYC_ddRAD/structure/n380_all_cor/threader_input/n380_all_SNP.DP3g95p10maf05.HWE.mod.biallelic.all_exGRV.n396_indep_50_1_0.2_pruned.nochr156invers.n380_refil.recode.strct_in -o /workdir/yc2644/CV_NYC_ddRAD/structure/n380_all_cor/str_K4_rep6 -D 3922463 -m /workdir/yc2644/CV_NYC_ddRAD/structure/n380_all_cor/threader_input/mainparams -e /workdir/yc2644/CV_NYC_ddRAD/structure/n380_all_cor/threader_input/extraparams 
Input File:    /workdir/yc2644/CV_NYC_ddRAD/structure/n380_all_cor/threader_input/n380_all_SNP.DP3g95p10maf05.HWE.mod.biallelic.all_exGRV.n396_indep_50_1_0.2_pruned.nochr156invers.n380_refil.recode.strct_in

Run parameters:
   380 individuals
   5625 loci
   4 populations assumed
   10000 Burn-in period
   20000 Reps
RANDOMIZE turned off


--------------------------------------------
Overall proportion of membership of the
sample in each of the 4 clusters

Inferred Clusters
  1      2      3      4    
0.297  0.250  0.375  0.077  

--------------------------------------------

Allele-freq. divergence among pops (Net nucleotide distance),
computed using point estimates of P.

      1       2       3       4      
 1      -    0.0002  0.0004  0.0227  
 2   0.0002     -    0.0004  0.0228  
 3   0.0004  0.0004     -    0.0234  
 4   0.0227  0.0228  0.0234     -    

Average distances (expected heterozygosity) between individuals in same cluster:
cluster  1  : 0.2555 
cluster  2  : 0.2550 
cluster  3  : 0.2540 
cluster  4  : 0.2216 

--------------------------------------------
Estimated Ln Prob of Data   = -1710189.0
Mean value of ln likelihood = -1704517.8
Variance of ln likelihood   = 11342.3
Mean value of alpha         = 0.0673

Mean value of Fst_1         = 0.0026
Mean value of Fst_2         = 0.0037
Mean value of Fst_3         = 0.0053
Mean value of Fst_4         = 0.2120


Inferred ancestry of individuals:
        Label (%Miss) :  Inferred clusters
  1 AB812s-002    (1)   :  0.980 0.005 0.012 0.003 
  2 AB812s-004    (0)   :  0.874 0.105 0.018 0.003 
  3 AB812s-005    (0)   :  0.876 0.080 0.016 0.028 
  4 AB812s-008    (1)   :  0.042 0.940 0.009 0.010 
  5 AB812s-009    (1)   :  0.149 0.457 0.392 0.002 
  6 AB812s-011    (0)   :  0.916 0.028 0.047 0.009 
  7 AB812s-012    (1)   :  0.937 0.026 0.037 0.001 
  8 AB812s-013    (0)   :  0.973 0.020 0.006 0.001 
  9 AB812s-014    (0)   :  0.512 0.456 0.032 0.000 
 10 AB812s-015    (0)   :  0.008 0.969 0.021 0.002 
 11 AB812s-017    (0)   :  0.014 0.976 0.009 0.001 
 12 AB812s-018    (0)   :  0.941 0.036 0.017 0.006 
 13 AB812s-019    (1)   :  0.872 0.106 0.019 0.002 
 14 AB812s-020    (1)   :  0.060 0.918 0.019 0.002 
 15 AB812s-021    (1)   :  0.085 0.861 0.051 0.003 
 16 AB812s-022    (0)   :  0.865 0.085 0.037 0.013 
 17 AB812s-024    (0)   :  0.974 0.009 0.009 0.008 
 18 AB812s-027    (0)   :  0.850 0.011 0.004 0.135 
 19 AB812s-029    (0)   :  0.893 0.053 0.038 0.016 
 20 AB812s-030    (0)   :  0.472 0.028 0.497 0.003 
 21 AB812s-031    (0)   :  0.607 0.053 0.277 0.063 
 22 AB812s-032    (0)   :  0.939 0.011 0.031 0.019 
 23 FI1012-001    (1)   :  0.000 0.000 0.000 1.000 
 24 FI1012-001r    (0)   :  0.000 0.000 0.000 0.999 
 25 FI1012-002    (0)   :  0.000 0.000 0.000 1.000 
 26 FI1012-005    (1)   :  0.001 0.001 0.001 0.997 
 27 FI1012-007    (1)   :  0.001 0.001 0.001 0.998 
 28 FI1012-010    (1)   :  0.000 0.000 0.000 1.000 
 29 FI1012-011    (1)   :  0.009 0.005 0.003 0.982 
 30 FI1012-012    (1)   :  0.000 0.000 0.000 1.000 
 31 FI1012-013    (0)   :  0.000 0.000 0.000 1.000 
 32 FI1012-014    (1)   :  0.000 0.000 0.000 0.999 
 33 FI1012-016    (1)   :  0.000 0.000 0.000 1.000 
 34 FI1012-019    (1)   :  0.004 0.007 0.006 0.983 
 35 FI1012-020    (0)   :  0.000 0.000 0.000 0.999 
 36 FIS1013a-00    (1)   :  0.037 0.054 0.017 0.892 
 37 FIS1013a-00    (1)   :  0.050 0.010 0.013 0.927 
 38 FIS1013a-00    (0)   :  0.069 0.201 0.011 0.720 
 39 FIS1013a-00    (1)   :  0.015 0.014 0.014 0.957 
 40 FIS1013a-00    (1)   :  0.072 0.082 0.006 0.841 
 41 FIS1013a-01    (0)   :  0.038 0.051 0.013 0.899 
 42 FIS1013a-01    (0)   :  0.071 0.024 0.019 0.886 
 43 FIS1013a-01    (1)   :  0.023 0.175 0.006 0.796 
 44 FIS1013a-01    (1)   :  0.260 0.039 0.002 0.699 
 45 FIS1013a-01    (1)   :  0.013 0.009 0.013 0.965 
 46 FIS1013a-02    (1)   :  0.004 0.003 0.003 0.990 
 47 FIS1013a-02    (1)   :  0.004 0.016 0.123 0.857 
 48 FIS1013a-02    (1)   :  0.062 0.013 0.048 0.877 
 49 FIS1013a-02    (1)   :  0.037 0.033 0.022 0.908 
 50 HH0512a-001    (1)   :  0.028 0.019 0.952 0.001 
 51 HH0512a-002    (0)   :  0.004 0.004 0.991 0.001 
 52 HH0512a-004    (0)   :  0.349 0.038 0.611 0.001 
 53 HH0512a-006    (0)   :  0.009 0.617 0.373 0.001 
 54 HH0512a-007    (1)   :  0.024 0.016 0.957 0.003 
 55 HH0512a-009    (0)   :  0.394 0.530 0.074 0.001 
 56 HH0512a-010    (0)   :  0.036 0.913 0.050 0.001 
 57 HH0512a-012    (0)   :  0.423 0.150 0.425 0.002 
 58 HH0512a-013    (1)   :  0.088 0.079 0.827 0.006 
 59 HH0512a-015    (0)   :  0.885 0.023 0.090 0.002 
 60 HH0512a-017    (0)   :  0.633 0.207 0.154 0.005 
 61 HH0512a-018    (1)   :  0.013 0.031 0.954 0.001 
 62 HH0512a-020    (1)   :  0.060 0.108 0.831 0.001 
 63 HH0512a-021    (1)   :  0.015 0.012 0.972 0.001 
 64 HH0512a-022    (0)   :  0.045 0.024 0.929 0.002 
 65 HH0512a-023    (0)   :  0.276 0.038 0.685 0.001 
 66 HH0512a-029    (0)   :  0.013 0.013 0.970 0.004 
 67 HH1013a-001    (1)   :  0.014 0.084 0.900 0.002 
 68 HH1013a-002    (0)   :  0.641 0.166 0.192 0.001 
 69 HH1013a-003    (0)   :  0.012 0.020 0.957 0.010 
 70 HH1013a-005    (0)   :  0.008 0.015 0.974 0.003 
 71 HH1013a-006    (0)   :  0.130 0.149 0.718 0.002 
 72 HH1013a-007    (0)   :  0.005 0.008 0.986 0.001 
 73 HH1013a-009    (0)   :  0.071 0.045 0.880 0.004 
 74 HH1013a-010    (0)   :  0.069 0.021 0.903 0.006 
 75 HH1013a-011    (1)   :  0.015 0.025 0.959 0.001 
 76 HH1013a-012    (0)   :  0.039 0.041 0.919 0.001 
 77 HH1013a-013    (0)   :  0.606 0.312 0.081 0.001 
 78 HH1013a-014    (1)   :  0.790 0.079 0.129 0.002 
 79 HH1013a-015    (1)   :  0.030 0.244 0.723 0.003 
 80 HH1013a-016    (0)   :  0.009 0.008 0.978 0.005 
 81 HH1013a-017    (0)   :  0.175 0.098 0.726 0.001 
 82 HH1013a-018    (1)   :  0.020 0.021 0.945 0.014 
 83 HH1013a-019    (0)   :  0.034 0.058 0.905 0.003 
 84 HH1013a-020    (0)   :  0.028 0.816 0.155 0.001 
 85 HH1013a-021    (0)   :  0.623 0.032 0.344 0.001 
 86 HH1013a-022    (0)   :  0.904 0.062 0.025 0.009 
 87 HH1013a-023    (1)   :  0.016 0.026 0.956 0.002 
 88 HH1013a-024    (1)   :  0.048 0.058 0.890 0.004 
 89 HH1013s-001    (1)   :  0.109 0.056 0.827 0.009 
 90 HH1013s-002    (1)   :  0.280 0.081 0.637 0.002 
 91 HH1013s-003    (0)   :  0.875 0.058 0.063 0.004 
 92 HH1013s-005    (1)   :  0.114 0.131 0.754 0.001 
 93 HH1013s-006    (1)   :  0.212 0.033 0.753 0.003 
 94 HH1013s-007    (0)   :  0.112 0.022 0.865 0.001 
 95 HH1013s-008    (0)   :  0.011 0.014 0.975 0.001 
 96 HH1013s-009    (1)   :  0.133 0.120 0.745 0.001 
 97 HH1013s-010    (1)   :  0.021 0.008 0.970 0.001 
 98 HH1013s-011    (1)   :  0.009 0.011 0.978 0.002 
 99 HH1013s-012    (1)   :  0.087 0.018 0.895 0.000 
100 HH1013s-013    (0)   :  0.011 0.326 0.663 0.001 
101 HH1013s-014    (0)   :  0.284 0.037 0.678 0.001 
102 HH1013s-016    (1)   :  0.052 0.054 0.893 0.002 
103 HH1013s-017    (1)   :  0.013 0.040 0.944 0.003 
104 HH1013s-018    (1)   :  0.085 0.784 0.130 0.001 
105 HH1013s-019    (0)   :  0.119 0.746 0.135 0.001 
106 HH1013s-020    (0)   :  0.023 0.633 0.342 0.001 
107 HH1013s-021    (1)   :  0.030 0.012 0.957 0.001 
108 HH1013s-022    (0)   :  0.015 0.122 0.862 0.001 
109 HH1013s-023    (0)   :  0.202 0.152 0.639 0.006 
110 HH1013s-024    (0)   :  0.014 0.021 0.963 0.001 
111 HH1013s-025    (1)   :  0.031 0.063 0.892 0.015 
112 HH812s-001    (1)   :  0.027 0.017 0.951 0.005 
113 HH812s-003    (1)   :  0.067 0.026 0.900 0.007 
114 HH812s-006    (0)   :  0.015 0.013 0.969 0.003 
115 HH812s-010    (1)   :  0.017 0.011 0.968 0.004 
116 HH812s-013    (0)   :  0.041 0.024 0.923 0.012 
117 HH812s-018    (0)   :  0.053 0.082 0.863 0.001 
118 HH812s-019    (1)   :  0.096 0.705 0.187 0.012 
119 HH812s-024    (0)   :  0.011 0.010 0.977 0.002 
120 HH812s-025    (0)   :  0.320 0.115 0.564 0.001 
121 HH812s-030    (0)   :  0.256 0.034 0.696 0.014 
122 HH812s-035    (0)   :  0.006 0.008 0.985 0.001 
123 HH812s-036    (1)   :  0.027 0.027 0.945 0.001 
124 HH812s-037    (0)   :  0.206 0.013 0.781 0.001 
125 HH812s-039    (1)   :  0.235 0.057 0.706 0.001 
126 HH812s-040    (0)   :  0.371 0.008 0.621 0.001 
127 HH812s-042    (0)   :  0.008 0.019 0.972 0.001 
128 HH812s-046    (0)   :  0.009 0.006 0.984 0.002 
129 HH812s-048    (0)   :  0.016 0.035 0.949 0.001 
130 HH812s-050    (1)   :  0.007 0.044 0.946 0.004 
131 HH812s-052    (1)   :  0.042 0.430 0.519 0.009 
132 HH812s-054    (1)   :  0.018 0.047 0.933 0.002 
133 HH812s-056    (1)   :  0.019 0.188 0.778 0.016 
134 HH912s-109    (0)   :  0.009 0.120 0.870 0.001 
135 HH912s-110    (0)   :  0.305 0.020 0.673 0.002 
136 HH912s-111    (0)   :  0.251 0.026 0.722 0.002 
137 HH912s-113    (0)   :  0.050 0.036 0.913 0.001 
138 HH912s-114    (0)   :  0.268 0.479 0.252 0.001 
139 HH912s-115    (0)   :  0.007 0.007 0.979 0.007 
140 HH912s-116    (1)   :  0.410 0.091 0.498 0.001 
141 HH912s-117    (0)   :  0.055 0.726 0.216 0.003 
142 HH912s-118    (1)   :  0.635 0.024 0.338 0.004 
143 HH912s-119    (1)   :  0.155 0.017 0.826 0.002 
144 HH912s-120    (0)   :  0.111 0.056 0.832 0.001 
145 HH912s-121    (0)   :  0.009 0.008 0.983 0.001 
146 HH912s-122    (1)   :  0.048 0.087 0.861 0.004 
147 HH912s-123    (0)   :  0.022 0.039 0.938 0.001 
148 HH912s-124    (0)   :  0.097 0.045 0.856 0.002 
149 HH912s-125    (0)   :  0.875 0.027 0.093 0.005 
150 HH912s-126    (0)   :  0.012 0.711 0.273 0.004 
151 HH912s-127    (0)   :  0.017 0.030 0.951 0.002 
152 HH912s-128    (0)   :  0.017 0.032 0.949 0.002 
153 HH912s-129    (0)   :  0.100 0.208 0.691 0.001 
154 HH912s-130    (0)   :  0.010 0.281 0.706 0.003 
155 HH912s-131    (0)   :  0.039 0.123 0.837 0.002 
156 HH912s-132    (0)   :  0.008 0.771 0.220 0.001 
157 IRV1012-001    (0)   :  0.499 0.016 0.470 0.016 
158 IRV1012-002    (0)   :  0.106 0.025 0.867 0.002 
159 IRV1012-003    (0)   :  0.007 0.018 0.973 0.002 
160 IRV1012-004    (1)   :  0.030 0.037 0.931 0.001 
161 IRV1012-006    (0)   :  0.022 0.021 0.957 0.001 
162 IRV1012-007    (0)   :  0.085 0.126 0.789 0.001 
163 IRV1012-008    (0)   :  0.051 0.912 0.036 0.001 
164 IRV1012-009    (1)   :  0.167 0.091 0.741 0.001 
165 IRV1012-010    (0)   :  0.030 0.266 0.702 0.001 
166 IRV1012-011    (0)   :  0.015 0.019 0.965 0.001 
167 IRV1012-012    (0)   :  0.765 0.108 0.125 0.002 
168 IRV1012-013    (0)   :  0.938 0.016 0.043 0.003 
169 IRV1012-014    (0)   :  0.012 0.277 0.710 0.001 
170 IRV1012-015    (0)   :  0.031 0.032 0.936 0.002 
171 IRV1012-016    (0)   :  0.137 0.042 0.821 0.001 
172 IRV1012-017    (0)   :  0.006 0.394 0.600 0.001 
173 IRV1012-018    (1)   :  0.139 0.029 0.830 0.002 
174 IRV1012-019    (0)   :  0.081 0.033 0.883 0.003 
175 IRV1012-020    (0)   :  0.930 0.053 0.017 0.000 
176 IRV1012-021    (0)   :  0.005 0.019 0.973 0.003 
177 IRV1012-022    (0)   :  0.009 0.005 0.986 0.000 
178 IRV1012-023    (0)   :  0.011 0.011 0.978 0.001 
179 IRV1012-024    (1)   :  0.326 0.021 0.639 0.014 
180 NTC1013a-00    (0)   :  0.911 0.048 0.021 0.020 
181 NTC1013a-00    (1)   :  0.986 0.008 0.004 0.003 
182 NTC1013a-00    (0)   :  0.877 0.070 0.051 0.002 
183 NTC1013a-00    (1)   :  0.843 0.073 0.075 0.009 
184 NTC1013a-00    (1)   :  0.915 0.022 0.014 0.049 
185 NTC1013a-00    (0)   :  0.009 0.977 0.012 0.003 
186 NTC1013a-00    (1)   :  0.031 0.926 0.036 0.007 
187 NTC1013a-00    (0)   :  0.200 0.726 0.034 0.040 
188 NTC1013a-01    (0)   :  0.014 0.927 0.007 0.052 
189 NTC1013a-01    (0)   :  0.971 0.015 0.009 0.005 
190 NTC1013a-01    (0)   :  0.943 0.021 0.005 0.031 
191 NTC1013a-01    (0)   :  0.788 0.005 0.011 0.196 
192 NTC1013a-01    (0)   :  0.065 0.924 0.008 0.002 
193 NTC1013a-01    (0)   :  0.067 0.915 0.014 0.004 
194 NTC1013a-01    (0)   :  0.268 0.696 0.032 0.004 
195 NTC1013a-01    (1)   :  0.807 0.170 0.021 0.002 
196 NTC1013a-01    (0)   :  0.944 0.033 0.021 0.002 
197 NTC1013a-01    (0)   :  0.967 0.011 0.020 0.001 
198 NTC1013a-02    (0)   :  0.087 0.892 0.018 0.003 
199 NTC1013a-02    (0)   :  0.955 0.033 0.010 0.002 
200 PM1012-01    (0)   :  0.084 0.200 0.715 0.001 
201 PM1012-02    (1)   :  0.012 0.005 0.981 0.001 
202 PM1012-04    (1)   :  0.452 0.030 0.517 0.001 
203 PM1012-06    (0)   :  0.009 0.451 0.534 0.005 
204 PM1012-07    (0)   :  0.052 0.073 0.874 0.001 
205 PM1012-09    (0)   :  0.058 0.759 0.181 0.002 
206 PM1012-10    (0)   :  0.030 0.020 0.949 0.001 
207 PM1012-13    (0)   :  0.023 0.032 0.944 0.001 
208 PM1012-14    (0)   :  0.013 0.928 0.054 0.005 
209 PM1012-16    (1)   :  0.014 0.265 0.719 0.002 
210 PM1012-17    (0)   :  0.788 0.010 0.202 0.000 
211 PM1012-23    (0)   :  0.007 0.008 0.983 0.002 
212 PM1012-24    (1)   :  0.084 0.049 0.867 0.001 
213 PM1012-25    (0)   :  0.068 0.032 0.898 0.001 
214 PM1012-26    (3)   :  0.017 0.013 0.967 0.003 
215 PM1012-27    (0)   :  0.028 0.679 0.270 0.022 
216 PRA1013a-00    (1)   :  0.038 0.155 0.806 0.001 
217 PRA1013a-00    (1)   :  0.046 0.098 0.854 0.002 
218 PRA1013a-00    (0)   :  0.016 0.034 0.949 0.002 
219 PRA1013a-00    (0)   :  0.014 0.064 0.921 0.001 
220 PRA1013a-00    (0)   :  0.003 0.006 0.986 0.005 
221 PRA1013a-00    (0)   :  0.111 0.796 0.092 0.001 
222 PRA1013a-00    (1)   :  0.005 0.903 0.091 0.001 
223 PRA1013a-01    (0)   :  0.697 0.021 0.008 0.274 
224 PRA1013a-01    (1)   :  0.978 0.007 0.014 0.001 
225 PRA1013a-01    (0)   :  0.859 0.008 0.130 0.003 
226 PRA1013a-01    (0)   :  0.028 0.035 0.936 0.001 
227 PRA1013a-01    (1)   :  0.030 0.958 0.008 0.004 
228 PRA1013a-02    (1)   :  0.039 0.007 0.952 0.002 
229 PRA1013a-02    (1)   :  0.077 0.071 0.851 0.002 
230 PRA1013a-02    (0)   :  0.021 0.019 0.958 0.001 
231 PRA1013a-03    (0)   :  0.060 0.393 0.545 0.002 
232 PRA1013a-03    (1)   :  0.005 0.009 0.984 0.001 
233 PRA1013a-03    (0)   :  0.005 0.009 0.984 0.002 
234 PRA1013a-03    (0)   :  0.009 0.016 0.971 0.004 
235 PRA1013a-03    (0)   :  0.015 0.879 0.102 0.003 
236 PRA1013a-03    (0)   :  0.009 0.022 0.967 0.002 
237 PRA1013a-03    (0)   :  0.048 0.615 0.334 0.002 
238 PRA1013a-03    (1)   :  0.014 0.051 0.921 0.014 
239 RI812s-001    (0)   :  0.243 0.690 0.015 0.051 
240 RI812s-002    (1)   :  0.290 0.638 0.010 0.062 
241 RI812s-003    (1)   :  0.448 0.492 0.043 0.017 
242 RI812s-005    (1)   :  0.961 0.021 0.005 0.013 
243 RI812s-006    (0)   :  0.948 0.043 0.007 0.002 
244 RI812s-007    (0)   :  0.257 0.722 0.020 0.002 
245 RI812s-009    (0)   :  0.874 0.042 0.002 0.081 
246 RI812s-010    (1)   :  0.308 0.413 0.239 0.040 
247 RI812s-011    (0)   :  0.917 0.029 0.011 0.043 
248 RI812s-013    (1)   :  0.013 0.952 0.033 0.002 
249 RI812s-014    (1)   :  0.978 0.010 0.008 0.004 
250 RI812s-015    (0)   :  0.147 0.826 0.024 0.002 
251 RI812s-016    (0)   :  0.051 0.710 0.003 0.236 
252 SV0512a-001    (0)   :  0.026 0.956 0.015 0.002 
253 SV0512a-002    (1)   :  0.617 0.365 0.014 0.005 
254 SV0512a-003    (0)   :  0.036 0.939 0.019 0.006 
255 SV0512a-005    (1)   :  0.951 0.022 0.025 0.002 
256 SV0512a-007    (1)   :  0.109 0.781 0.021 0.089 
257 SV0512a-008    (1)   :  0.912 0.020 0.002 0.065 
258 SV0512a-009    (1)   :  0.956 0.012 0.030 0.002 
259 SV0512a-010    (0)   :  0.412 0.551 0.030 0.007 
260 SV0512a-011    (0)   :  0.794 0.003 0.003 0.201 
261 SV0512a-013    (1)   :  0.031 0.339 0.628 0.002 
262 SV0512a-014    (6)   :  0.186 0.752 0.059 0.003 
263 SV0512a-016    (1)   :  0.028 0.956 0.013 0.003 
264 SV0512a-018    (4)   :  0.836 0.009 0.064 0.091 
265 SV0512a-021    (2)   :  0.956 0.020 0.014 0.009 
266 SV0512a-022    (0)   :  0.965 0.018 0.002 0.014 
267 SV0512a-023    (2)   :  0.367 0.619 0.011 0.002 
268 SV0512a-024    (0)   :  0.973 0.006 0.004 0.017 
269 SV0512a-025    (0)   :  0.026 0.957 0.016 0.001 
270 SV0512a-027    (0)   :  0.952 0.029 0.018 0.001 
271 SV0512a-028    (3)   :  0.045 0.740 0.172 0.043 
272 SV1013a-001    (0)   :  0.831 0.082 0.020 0.067 
273 SV1013a-002    (1)   :  0.674 0.096 0.229 0.001 
274 SV1013a-003    (0)   :  0.010 0.948 0.039 0.003 
275 SV1013a-005    (0)   :  0.595 0.371 0.005 0.029 
276 SV1013a-006    (0)   :  0.923 0.054 0.020 0.003 
277 SV1013a-007    (0)   :  0.016 0.974 0.008 0.002 
278 SV1013a-008    (0)   :  0.884 0.107 0.008 0.001 
279 SV1013a-009    (0)   :  0.007 0.939 0.014 0.041 
280 SV1013a-010    (1)   :  0.046 0.938 0.012 0.004 
281 SV1013a-011    (0)   :  0.893 0.054 0.052 0.001 
282 SV1013a-012    (0)   :  0.904 0.035 0.024 0.037 
283 SV1013a-013    (0)   :  0.911 0.056 0.030 0.004 
284 SV1013a-014    (0)   :  0.941 0.048 0.009 0.002 
285 SV1013a-015    (0)   :  0.682 0.289 0.028 0.001 
286 SV1013a-016    (0)   :  0.975 0.007 0.017 0.001 
287 SV1013a-017    (0)   :  0.756 0.030 0.203 0.011 
288 SV1013a-018    (0)   :  0.012 0.960 0.028 0.000 
289 SV1013a-019    (0)   :  0.013 0.968 0.005 0.014 
290 SV1013a-020    (0)   :  0.849 0.004 0.003 0.144 
291 SV1013a-021    (0)   :  0.042 0.898 0.059 0.001 
292 SV1013a-022    (1)   :  0.150 0.776 0.013 0.061 
293 SV1013a-023    (0)   :  0.015 0.956 0.023 0.006 
294 SV1013a-024    (0)   :  0.315 0.612 0.027 0.047 
295 SV812s-026    (1)   :  0.644 0.300 0.052 0.004 
296 SV812s-027    (0)   :  0.008 0.899 0.054 0.039 
297 SV812s-029    (0)   :  0.706 0.043 0.250 0.001 
298 SV812s-030    (0)   :  0.057 0.816 0.057 0.070 
299 SV812s-031    (0)   :  0.041 0.947 0.008 0.005 
300 SV812s-032    (0)   :  0.021 0.921 0.008 0.051 
301 SV812s-033    (0)   :  0.428 0.563 0.007 0.001 
302 SV812s-034    (0)   :  0.959 0.018 0.017 0.006 
303 SV812s-037    (0)   :  0.033 0.834 0.126 0.007 
304 SV812s-038    (0)   :  0.030 0.951 0.018 0.002 
305 SV812s-039    (0)   :  0.015 0.973 0.009 0.002 
306 SV812s-040    (0)   :  0.082 0.878 0.038 0.002 
307 SV812s-041    (0)   :  0.984 0.010 0.005 0.001 
308 SV812s-042    (0)   :  0.318 0.675 0.006 0.001 
309 SV812s-043    (1)   :  0.377 0.205 0.408 0.010 
310 SV812s-044    (0)   :  0.946 0.032 0.021 0.001 
311 SV812s-046    (0)   :  0.015 0.951 0.017 0.017 
312 SV812s-047    (0)   :  0.677 0.202 0.120 0.001 
313 SV812s-048    (1)   :  0.028 0.962 0.008 0.002 
314 SV812s-049    (0)   :  0.900 0.030 0.069 0.001 
315 SV812s-050    (1)   :  0.070 0.840 0.089 0.001 
316 SV812s-051    (0)   :  0.855 0.120 0.021 0.003 
317 SV812s-052    (0)   :  0.014 0.944 0.005 0.037 
318 SV912s-001    (1)   :  0.028 0.948 0.022 0.002 
319 SV912s-002    (0)   :  0.450 0.200 0.313 0.037 
320 SV912s-003    (0)   :  0.544 0.358 0.014 0.084 
321 SV912s-005    (1)   :  0.024 0.825 0.075 0.076 
322 SV912s-006    (1)   :  0.085 0.903 0.011 0.001 
323 SV912s-007    (0)   :  0.648 0.287 0.061 0.003 
324 SV912s-008    (1)   :  0.966 0.010 0.023 0.001 
325 SV912s-009    (0)   :  0.957 0.029 0.013 0.001 
326 SV912s-010    (1)   :  0.028 0.956 0.015 0.001 
327 SV912s-011    (1)   :  0.880 0.100 0.015 0.005 
328 SV912s-012    (1)   :  0.169 0.775 0.008 0.048 
329 SV912s-013    (0)   :  0.274 0.660 0.064 0.002 
330 SV912s-014    (1)   :  0.033 0.730 0.193 0.044 
331 SV912s-015    (0)   :  0.860 0.115 0.022 0.003 
332 SV912s-017    (0)   :  0.903 0.025 0.058 0.014 
333 SV912s-018    (1)   :  0.892 0.061 0.045 0.002 
334 SV912s-019    (1)   :  0.725 0.007 0.268 0.001 
335 SV912s-020    (1)   :  0.944 0.005 0.010 0.041 
336 SV912s-021    (0)   :  0.715 0.220 0.062 0.003 
337 SV912s-022    (0)   :  0.897 0.027 0.075 0.001 
338 SV912s-023    (0)   :  0.013 0.660 0.299 0.027 
339 SV912s-024    (0)   :  0.018 0.018 0.962 0.001 
340 SV912s-025    (1)   :  0.063 0.026 0.910 0.001 
341 TPZ0713-001    (1)   :  0.007 0.577 0.416 0.001 
342 TPZ0713-002    (1)   :  0.051 0.768 0.180 0.001 
343 TPZ0713-003    (0)   :  0.432 0.023 0.544 0.001 
344 TPZ0713-005    (0)   :  0.009 0.442 0.547 0.002 
345 TPZ0713-006    (1)   :  0.022 0.035 0.931 0.013 
346 TPZ0713-007    (1)   :  0.073 0.117 0.809 0.001 
347 TPZ0713-009    (1)   :  0.056 0.029 0.913 0.002 
348 TPZ0713-011    (1)   :  0.087 0.008 0.904 0.001 
349 TPZ0713-012    (1)   :  0.012 0.035 0.952 0.001 
350 TPZ0713-013    (0)   :  0.019 0.008 0.972 0.001 
351 TPZ0713-014    (1)   :  0.005 0.011 0.983 0.001 
352 TPZ0713-015    (0)   :  0.009 0.827 0.164 0.001 
353 TPZ0713-016    (0)   :  0.603 0.005 0.392 0.001 
354 TPZ0713-020    (1)   :  0.162 0.249 0.586 0.003 
355 TPZ0713-021    (1)   :  0.007 0.030 0.955 0.008 
356 TPZ0713-023    (0)   :  0.017 0.011 0.971 0.001 
357 TPZ0713-024    (1)   :  0.010 0.950 0.039 0.001 
358 TPZ0713-025    (1)   :  0.005 0.004 0.989 0.002 
359 TPZ0713-028    (1)   :  0.009 0.024 0.966 0.000 
360 TPZ0713-029    (1)   :  0.010 0.032 0.946 0.012 
361 WFM812s-049    (0)   :  0.379 0.567 0.053 0.000 
362 WFM812s-050    (1)   :  0.492 0.334 0.173 0.001 
363 WFM812s-051    (1)   :  0.956 0.024 0.019 0.001 
364 WFM812s-054    (0)   :  0.110 0.879 0.008 0.003 
365 WFM812s-056    (0)   :  0.948 0.026 0.025 0.001 
366 WFM812s-057    (1)   :  0.923 0.065 0.011 0.002 
367 WFM812s-058    (0)   :  0.961 0.007 0.029 0.003 
368 WFM812s-059    (0)   :  0.958 0.020 0.005 0.016 
369 WFM812s-060    (1)   :  0.002 0.766 0.017 0.215 
370 WFM812s-062    (0)   :  0.982 0.006 0.011 0.001 
371 WFM812s-063    (0)   :  0.077 0.883 0.037 0.003 
372 WFM812s-064    (0)   :  0.513 0.432 0.038 0.016 
373 WFM812s-065    (0)   :  0.545 0.430 0.022 0.003 
374 WFM812s-066    (0)   :  0.836 0.153 0.010 0.001 
375 WFM812s-067    (0)   :  0.981 0.009 0.006 0.004 
376 WFM812s-068    (1)   :  0.926 0.052 0.021 0.001 
377 WFM812s-069    (0)   :  0.085 0.837 0.077 0.001 
378 WFM812s-071    (0)   :  0.450 0.055 0.487 0.007 
379 WFM812s-072    (0)   :  0.927 0.046 0.020 0.007 
380 WFM812s-073    (1)   :  0.672 0.050 0.276 0.002 


Estimated Allele Frequencies in each cluster
First column gives estimated ancestral frequencies


Locus 1 : NC_035780.1:72 
2 alleles
1.1% missing data
   2   (0.801) 0.816 0.786 0.795 0.919 
   1   (0.199) 0.184 0.214 0.205 0.081 

Locus 2 : NC_035780.1:72 
2 alleles
1.1% missing data
   2   (0.890) 0.893 0.880 0.897 0.990 
   1   (0.110) 0.107 0.120 0.103 0.010 

Locus 3 : NC_035780.1:44 
2 alleles
0.3% missing data
   2   (0.930) 0.934 0.922 0.935 0.995 
   1   (0.070) 0.066 0.078 0.065 0.005 

Locus 4 : NC_035780.1:31 
2 alleles
0.0% missing data
   2   (0.902) 0.895 0.911 0.911 0.823 
   1   (0.098) 0.105 0.089 0.089 0.177 

Locus 5 : NC_035780.1:36 
2 alleles
0.0% missing data
   2   (0.667) 0.654 0.677 0.683 0.639 
   1   (0.333) 0.346 0.323 0.317 0.361 

Locus 6 : NC_035780.1:38 
2 alleles
0.0% missing data
   1   (0.176) 0.168 0.179 0.182 0.065 
   2   (0.824) 0.832 0.821 0.818 0.935 

Locus 7 : NC_035780.1:38 
2 alleles
0.0% missing data
   2   (0.789) 0.793 0.792 0.774 0.965 
   1   (0.211) 0.207 0.208 0.226 0.035 

Locus 8 : NC_035780.1:38 
2 alleles
0.0% missing data
   1   (0.111) 0.105 0.113 0.110 0.251 
   2   (0.889) 0.895 0.887 0.890 0.749 

Locus 9 : NC_035780.1:38 
2 alleles
0.0% missing data
   2   (0.914) 0.915 0.915 0.917 0.887 
   1   (0.086) 0.085 0.085 0.083 0.113 

Locus 10 : NC_035780.1:41 
2 alleles
3.2% missing data
   2   (0.829) 0.842 0.818 0.823 0.881 
   1   (0.171) 0.158 0.182 0.177 0.119 

Locus 11 : NC_035780.1:44 
2 alleles
0.0% missing data
   2   (0.903) 0.903 0.920 0.874 0.993 
   1   (0.097) 0.097 0.080 0.126 0.007 

Locus 12 : NC_035780.1:44 
2 alleles
0.0% missing data
   2   (0.906) 0.904 0.913 0.900 0.993 
   1   (0.094) 0.096 0.087 0.100 0.007 

Locus 13 : NC_035780.1:54 
2 alleles
3.7% missing data
   2   (0.910) 0.908 0.905 0.923 0.993 
   1   (0.090) 0.092 0.095 0.077 0.007 

Locus 14 : NC_035780.1:55 
2 alleles
0.3% missing data
   2   (0.932) 0.933 0.930 0.937 0.995 
   1   (0.068) 0.067 0.070 0.063 0.005 

Locus 15 : NC_035780.1:59 
2 alleles
0.0% missing data
   1   (0.406) 0.414 0.397 0.400 0.343 
   2   (0.594) 0.586 0.603 0.600 0.657 

Locus 16 : NC_035780.1:84 
2 alleles
1.8% missing data
   2   (0.910) 0.904 0.916 0.915 0.992 
   1   (0.090) 0.096 0.084 0.085 0.008 

Locus 17 : NC_035780.1:90 
2 alleles
1.3% missing data
   2   (0.913) 0.915 0.907 0.923 0.959 
   1   (0.087) 0.085 0.093 0.077 0.041 

Locus 18 : NC_035780.1:90 
2 alleles
1.3% missing data
   2   (0.936) 0.939 0.946 0.917 0.996 
   1   (0.064) 0.061 0.054 0.083 0.004 

Locus 19 : NC_035780.1:98 
2 alleles
0.0% missing data
   2   (0.846) 0.851 0.839 0.842 0.989 
   1   (0.154) 0.149 0.161 0.158 0.011 

Locus 20 : NC_035780.1:98 
2 alleles
0.0% missing data
   1   (0.492) 0.491 0.491 0.499 0.297 
   2   (0.508) 0.509 0.509 0.501 0.703 

Locus 21 : NC_035780.1:98 
2 alleles
0.0% missing data
   2   (0.817) 0.814 0.824 0.821 0.795 
   1   (0.183) 0.186 0.176 0.179 0.205 

Locus 22 : NC_035780.1:10 
2 alleles
3.9% missing data
   1   (0.264) 0.258 0.269 0.267 0.212 
   2   (0.736) 0.742 0.731 0.733 0.788 

Locus 23 : NC_035780.1:11 
2 alleles
0.0% missing data
   1   (0.156) 0.156 0.146 0.162 0.201 
   2   (0.844) 0.844 0.854 0.838 0.799 

Locus 24 : NC_035780.1:13 
2 alleles
0.0% missing data
   1   (0.196) 0.203 0.193 0.190 0.013 
   2   (0.804) 0.797 0.807 0.810 0.987 

Locus 25 : NC_035780.1:13 
2 alleles
0.0% missing data
   2   (0.725) 0.740 0.719 0.712 0.467 
   1   (0.275) 0.260 0.281 0.288 0.533 

Locus 26 : NC_035780.1:15 
2 alleles
0.3% missing data
   2   (0.943) 0.945 0.945 0.946 0.821 
   1   (0.057) 0.055 0.055 0.054 0.179 

Locus 27 : NC_035780.1:16 
2 alleles
0.0% missing data
   2   (0.912) 0.919 0.913 0.908 0.677 
   1   (0.088) 0.081 0.087 0.092 0.323 

Locus 28 : NC_035780.1:16 
2 alleles
0.0% missing data
   1   (0.171) 0.174 0.183 0.153 0.018 
   2   (0.829) 0.826 0.817 0.847 0.982 

Locus 29 : NC_035780.1:16 
2 alleles
5.8% missing data
   2   (0.925) 0.930 0.907 0.945 0.867 
   1   (0.075) 0.070 0.093 0.055 0.133 

Locus 30 : NC_035780.1:16 
2 alleles
5.8% missing data
   2   (0.941) 0.944 0.932 0.957 0.871 
   1   (0.059) 0.056 0.068 0.043 0.129 

Locus 31 : NC_035780.1:17 
2 alleles
0.0% missing data
   2   (0.904) 0.903 0.899 0.920 0.871 
   1   (0.096) 0.097 0.101 0.080 0.129 

Locus 32 : NC_035780.1:18 
2 alleles
0.3% missing data
   2   (0.922) 0.923 0.917 0.930 0.988 
   1   (0.078) 0.077 0.083 0.070 0.012 

Locus 33 : NC_035780.1:18 
2 alleles
1.3% missing data
   2   (0.939) 0.938 0.946 0.942 0.806 
   1   (0.061) 0.062 0.054 0.058 0.194 

Locus 34 : NC_035780.1:19 
2 alleles
0.0% missing data
   1   (0.284) 0.290 0.284 0.271 0.129 
   2   (0.716) 0.710 0.716 0.729 0.871 

Locus 35 : NC_035780.1:20 
2 alleles
0.5% missing data
   1   (0.462) 0.471 0.462 0.449 0.209 
   2   (0.538) 0.529 0.538 0.551 0.791 

Locus 36 : NC_035780.1:22 
2 alleles
1.6% missing data
   1   (0.208) 0.210 0.208 0.204 0.071 
   2   (0.792) 0.790 0.792 0.796 0.929 

Locus 37 : NC_035780.1:22 
2 alleles
1.6% missing data
   2   (0.880) 0.882 0.890 0.861 0.992 
   1   (0.120) 0.118 0.110 0.139 0.008 

Locus 38 : NC_035780.1:24 
2 alleles
0.0% missing data
   1   (0.466) 0.481 0.451 0.453 0.685 
   2   (0.534) 0.519 0.549 0.547 0.315 

Locus 39 : NC_035780.1:24 
2 alleles
0.0% missing data
   2   (0.861) 0.862 0.867 0.859 0.856 
   1   (0.139) 0.138 0.133 0.141 0.144 

Locus 40 : NC_035780.1:24 
2 alleles
0.0% missing data
   2   (0.890) 0.880 0.895 0.907 0.929 
   1   (0.110) 0.120 0.105 0.093 0.071 

Locus 41 : NC_035780.1:25 
2 alleles
0.3% missing data
   2   (0.815) 0.817 0.793 0.840 0.969 
   1   (0.185) 0.183 0.207 0.160 0.031 

Locus 42 : NC_035780.1:26 
2 alleles
0.8% missing data
   1   (0.353) 0.354 0.338 0.366 0.351 
   2   (0.647) 0.646 0.662 0.634 0.649 

Locus 43 : NC_035780.1:26 
2 alleles
0.8% missing data
   2   (0.816) 0.812 0.804 0.845 0.785 
   1   (0.184) 0.188 0.196 0.155 0.215 

Locus 44 : NC_035780.1:26 
2 alleles
0.0% missing data
   1   (0.299) 0.298 0.302 0.287 0.490 
   2   (0.701) 0.702 0.698 0.713 0.510 

Locus 45 : NC_035780.1:27 
2 alleles
0.0% missing data
   2   (0.909) 0.911 0.908 0.913 0.930 
   1   (0.091) 0.089 0.092 0.087 0.070 

Locus 46 : NC_035780.1:27 
2 alleles
0.0% missing data
   2   (0.963) 0.964 0.967 0.960 0.998 
   1   (0.037) 0.036 0.033 0.040 0.002 

Locus 47 : NC_035780.1:27 
2 alleles
3.4% missing data
   2   (0.869) 0.859 0.873 0.880 0.990 
   1   (0.131) 0.141 0.127 0.120 0.010 

Locus 48 : NC_035780.1:27 
2 alleles
3.4% missing data
   2   (0.879) 0.875 0.888 0.885 0.674 
   1   (0.121) 0.125 0.112 0.115 0.326 

Locus 49 : NC_035780.1:28 
2 alleles
3.9% missing data
   2   (0.958) 0.960 0.955 0.969 0.611 
   1   (0.042) 0.040 0.045 0.031 0.389 

Locus 50 : NC_035780.1:28 
2 alleles
3.9% missing data
   2   (0.912) 0.919 0.899 0.913 0.993 
   1   (0.088) 0.081 0.101 0.087 0.007 

Locus 51 : NC_035780.1:28 
2 alleles
0.0% missing data
   1   (0.483) 0.458 0.497 0.516 0.264 
   2   (0.517) 0.542 0.503 0.484 0.736 

Locus 52 : NC_035780.1:28 
2 alleles
0.0% missing data
   2   (0.905) 0.905 0.904 0.915 0.866 
   1   (0.095) 0.095 0.096 0.085 0.134 

Locus 53 : NC_035780.1:28 
2 alleles
1.1% missing data
   1   (0.178) 0.171 0.195 0.164 0.330 
   2   (0.822) 0.829 0.805 0.836 0.670 

Locus 54 : NC_035780.1:29 
2 alleles
0.0% missing data
   1   (0.197) 0.199 0.195 0.193 0.056 
   2   (0.803) 0.801 0.805 0.807 0.944 

Locus 55 : NC_035780.1:29 
2 alleles
0.0% missing data
   2   (0.945) 0.946 0.953 0.944 0.727 
   1   (0.055) 0.054 0.047 0.056 0.273 

Locus 56 : NC_035780.1:29 
2 alleles
0.0% missing data
   2   (0.828) 0.828 0.817 0.851 0.814 
   1   (0.172) 0.172 0.183 0.149 0.186 

Locus 57 : NC_035780.1:29 
2 alleles
0.0% missing data
   2   (0.904) 0.899 0.899 0.920 0.993 
   1   (0.096) 0.101 0.101 0.080 0.007 

Locus 58 : NC_035780.1:30 
2 alleles
0.3% missing data
   2   (0.933) 0.935 0.934 0.929 0.996 
   1   (0.067) 0.065 0.066 0.071 0.004 

Locus 59 : NC_035780.1:31 
2 alleles
0.8% missing data
   2   (0.893) 0.901 0.878 0.896 0.992 
   1   (0.107) 0.099 0.122 0.104 0.008 

Locus 60 : NC_035780.1:31 
2 alleles
0.8% missing data
   2   (0.636) 0.626 0.635 0.661 0.439 
   1   (0.364) 0.374 0.365 0.339 0.561 

Locus 61 : NC_035780.1:32 
2 alleles
0.0% missing data
   1   (0.365) 0.364 0.344 0.396 0.482 
   2   (0.635) 0.636 0.656 0.604 0.518 

Locus 62 : NC_035780.1:32 
2 alleles
0.0% missing data
   2   (0.729) 0.714 0.755 0.726 0.621 
   1   (0.271) 0.286 0.245 0.274 0.379 

Locus 63 : NC_035780.1:33 
2 alleles
3.4% missing data
   2   (0.947) 0.951 0.945 0.947 0.996 
   1   (0.053) 0.049 0.055 0.053 0.004 

Locus 64 : NC_035780.1:33 
2 alleles
3.4% missing data
   2   (0.831) 0.825 0.845 0.834 0.418 
   1   (0.169) 0.175 0.155 0.166 0.582 

Locus 65 : NC_035780.1:37 
2 alleles
0.3% missing data
   2   (0.921) 0.924 0.926 0.916 0.888 
   1   (0.079) 0.076 0.074 0.084 0.112 

Locus 66 : NC_035780.1:37 
2 alleles
0.3% missing data
   2   (0.875) 0.863 0.889 0.875 0.991 
   1   (0.125) 0.137 0.111 0.125 0.009 

Locus 67 : NC_035780.1:37 
2 alleles
0.0% missing data
   2   (0.923) 0.926 0.925 0.915 0.995 
   1   (0.077) 0.074 0.075 0.085 0.005 

Locus 68 : NC_035780.1:37 
2 alleles
0.0% missing data
   2   (0.804) 0.807 0.811 0.791 0.877 
   1   (0.196) 0.193 0.189 0.209 0.123 

Locus 69 : NC_035780.1:37 
2 alleles
0.0% missing data
   1   (0.142) 0.146 0.140 0.131 0.052 
   2   (0.858) 0.854 0.860 0.869 0.948 

Locus 70 : NC_035780.1:39 
2 alleles
0.0% missing data
   2   (0.926) 0.925 0.940 0.908 0.994 
   1   (0.074) 0.075 0.060 0.092 0.006 

Locus 71 : NC_035780.1:39 
2 alleles
0.0% missing data
   2   (0.844) 0.851 0.828 0.854 0.935 
   1   (0.156) 0.149 0.172 0.146 0.065 

Locus 72 : NC_035780.1:39 
2 alleles
0.0% missing data
   1   (0.307) 0.316 0.285 0.310 0.592 
   2   (0.693) 0.684 0.715 0.690 0.408 

Locus 73 : NC_035780.1:39 
2 alleles
0.0% missing data
   1   (0.129) 0.122 0.136 0.136 0.017 
   2   (0.871) 0.878 0.864 0.864 0.983 

Locus 74 : NC_035780.1:39 
2 alleles
2.9% missing data
   2   (0.667) 0.682 0.639 0.682 0.590 
   1   (0.333) 0.318 0.361 0.318 0.410 

Locus 75 : NC_035780.1:39 
2 alleles
0.3% missing data
   2   (0.877) 0.870 0.884 0.890 0.733 
   1   (0.123) 0.130 0.116 0.110 0.267 

Locus 76 : NC_035780.1:39 
2 alleles
0.3% missing data
   2   (0.886) 0.886 0.892 0.879 0.987 
   1   (0.114) 0.114 0.108 0.121 0.013 

Locus 77 : NC_035780.1:39 
2 alleles
0.3% missing data
   2   (0.541) 0.544 0.562 0.506 0.662 
   1   (0.459) 0.456 0.438 0.494 0.338 

Locus 78 : NC_035780.1:39 
2 alleles
0.3% missing data
   2   (0.970) 0.971 0.970 0.972 0.998 
   1   (0.030) 0.029 0.030 0.028 0.002 

Locus 79 : NC_035780.1:51 
2 alleles
0.3% missing data
   2   (0.962) 0.960 0.964 0.968 0.998 
   1   (0.038) 0.040 0.036 0.032 0.002 

Locus 80 : NC_035780.1:51 
2 alleles
1.3% missing data
   1   (0.324) 0.333 0.305 0.328 0.403 
   2   (0.676) 0.667 0.695 0.672 0.597 

Locus 81 : NC_035780.1:55 
2 alleles
0.0% missing data
   2   (0.905) 0.908 0.904 0.901 0.994 
   1   (0.095) 0.092 0.096 0.099 0.006 

Locus 82 : NC_035780.1:55 
2 alleles
2.1% missing data
   2   (0.781) 0.784 0.791 0.769 0.612 
   1   (0.219) 0.216 0.209 0.231 0.388 

Locus 83 : NC_035780.1:55 
2 alleles
0.5% missing data
   2   (0.857) 0.848 0.878 0.848 0.923 
   1   (0.143) 0.152 0.122 0.152 0.077 

Locus 84 : NC_035780.1:57 
2 alleles
0.0% missing data
   2   (0.949) 0.950 0.947 0.958 0.771 
   1   (0.051) 0.050 0.053 0.042 0.229 

Locus 85 : NC_035780.1:63 
2 alleles
2.1% missing data
   2   (0.949) 0.958 0.949 0.938 0.820 
   1   (0.051) 0.042 0.051 0.062 0.180 

Locus 86 : NC_035780.1:63 
2 alleles
1.3% missing data
   2   (0.895) 0.888 0.897 0.909 0.961 
   1   (0.105) 0.112 0.103 0.091 0.039 

Locus 87 : NC_035780.1:63 
2 alleles
1.3% missing data
   2   (0.738) 0.749 0.738 0.722 0.566 
   1   (0.262) 0.251 0.262 0.278 0.434 

Locus 88 : NC_035780.1:65 
2 alleles
0.0% missing data
   2   (0.862) 0.855 0.876 0.863 0.916 
   1   (0.138) 0.145 0.124 0.137 0.084 

Locus 89 : NC_035780.1:65 
2 alleles
0.0% missing data
   2   (0.959) 0.958 0.959 0.969 0.875 
   1   (0.041) 0.042 0.041 0.031 0.125 

Locus 90 : NC_035780.1:65 
2 alleles
0.0% missing data
   1   (0.230) 0.218 0.236 0.245 0.082 
   2   (0.770) 0.782 0.764 0.755 0.918 

Locus 91 : NC_035780.1:65 
2 alleles
0.0% missing data
   1   (0.253) 0.261 0.233 0.265 0.167 
   2   (0.747) 0.739 0.767 0.735 0.833 

Locus 92 : NC_035780.1:70 
2 alleles
2.4% missing data
   2   (0.922) 0.925 0.917 0.930 0.874 
   1   (0.078) 0.075 0.083 0.070 0.126 

Locus 93 : NC_035780.1:70 
2 alleles
0.3% missing data
   2   (0.957) 0.959 0.968 0.946 0.753 
   1   (0.043) 0.041 0.032 0.054 0.247 

Locus 94 : NC_035780.1:70 
2 alleles
0.3% missing data
   1   (0.211) 0.216 0.201 0.208 0.218 
   2   (0.789) 0.784 0.799 0.792 0.782 

Locus 95 : NC_035780.1:71 
2 alleles
1.6% missing data
   1   (0.417) 0.410 0.425 0.419 0.311 
   2   (0.583) 0.590 0.575 0.581 0.689 

Locus 96 : NC_035780.1:72 
2 alleles
0.0% missing data
   2   (0.935) 0.944 0.944 0.903 0.988 
   1   (0.065) 0.056 0.056 0.097 0.012 

Locus 97 : NC_035780.1:74 
2 alleles
1.1% missing data
   2   (0.947) 0.951 0.951 0.944 0.699 
   1   (0.053) 0.049 0.049 0.056 0.301 

Locus 98 : NC_035780.1:75 
2 alleles
0.5% missing data
   2   (0.795) 0.798 0.784 0.809 0.872 
   1   (0.205) 0.202 0.216 0.191 0.128 

Locus 99 : NC_035780.1:75 
2 alleles
0.5% missing data
   2   (0.867) 0.874 0.872 0.856 0.744 
   1   (0.133) 0.126 0.128 0.144 0.256 

Locus 100 : NC_035780.1:75 
2 alleles
1.1% missing data
   2   (0.927) 0.925 0.925 0.936 0.994 
   1   (0.073) 0.075 0.075 0.064 0.006 

Locus 101 : NC_035780.1:75 
2 alleles
0.0% missing data
   1   (0.473) 0.479 0.468 0.462 0.702 
   2   (0.527) 0.521 0.532 0.538 0.298 

Locus 102 : NC_035780.1:75 
2 alleles
0.3% missing data
   2   (0.900) 0.899 0.901 0.910 0.756 
   1   (0.100) 0.101 0.099 0.090 0.244 

Locus 103 : NC_035780.1:76 
2 alleles
2.9% missing data
   1   (0.334) 0.319 0.333 0.356 0.610 
   2   (0.666) 0.681 0.667 0.644 0.390 

Locus 104 : NC_035780.1:76 
2 alleles
2.9% missing data
   2   (0.935) 0.946 0.929 0.921 0.995 
   1   (0.065) 0.054 0.071 0.079 0.005 

Locus 105 : NC_035780.1:77 
2 alleles
4.5% missing data
   2   (0.843) 0.823 0.841 0.884 0.925 
   1   (0.157) 0.177 0.159 0.116 0.075 

Locus 106 : NC_035780.1:77 
2 alleles
4.5% missing data
   2   (0.904) 0.913 0.904 0.896 0.663 
   1   (0.096) 0.087 0.096 0.104 0.337 

Locus 107 : NC_035780.1:79 
2 alleles
0.0% missing data
   2   (0.924) 0.917 0.937 0.929 0.872 
   1   (0.076) 0.083 0.063 0.071 0.128 

Locus 108 : NC_035780.1:81 
2 alleles
0.0% missing data
   1   (0.458) 0.459 0.472 0.448 0.120 
   2   (0.542) 0.541 0.528 0.552 0.880 

Locus 109 : NC_035780.1:81 
2 alleles
0.0% missing data
   2   (0.881) 0.894 0.872 0.869 0.960 
   1   (0.119) 0.106 0.128 0.131 0.040 

Locus 110 : NC_035780.1:81 
2 alleles
0.0% missing data
   1   (0.383) 0.408 0.354 0.371 0.442 
   2   (0.617) 0.592 0.646 0.629 0.558 

Locus 111 : NC_035780.1:82 
2 alleles
0.0% missing data
   2   (0.926) 0.933 0.923 0.925 0.907 
   1   (0.074) 0.067 0.077 0.075 0.093 

Locus 112 : NC_035780.1:83 
2 alleles
3.4% missing data
   1   (0.164) 0.166 0.172 0.151 0.011 
   2   (0.836) 0.834 0.828 0.849 0.989 

Locus 113 : NC_035780.1:83 
2 alleles
3.4% missing data
   2   (0.934) 0.934 0.924 0.950 0.996 
   1   (0.066) 0.066 0.076 0.050 0.004 

Locus 114 : NC_035780.1:83 
2 alleles
0.0% missing data
   2   (0.932) 0.938 0.928 0.934 0.932 
   1   (0.068) 0.062 0.072 0.066 0.068 

Locus 115 : NC_035780.1:83 
2 alleles
0.0% missing data
   2   (0.877) 0.883 0.877 0.875 0.599 
   1   (0.123) 0.117 0.123 0.125 0.401 

Locus 116 : NC_035780.1:84 
2 alleles
0.0% missing data
   2   (0.906) 0.910 0.909 0.907 0.720 
   1   (0.094) 0.090 0.091 0.093 0.280 

Locus 117 : NC_035780.1:85 
2 alleles
0.3% missing data
   2   (0.891) 0.889 0.907 0.879 0.883 
   1   (0.109) 0.111 0.093 0.121 0.117 

Locus 118 : NC_035780.1:85 
2 alleles
0.3% missing data
   2   (0.582) 0.568 0.612 0.564 0.857 
   1   (0.418) 0.432 0.388 0.436 0.143 

Locus 119 : NC_035780.1:86 
2 alleles
0.0% missing data
   2   (0.911) 0.917 0.894 0.930 0.882 
   1   (0.089) 0.083 0.106 0.070 0.118 

Locus 120 : NC_035780.1:86 
2 alleles
0.0% missing data
   2   (0.594) 0.602 0.607 0.562 0.697 
   1   (0.406) 0.398 0.393 0.438 0.303 

Locus 121 : NC_035780.1:86 
2 alleles
0.0% missing data
   2   (0.960) 0.960 0.962 0.960 0.997 
   1   (0.040) 0.040 0.038 0.040 0.003 

Locus 122 : NC_035780.1:86 
2 alleles
0.0% missing data
   2   (0.955) 0.960 0.951 0.954 0.996 
   1   (0.045) 0.040 0.049 0.046 0.004 

Locus 123 : NC_035780.1:86 
2 alleles
0.0% missing data
   1   (0.184) 0.190 0.176 0.180 0.087 
   2   (0.816) 0.810 0.824 0.820 0.913 

Locus 124 : NC_035780.1:86 
2 alleles
0.0% missing data
   2   (0.915) 0.921 0.904 0.924 0.961 
   1   (0.085) 0.079 0.096 0.076 0.039 

Locus 125 : NC_035780.1:86 
2 alleles
0.0% missing data
   1   (0.155) 0.158 0.156 0.144 0.099 
   2   (0.845) 0.842 0.844 0.856 0.901 

Locus 126 : NC_035780.1:86 
2 alleles
0.0% missing data
   2   (0.911) 0.912 0.919 0.909 0.753 
   1   (0.089) 0.088 0.081 0.091 0.247 

Locus 127 : NC_035780.1:86 
2 alleles
0.0% missing data
   1   (0.176) 0.167 0.191 0.175 0.044 
   2   (0.824) 0.833 0.809 0.825 0.956 

Locus 128 : NC_035780.1:86 
2 alleles
0.0% missing data
   2   (0.909) 0.917 0.906 0.904 0.885 
   1   (0.091) 0.083 0.094 0.096 0.115 

Locus 129 : NC_035780.1:87 
2 alleles
0.3% missing data
   2   (0.800) 0.810 0.793 0.797 0.708 
   1   (0.200) 0.190 0.207 0.203 0.292 

Locus 130 : NC_035780.1:87 
2 alleles
0.0% missing data
