

----------------------------------------------------
STRUCTURE by Pritchard, Stephens and Donnelly (2000)
     and Falush, Stephens and Pritchard (2003)
       Code by Pritchard, Falush and Hubisz
             Version 2.3.4 (Jul 2012)
----------------------------------------------------



Command line arguments:   /programs/structure_2_3_4/bin/structure -K 3 -i /workdir/yc2644/CV_NYC_ddRAD/structure/n380_all_cor/threader_input/n380_all_SNP.DP3g95p10maf05.HWE.mod.biallelic.all_exGRV.n396_indep_50_1_0.2_pruned.nochr156invers.n380_refil.recode.strct_in -o /workdir/yc2644/CV_NYC_ddRAD/structure/n380_all_cor/str_K3_rep9 -D 9407159 -m /workdir/yc2644/CV_NYC_ddRAD/structure/n380_all_cor/threader_input/mainparams -e /workdir/yc2644/CV_NYC_ddRAD/structure/n380_all_cor/threader_input/extraparams 
Input File:    /workdir/yc2644/CV_NYC_ddRAD/structure/n380_all_cor/threader_input/n380_all_SNP.DP3g95p10maf05.HWE.mod.biallelic.all_exGRV.n396_indep_50_1_0.2_pruned.nochr156invers.n380_refil.recode.strct_in

Run parameters:
   380 individuals
   5625 loci
   3 populations assumed
   10000 Burn-in period
   20000 Reps
RANDOMIZE turned off


--------------------------------------------
Overall proportion of membership of the
sample in each of the 3 clusters

Inferred Clusters
  1      2      3    
0.450  0.077  0.473  

--------------------------------------------

Allele-freq. divergence among pops (Net nucleotide distance),
computed using point estimates of P.

      1       2       3      
 1      -    0.0225  0.0003  
 2   0.0225     -    0.0231  
 3   0.0003  0.0231     -    

Average distances (expected heterozygosity) between individuals in same cluster:
cluster  1  : 0.2553 
cluster  2  : 0.2218 
cluster  3  : 0.2544 

--------------------------------------------
Estimated Ln Prob of Data   = -1710928.0
Mean value of ln likelihood = -1705901.3
Variance of ln likelihood   = 10053.3
Mean value of alpha         = 0.0525

Mean value of Fst_1         = 0.0024
Mean value of Fst_2         = 0.2108
Mean value of Fst_3         = 0.0035


Inferred ancestry of individuals:
        Label (%Miss) :  Inferred clusters
  1 AB812s-002    (1)   :  0.972 0.002 0.027 
  2 AB812s-004    (0)   :  0.985 0.002 0.012 
  3 AB812s-005    (0)   :  0.959 0.026 0.015 
  4 AB812s-008    (1)   :  0.988 0.005 0.006 
  5 AB812s-009    (1)   :  0.038 0.003 0.959 
  6 AB812s-011    (0)   :  0.926 0.009 0.065 
  7 AB812s-012    (1)   :  0.956 0.001 0.043 
  8 AB812s-013    (0)   :  0.991 0.001 0.008 
  9 AB812s-014    (0)   :  0.957 0.000 0.043 
 10 AB812s-015    (0)   :  0.941 0.002 0.058 
 11 AB812s-017    (0)   :  0.987 0.001 0.012 
 12 AB812s-018    (0)   :  0.976 0.006 0.018 
 13 AB812s-019    (1)   :  0.979 0.002 0.019 
 14 AB812s-020    (1)   :  0.961 0.002 0.037 
 15 AB812s-021    (1)   :  0.905 0.002 0.093 
 16 AB812s-022    (0)   :  0.948 0.013 0.040 
 17 AB812s-024    (0)   :  0.946 0.005 0.049 
 18 AB812s-027    (0)   :  0.855 0.136 0.009 
 19 AB812s-029    (0)   :  0.923 0.014 0.062 
 20 AB812s-030    (0)   :  0.059 0.002 0.938 
 21 AB812s-031    (0)   :  0.770 0.053 0.177 
 22 AB812s-032    (0)   :  0.946 0.016 0.038 
 23 FI1012-001    (1)   :  0.000 1.000 0.000 
 24 FI1012-001r    (0)   :  0.000 1.000 0.000 
 25 FI1012-002    (0)   :  0.000 1.000 0.000 
 26 FI1012-005    (1)   :  0.001 0.998 0.001 
 27 FI1012-007    (1)   :  0.001 0.999 0.000 
 28 FI1012-010    (1)   :  0.000 1.000 0.000 
 29 FI1012-011    (1)   :  0.007 0.988 0.005 
 30 FI1012-012    (1)   :  0.000 1.000 0.000 
 31 FI1012-013    (0)   :  0.000 1.000 0.000 
 32 FI1012-014    (1)   :  0.000 1.000 0.000 
 33 FI1012-016    (1)   :  0.000 1.000 0.000 
 34 FI1012-019    (1)   :  0.007 0.990 0.003 
 35 FI1012-020    (0)   :  0.000 1.000 0.000 
 36 FIS1013a-00    (1)   :  0.050 0.898 0.052 
 37 FIS1013a-00    (1)   :  0.035 0.934 0.031 
 38 FIS1013a-00    (0)   :  0.273 0.717 0.010 
 39 FIS1013a-00    (1)   :  0.022 0.966 0.012 
 40 FIS1013a-00    (1)   :  0.152 0.839 0.009 
 41 FIS1013a-01    (0)   :  0.071 0.903 0.026 
 42 FIS1013a-01    (0)   :  0.080 0.888 0.032 
 43 FIS1013a-01    (1)   :  0.172 0.804 0.024 
 44 FIS1013a-01    (1)   :  0.299 0.700 0.001 
 45 FIS1013a-01    (1)   :  0.011 0.972 0.016 
 46 FIS1013a-02    (1)   :  0.002 0.995 0.003 
 47 FIS1013a-02    (1)   :  0.042 0.862 0.096 
 48 FIS1013a-02    (1)   :  0.053 0.881 0.066 
 49 FIS1013a-02    (1)   :  0.082 0.907 0.011 
 50 HH0512a-001    (1)   :  0.007 0.001 0.993 
 51 HH0512a-002    (0)   :  0.004 0.001 0.995 
 52 HH0512a-004    (0)   :  0.260 0.001 0.739 
 53 HH0512a-006    (0)   :  0.014 0.000 0.985 
 54 HH0512a-007    (1)   :  0.010 0.003 0.987 
 55 HH0512a-009    (0)   :  0.823 0.002 0.175 
 56 HH0512a-010    (0)   :  0.848 0.000 0.151 
 57 HH0512a-012    (0)   :  0.036 0.001 0.963 
 58 HH0512a-013    (1)   :  0.063 0.009 0.927 
 59 HH0512a-015    (0)   :  0.658 0.003 0.339 
 60 HH0512a-017    (0)   :  0.859 0.004 0.137 
 61 HH0512a-018    (1)   :  0.011 0.000 0.989 
 62 HH0512a-020    (1)   :  0.032 0.000 0.968 
 63 HH0512a-021    (1)   :  0.017 0.001 0.983 
 64 HH0512a-022    (0)   :  0.014 0.002 0.984 
 65 HH0512a-023    (0)   :  0.033 0.001 0.967 
 66 HH0512a-029    (0)   :  0.009 0.004 0.987 
 67 HH1013a-001    (1)   :  0.005 0.001 0.994 
 68 HH1013a-002    (0)   :  0.627 0.001 0.372 
 69 HH1013a-003    (0)   :  0.012 0.004 0.983 
 70 HH1013a-005    (0)   :  0.006 0.002 0.992 
 71 HH1013a-006    (0)   :  0.063 0.002 0.935 
 72 HH1013a-007    (0)   :  0.003 0.001 0.996 
 73 HH1013a-009    (0)   :  0.043 0.003 0.954 
 74 HH1013a-010    (0)   :  0.007 0.002 0.990 
 75 HH1013a-011    (1)   :  0.014 0.001 0.986 
 76 HH1013a-012    (0)   :  0.018 0.001 0.981 
 77 HH1013a-013    (0)   :  0.976 0.001 0.023 
 78 HH1013a-014    (1)   :  0.841 0.001 0.158 
 79 HH1013a-015    (1)   :  0.053 0.001 0.946 
 80 HH1013a-016    (0)   :  0.005 0.004 0.991 
 81 HH1013a-017    (0)   :  0.157 0.002 0.841 
 82 HH1013a-018    (1)   :  0.033 0.011 0.956 
 83 HH1013a-019    (0)   :  0.009 0.002 0.989 
 84 HH1013a-020    (0)   :  0.709 0.001 0.291 
 85 HH1013a-021    (0)   :  0.092 0.001 0.906 
 86 HH1013a-022    (0)   :  0.893 0.008 0.099 
 87 HH1013a-023    (1)   :  0.009 0.001 0.989 
 88 HH1013a-024    (1)   :  0.029 0.002 0.969 
 89 HH1013s-001    (1)   :  0.041 0.003 0.956 
 90 HH1013s-002    (1)   :  0.087 0.001 0.912 
 91 HH1013s-003    (0)   :  0.927 0.004 0.069 
 92 HH1013s-005    (1)   :  0.051 0.000 0.949 
 93 HH1013s-006    (1)   :  0.027 0.002 0.971 
 94 HH1013s-007    (0)   :  0.088 0.001 0.911 
 95 HH1013s-008    (0)   :  0.012 0.001 0.987 
 96 HH1013s-009    (1)   :  0.066 0.001 0.933 
 97 HH1013s-010    (1)   :  0.011 0.001 0.988 
 98 HH1013s-011    (1)   :  0.005 0.002 0.993 
 99 HH1013s-012    (1)   :  0.014 0.000 0.986 
100 HH1013s-013    (0)   :  0.015 0.001 0.985 
101 HH1013s-014    (0)   :  0.083 0.001 0.916 
102 HH1013s-016    (1)   :  0.033 0.002 0.965 
103 HH1013s-017    (1)   :  0.019 0.002 0.979 
104 HH1013s-018    (1)   :  0.290 0.001 0.709 
105 HH1013s-019    (0)   :  0.182 0.001 0.817 
106 HH1013s-020    (0)   :  0.038 0.003 0.959 
107 HH1013s-021    (1)   :  0.015 0.001 0.984 
108 HH1013s-022    (0)   :  0.033 0.000 0.967 
109 HH1013s-023    (0)   :  0.021 0.003 0.976 
110 HH1013s-024    (0)   :  0.011 0.001 0.988 
111 HH1013s-025    (1)   :  0.014 0.010 0.976 
112 HH812s-001    (1)   :  0.013 0.003 0.984 
113 HH812s-003    (1)   :  0.032 0.003 0.965 
114 HH812s-006    (0)   :  0.007 0.002 0.991 
115 HH812s-010    (1)   :  0.012 0.002 0.986 
116 HH812s-013    (0)   :  0.017 0.006 0.977 
117 HH812s-018    (0)   :  0.135 0.001 0.865 
118 HH812s-019    (1)   :  0.442 0.016 0.543 
119 HH812s-024    (0)   :  0.008 0.001 0.990 
120 HH812s-025    (0)   :  0.068 0.001 0.930 
121 HH812s-030    (0)   :  0.065 0.015 0.920 
122 HH812s-035    (0)   :  0.006 0.001 0.993 
123 HH812s-036    (1)   :  0.038 0.000 0.962 
124 HH812s-037    (0)   :  0.031 0.001 0.968 
125 HH812s-039    (1)   :  0.391 0.002 0.607 
126 HH812s-040    (0)   :  0.139 0.001 0.860 
127 HH812s-042    (0)   :  0.010 0.000 0.989 
128 HH812s-046    (0)   :  0.004 0.001 0.995 
129 HH812s-048    (0)   :  0.017 0.001 0.983 
130 HH812s-050    (1)   :  0.015 0.002 0.983 
131 HH812s-052    (1)   :  0.055 0.005 0.940 
132 HH812s-054    (1)   :  0.040 0.001 0.958 
133 HH812s-056    (1)   :  0.020 0.009 0.971 
134 HH912s-109    (0)   :  0.020 0.001 0.979 
135 HH912s-110    (0)   :  0.040 0.001 0.959 
136 HH912s-111    (0)   :  0.019 0.001 0.980 
137 HH912s-113    (0)   :  0.037 0.001 0.962 
138 HH912s-114    (0)   :  0.329 0.001 0.671 
139 HH912s-115    (0)   :  0.009 0.006 0.985 
140 HH912s-116    (1)   :  0.231 0.001 0.769 
141 HH912s-117    (0)   :  0.103 0.007 0.890 
142 HH912s-118    (1)   :  0.224 0.003 0.773 
143 HH912s-119    (1)   :  0.022 0.001 0.977 
144 HH912s-120    (0)   :  0.025 0.001 0.974 
145 HH912s-121    (0)   :  0.009 0.000 0.990 
146 HH912s-122    (1)   :  0.008 0.002 0.990 
147 HH912s-123    (0)   :  0.006 0.001 0.994 
148 HH912s-124    (0)   :  0.018 0.001 0.981 
149 HH912s-125    (0)   :  0.876 0.003 0.121 
150 HH912s-126    (0)   :  0.055 0.005 0.940 
151 HH912s-127    (0)   :  0.021 0.001 0.978 
152 HH912s-128    (0)   :  0.006 0.002 0.993 
153 HH912s-129    (0)   :  0.078 0.001 0.921 
154 HH912s-130    (0)   :  0.106 0.002 0.892 
155 HH912s-131    (0)   :  0.039 0.001 0.959 
156 HH912s-132    (0)   :  0.170 0.003 0.827 
157 IRV1012-001    (0)   :  0.085 0.010 0.905 
158 IRV1012-002    (0)   :  0.031 0.001 0.968 
159 IRV1012-003    (0)   :  0.006 0.001 0.992 
160 IRV1012-004    (1)   :  0.016 0.001 0.983 
161 IRV1012-006    (0)   :  0.007 0.000 0.993 
162 IRV1012-007    (0)   :  0.045 0.001 0.954 
163 IRV1012-008    (0)   :  0.928 0.001 0.071 
164 IRV1012-009    (1)   :  0.108 0.001 0.890 
165 IRV1012-010    (0)   :  0.015 0.001 0.984 
166 IRV1012-011    (0)   :  0.013 0.001 0.986 
167 IRV1012-012    (0)   :  0.841 0.001 0.158 
168 IRV1012-013    (0)   :  0.735 0.003 0.262 
169 IRV1012-014    (0)   :  0.021 0.000 0.979 
170 IRV1012-015    (0)   :  0.034 0.001 0.965 
171 IRV1012-016    (0)   :  0.027 0.001 0.973 
172 IRV1012-017    (0)   :  0.022 0.001 0.977 
173 IRV1012-018    (1)   :  0.036 0.001 0.963 
174 IRV1012-019    (0)   :  0.042 0.003 0.956 
175 IRV1012-020    (0)   :  0.570 0.001 0.429 
176 IRV1012-021    (0)   :  0.004 0.002 0.994 
177 IRV1012-022    (0)   :  0.006 0.000 0.994 
178 IRV1012-023    (0)   :  0.014 0.001 0.985 
179 IRV1012-024    (1)   :  0.030 0.011 0.959 
180 NTC1013a-00    (0)   :  0.953 0.014 0.033 
181 NTC1013a-00    (1)   :  0.989 0.002 0.009 
182 NTC1013a-00    (0)   :  0.969 0.002 0.030 
183 NTC1013a-00    (1)   :  0.906 0.005 0.088 
184 NTC1013a-00    (1)   :  0.902 0.034 0.063 
185 NTC1013a-00    (0)   :  0.879 0.002 0.119 
186 NTC1013a-00    (1)   :  0.941 0.007 0.052 
187 NTC1013a-00    (0)   :  0.946 0.034 0.021 
188 NTC1013a-01    (0)   :  0.875 0.059 0.066 
189 NTC1013a-01    (0)   :  0.989 0.003 0.008 
190 NTC1013a-01    (0)   :  0.962 0.031 0.007 
191 NTC1013a-01    (0)   :  0.780 0.198 0.023 
192 NTC1013a-01    (0)   :  0.992 0.002 0.006 
193 NTC1013a-01    (0)   :  0.958 0.002 0.040 
194 NTC1013a-01    (0)   :  0.988 0.003 0.009 
195 NTC1013a-01    (1)   :  0.964 0.002 0.034 
196 NTC1013a-01    (0)   :  0.979 0.002 0.019 
197 NTC1013a-01    (0)   :  0.964 0.001 0.035 
198 NTC1013a-02    (0)   :  0.902 0.003 0.095 
199 NTC1013a-02    (0)   :  0.989 0.002 0.009 
200 PM1012-01    (0)   :  0.021 0.001 0.979 
201 PM1012-02    (1)   :  0.009 0.001 0.990 
202 PM1012-04    (1)   :  0.049 0.001 0.951 
203 PM1012-06    (0)   :  0.037 0.005 0.958 
204 PM1012-07    (0)   :  0.010 0.001 0.989 
205 PM1012-09    (0)   :  0.255 0.002 0.743 
206 PM1012-10    (0)   :  0.014 0.000 0.986 
207 PM1012-13    (0)   :  0.035 0.001 0.964 
208 PM1012-14    (0)   :  0.086 0.004 0.910 
209 PM1012-16    (1)   :  0.018 0.001 0.981 
210 PM1012-17    (0)   :  0.652 0.001 0.348 
211 PM1012-23    (0)   :  0.009 0.001 0.989 
212 PM1012-24    (1)   :  0.021 0.000 0.978 
213 PM1012-25    (0)   :  0.024 0.001 0.975 
214 PM1012-26    (3)   :  0.006 0.002 0.992 
215 PM1012-27    (0)   :  0.084 0.022 0.894 
216 PRA1013a-00    (1)   :  0.069 0.001 0.930 
217 PRA1013a-00    (1)   :  0.047 0.002 0.951 
218 PRA1013a-00    (0)   :  0.010 0.001 0.989 
219 PRA1013a-00    (0)   :  0.009 0.001 0.991 
220 PRA1013a-00    (0)   :  0.005 0.004 0.992 
221 PRA1013a-00    (0)   :  0.902 0.001 0.097 
222 PRA1013a-00    (1)   :  0.129 0.001 0.869 
223 PRA1013a-01    (0)   :  0.720 0.277 0.003 
224 PRA1013a-01    (1)   :  0.943 0.001 0.056 
225 PRA1013a-01    (0)   :  0.885 0.002 0.113 
226 PRA1013a-01    (0)   :  0.013 0.001 0.987 
227 PRA1013a-01    (1)   :  0.983 0.002 0.015 
228 PRA1013a-02    (1)   :  0.024 0.002 0.975 
229 PRA1013a-02    (1)   :  0.036 0.001 0.963 
230 PRA1013a-02    (0)   :  0.006 0.001 0.993 
231 PRA1013a-03    (0)   :  0.057 0.002 0.941 
232 PRA1013a-03    (1)   :  0.004 0.001 0.995 
233 PRA1013a-03    (0)   :  0.003 0.001 0.997 
234 PRA1013a-03    (0)   :  0.005 0.004 0.991 
235 PRA1013a-03    (0)   :  0.449 0.005 0.547 
236 PRA1013a-03    (0)   :  0.014 0.001 0.985 
237 PRA1013a-03    (0)   :  0.030 0.002 0.968 
238 PRA1013a-03    (1)   :  0.006 0.009 0.985 
239 RI812s-001    (0)   :  0.955 0.039 0.006 
240 RI812s-002    (1)   :  0.941 0.055 0.004 
241 RI812s-003    (1)   :  0.900 0.008 0.092 
242 RI812s-005    (1)   :  0.978 0.009 0.013 
243 RI812s-006    (0)   :  0.987 0.001 0.012 
244 RI812s-007    (0)   :  0.978 0.001 0.021 
245 RI812s-009    (0)   :  0.913 0.085 0.003 
246 RI812s-010    (1)   :  0.819 0.038 0.143 
247 RI812s-011    (0)   :  0.916 0.046 0.038 
248 RI812s-013    (1)   :  0.502 0.002 0.496 
249 RI812s-014    (1)   :  0.988 0.003 0.009 
250 RI812s-015    (0)   :  0.980 0.002 0.018 
251 RI812s-016    (0)   :  0.749 0.236 0.014 
252 SV0512a-001    (0)   :  0.975 0.002 0.023 
253 SV0512a-002    (1)   :  0.987 0.003 0.010 
254 SV0512a-003    (0)   :  0.927 0.005 0.068 
255 SV0512a-005    (1)   :  0.966 0.001 0.032 
256 SV0512a-007    (1)   :  0.909 0.089 0.002 
257 SV0512a-008    (1)   :  0.933 0.064 0.004 
258 SV0512a-009    (1)   :  0.970 0.001 0.029 
259 SV0512a-010    (0)   :  0.976 0.004 0.021 
260 SV0512a-011    (0)   :  0.790 0.202 0.008 
261 SV0512a-013    (1)   :  0.056 0.001 0.943 
262 SV0512a-014    (6)   :  0.900 0.003 0.097 
263 SV0512a-016    (1)   :  0.983 0.002 0.016 
264 SV0512a-018    (4)   :  0.856 0.091 0.053 
265 SV0512a-021    (2)   :  0.976 0.007 0.017 
266 SV0512a-022    (0)   :  0.981 0.012 0.007 
267 SV0512a-023    (2)   :  0.988 0.001 0.010 
268 SV0512a-024    (0)   :  0.975 0.022 0.003 
269 SV0512a-025    (0)   :  0.962 0.002 0.037 
270 SV0512a-027    (0)   :  0.985 0.001 0.014 
271 SV0512a-028    (3)   :  0.245 0.042 0.713 
272 SV1013a-001    (0)   :  0.917 0.063 0.020 
273 SV1013a-002    (1)   :  0.837 0.001 0.162 
274 SV1013a-003    (0)   :  0.735 0.002 0.263 
275 SV1013a-005    (0)   :  0.961 0.030 0.010 
276 SV1013a-006    (0)   :  0.989 0.001 0.010 
277 SV1013a-007    (0)   :  0.990 0.001 0.009 
278 SV1013a-008    (0)   :  0.994 0.001 0.005 
279 SV1013a-009    (0)   :  0.915 0.041 0.044 
280 SV1013a-010    (1)   :  0.910 0.004 0.086 
281 SV1013a-011    (0)   :  0.857 0.000 0.142 
282 SV1013a-012    (0)   :  0.960 0.028 0.012 
283 SV1013a-013    (0)   :  0.958 0.002 0.041 
284 SV1013a-014    (0)   :  0.984 0.001 0.015 
285 SV1013a-015    (0)   :  0.984 0.001 0.015 
286 SV1013a-016    (0)   :  0.962 0.001 0.037 
287 SV1013a-017    (0)   :  0.263 0.018 0.719 
288 SV1013a-018    (0)   :  0.773 0.001 0.226 
289 SV1013a-019    (0)   :  0.969 0.018 0.013 
290 SV1013a-020    (0)   :  0.837 0.145 0.018 
291 SV1013a-021    (0)   :  0.970 0.001 0.029 
292 SV1013a-022    (1)   :  0.910 0.064 0.026 
293 SV1013a-023    (0)   :  0.980 0.006 0.014 
294 SV1013a-024    (0)   :  0.944 0.048 0.007 
295 SV812s-026    (1)   :  0.976 0.002 0.021 
296 SV812s-027    (0)   :  0.442 0.059 0.499 
297 SV812s-029    (0)   :  0.842 0.001 0.157 
298 SV812s-030    (0)   :  0.802 0.067 0.131 
299 SV812s-031    (0)   :  0.989 0.003 0.008 
300 SV812s-032    (0)   :  0.944 0.048 0.008 
301 SV812s-033    (0)   :  0.977 0.001 0.021 
302 SV812s-034    (0)   :  0.987 0.005 0.008 
303 SV812s-037    (0)   :  0.386 0.007 0.607 
304 SV812s-038    (0)   :  0.983 0.001 0.016 
305 SV812s-039    (0)   :  0.943 0.002 0.056 
306 SV812s-040    (0)   :  0.724 0.002 0.275 
307 SV812s-041    (0)   :  0.991 0.001 0.008 
308 SV812s-042    (0)   :  0.993 0.001 0.006 
309 SV812s-043    (1)   :  0.332 0.014 0.655 
310 SV812s-044    (0)   :  0.980 0.001 0.018 
311 SV812s-046    (0)   :  0.968 0.013 0.019 
312 SV812s-047    (0)   :  0.906 0.002 0.092 
313 SV812s-048    (1)   :  0.977 0.001 0.022 
314 SV812s-049    (0)   :  0.964 0.001 0.036 
315 SV812s-050    (1)   :  0.856 0.001 0.143 
316 SV812s-051    (0)   :  0.986 0.003 0.011 
317 SV812s-052    (0)   :  0.945 0.039 0.016 
318 SV912s-001    (1)   :  0.953 0.003 0.044 
319 SV912s-002    (0)   :  0.878 0.024 0.098 
320 SV912s-003    (0)   :  0.692 0.083 0.226 
321 SV912s-005    (1)   :  0.885 0.074 0.041 
322 SV912s-006    (1)   :  0.984 0.000 0.016 
323 SV912s-007    (0)   :  0.969 0.002 0.029 
324 SV912s-008    (1)   :  0.971 0.001 0.028 
325 SV912s-009    (0)   :  0.977 0.001 0.022 
326 SV912s-010    (1)   :  0.976 0.001 0.024 
327 SV912s-011    (1)   :  0.988 0.004 0.008 
328 SV912s-012    (1)   :  0.952 0.043 0.005 
329 SV912s-013    (0)   :  0.971 0.001 0.028 
330 SV912s-014    (1)   :  0.783 0.038 0.179 
331 SV912s-015    (0)   :  0.983 0.002 0.015 
332 SV912s-017    (0)   :  0.931 0.011 0.058 
333 SV912s-018    (1)   :  0.916 0.001 0.083 
334 SV912s-019    (1)   :  0.541 0.001 0.458 
335 SV912s-020    (1)   :  0.945 0.048 0.008 
336 SV912s-021    (0)   :  0.955 0.002 0.043 
337 SV912s-022    (0)   :  0.940 0.001 0.058 
338 SV912s-023    (0)   :  0.262 0.023 0.716 
339 SV912s-024    (0)   :  0.019 0.001 0.980 
340 SV912s-025    (1)   :  0.018 0.001 0.981 
341 TPZ0713-001    (1)   :  0.016 0.001 0.983 
342 TPZ0713-002    (1)   :  0.290 0.000 0.710 
343 TPZ0713-003    (0)   :  0.104 0.001 0.896 
344 TPZ0713-005    (0)   :  0.020 0.005 0.976 
345 TPZ0713-006    (1)   :  0.007 0.007 0.986 
346 TPZ0713-007    (1)   :  0.106 0.001 0.893 
347 TPZ0713-009    (1)   :  0.023 0.003 0.974 
348 TPZ0713-011    (1)   :  0.048 0.000 0.952 
349 TPZ0713-012    (1)   :  0.006 0.001 0.993 
350 TPZ0713-013    (0)   :  0.006 0.001 0.993 
351 TPZ0713-014    (1)   :  0.005 0.002 0.993 
352 TPZ0713-015    (0)   :  0.083 0.001 0.916 
353 TPZ0713-016    (0)   :  0.041 0.001 0.959 
354 TPZ0713-020    (1)   :  0.064 0.002 0.934 
355 TPZ0713-021    (1)   :  0.008 0.007 0.985 
356 TPZ0713-023    (0)   :  0.012 0.001 0.987 
357 TPZ0713-024    (1)   :  0.517 0.001 0.482 
358 TPZ0713-025    (1)   :  0.005 0.001 0.994 
359 TPZ0713-028    (1)   :  0.007 0.001 0.993 
360 TPZ0713-029    (1)   :  0.013 0.006 0.980 
361 WFM812s-049    (0)   :  0.971 0.000 0.029 
362 WFM812s-050    (1)   :  0.902 0.001 0.097 
363 WFM812s-051    (1)   :  0.989 0.001 0.010 
364 WFM812s-054    (0)   :  0.972 0.003 0.024 
365 WFM812s-056    (0)   :  0.969 0.001 0.030 
366 WFM812s-057    (1)   :  0.995 0.001 0.003 
367 WFM812s-058    (0)   :  0.845 0.002 0.153 
368 WFM812s-059    (0)   :  0.978 0.017 0.005 
369 WFM812s-060    (1)   :  0.778 0.218 0.005 
370 WFM812s-062    (0)   :  0.967 0.001 0.031 
371 WFM812s-063    (0)   :  0.531 0.003 0.466 
372 WFM812s-064    (0)   :  0.935 0.013 0.052 
373 WFM812s-065    (0)   :  0.972 0.002 0.026 
374 WFM812s-066    (0)   :  0.987 0.001 0.013 
375 WFM812s-067    (0)   :  0.984 0.003 0.013 
376 WFM812s-068    (1)   :  0.962 0.001 0.037 
377 WFM812s-069    (0)   :  0.675 0.001 0.324 
378 WFM812s-071    (0)   :  0.690 0.004 0.306 
379 WFM812s-072    (0)   :  0.981 0.007 0.012 
380 WFM812s-073    (1)   :  0.883 0.002 0.116 


Estimated Allele Frequencies in each cluster
First column gives estimated ancestral frequencies


Locus 1 : NC_035780.1:72 
2 alleles
1.1% missing data
   2   (0.800) 0.806 0.918 0.793 
   1   (0.200) 0.194 0.082 0.207 

Locus 2 : NC_035780.1:72 
2 alleles
1.1% missing data
   2   (0.890) 0.885 0.990 0.896 
   1   (0.110) 0.115 0.010 0.104 

Locus 3 : NC_035780.1:44 
2 alleles
0.3% missing data
   2   (0.931) 0.932 0.995 0.930 
   1   (0.069) 0.068 0.005 0.070 

Locus 4 : NC_035780.1:31 
2 alleles
0.0% missing data
   2   (0.902) 0.901 0.824 0.910 
   1   (0.098) 0.099 0.176 0.090 

Locus 5 : NC_035780.1:36 
2 alleles
0.0% missing data
   2   (0.669) 0.660 0.640 0.683 
   1   (0.331) 0.340 0.360 0.317 

Locus 6 : NC_035780.1:38 
2 alleles
0.0% missing data
   1   (0.176) 0.172 0.067 0.181 
   2   (0.824) 0.828 0.933 0.819 

Locus 7 : NC_035780.1:38 
2 alleles
0.0% missing data
   2   (0.788) 0.794 0.965 0.776 
   1   (0.212) 0.206 0.035 0.224 

Locus 8 : NC_035780.1:38 
2 alleles
0.0% missing data
   1   (0.113) 0.113 0.250 0.107 
   2   (0.887) 0.887 0.750 0.893 

Locus 9 : NC_035780.1:38 
2 alleles
0.0% missing data
   2   (0.913) 0.914 0.887 0.917 
   1   (0.087) 0.086 0.113 0.083 

Locus 10 : NC_035780.1:41 
2 alleles
3.2% missing data
   2   (0.828) 0.837 0.880 0.818 
   1   (0.172) 0.163 0.120 0.182 

Locus 11 : NC_035780.1:44 
2 alleles
0.0% missing data
   2   (0.900) 0.911 0.993 0.881 
   1   (0.100) 0.089 0.007 0.119 

Locus 12 : NC_035780.1:44 
2 alleles
0.0% missing data
   2   (0.904) 0.905 0.993 0.904 
   1   (0.096) 0.095 0.007 0.096 

Locus 13 : NC_035780.1:54 
2 alleles
3.7% missing data
   2   (0.912) 0.907 0.993 0.919 
   1   (0.088) 0.093 0.007 0.081 

Locus 14 : NC_035780.1:55 
2 alleles
0.3% missing data
   2   (0.933) 0.933 0.995 0.935 
   1   (0.067) 0.067 0.005 0.065 

Locus 15 : NC_035780.1:59 
2 alleles
0.0% missing data
   1   (0.405) 0.409 0.342 0.400 
   2   (0.595) 0.591 0.658 0.600 

Locus 16 : NC_035780.1:84 
2 alleles
1.8% missing data
   2   (0.910) 0.905 0.992 0.918 
   1   (0.090) 0.095 0.008 0.082 

Locus 17 : NC_035780.1:90 
2 alleles
1.3% missing data
   2   (0.914) 0.910 0.958 0.923 
   1   (0.086) 0.090 0.042 0.077 

Locus 18 : NC_035780.1:90 
2 alleles
1.3% missing data
   2   (0.935) 0.944 0.995 0.922 
   1   (0.065) 0.056 0.005 0.078 

Locus 19 : NC_035780.1:98 
2 alleles
0.0% missing data
   2   (0.846) 0.850 0.989 0.839 
   1   (0.154) 0.150 0.011 0.161 

Locus 20 : NC_035780.1:98 
2 alleles
0.0% missing data
   1   (0.492) 0.490 0.297 0.498 
   2   (0.508) 0.510 0.703 0.502 

Locus 21 : NC_035780.1:98 
2 alleles
0.0% missing data
   2   (0.819) 0.821 0.796 0.820 
   1   (0.181) 0.179 0.204 0.180 

Locus 22 : NC_035780.1:10 
2 alleles
3.9% missing data
   1   (0.265) 0.263 0.211 0.267 
   2   (0.735) 0.737 0.789 0.733 

Locus 23 : NC_035780.1:11 
2 alleles
0.0% missing data
   1   (0.157) 0.152 0.201 0.160 
   2   (0.843) 0.848 0.799 0.840 

Locus 24 : NC_035780.1:13 
2 alleles
0.0% missing data
   1   (0.195) 0.202 0.013 0.188 
   2   (0.805) 0.798 0.987 0.812 

Locus 25 : NC_035780.1:13 
2 alleles
0.0% missing data
   2   (0.723) 0.734 0.468 0.711 
   1   (0.277) 0.266 0.532 0.289 

Locus 26 : NC_035780.1:15 
2 alleles
0.3% missing data
   2   (0.942) 0.945 0.821 0.946 
   1   (0.058) 0.055 0.179 0.054 

Locus 27 : NC_035780.1:16 
2 alleles
0.0% missing data
   2   (0.910) 0.914 0.676 0.911 
   1   (0.090) 0.086 0.324 0.089 

Locus 28 : NC_035780.1:16 
2 alleles
0.0% missing data
   1   (0.169) 0.184 0.018 0.152 
   2   (0.831) 0.816 0.982 0.848 

Locus 29 : NC_035780.1:16 
2 alleles
5.8% missing data
   2   (0.925) 0.918 0.868 0.940 
   1   (0.075) 0.082 0.132 0.060 

Locus 30 : NC_035780.1:16 
2 alleles
5.8% missing data
   2   (0.942) 0.939 0.871 0.951 
   1   (0.058) 0.061 0.129 0.049 

Locus 31 : NC_035780.1:17 
2 alleles
0.0% missing data
   2   (0.906) 0.902 0.870 0.916 
   1   (0.094) 0.098 0.130 0.084 

Locus 32 : NC_035780.1:18 
2 alleles
0.3% missing data
   2   (0.924) 0.924 0.988 0.924 
   1   (0.076) 0.076 0.012 0.076 

Locus 33 : NC_035780.1:18 
2 alleles
1.3% missing data
   2   (0.939) 0.940 0.806 0.943 
   1   (0.061) 0.060 0.194 0.057 

Locus 34 : NC_035780.1:19 
2 alleles
0.0% missing data
   1   (0.282) 0.290 0.128 0.272 
   2   (0.718) 0.710 0.872 0.728 

Locus 35 : NC_035780.1:20 
2 alleles
0.5% missing data
   1   (0.460) 0.469 0.209 0.451 
   2   (0.540) 0.531 0.791 0.549 

Locus 36 : NC_035780.1:22 
2 alleles
1.6% missing data
   1   (0.208) 0.214 0.070 0.199 
   2   (0.792) 0.786 0.930 0.801 

Locus 37 : NC_035780.1:22 
2 alleles
1.6% missing data
   2   (0.879) 0.888 0.991 0.865 
   1   (0.121) 0.112 0.009 0.135 

Locus 38 : NC_035780.1:24 
2 alleles
0.0% missing data
   1   (0.465) 0.469 0.686 0.456 
   2   (0.535) 0.531 0.314 0.544 

Locus 39 : NC_035780.1:24 
2 alleles
0.0% missing data
   2   (0.860) 0.860 0.857 0.864 
   1   (0.140) 0.140 0.143 0.136 

Locus 40 : NC_035780.1:24 
2 alleles
0.0% missing data
   2   (0.891) 0.887 0.928 0.902 
   1   (0.109) 0.113 0.072 0.098 

Locus 41 : NC_035780.1:25 
2 alleles
0.3% missing data
   2   (0.817) 0.802 0.969 0.837 
   1   (0.183) 0.198 0.031 0.163 

Locus 42 : NC_035780.1:26 
2 alleles
0.8% missing data
   1   (0.352) 0.343 0.351 0.363 
   2   (0.648) 0.657 0.649 0.637 

Locus 43 : NC_035780.1:26 
2 alleles
0.8% missing data
   2   (0.818) 0.802 0.786 0.843 
   1   (0.182) 0.198 0.214 0.157 

Locus 44 : NC_035780.1:26 
2 alleles
0.0% missing data
   1   (0.299) 0.302 0.489 0.290 
   2   (0.701) 0.698 0.511 0.710 

Locus 45 : NC_035780.1:27 
2 alleles
0.0% missing data
   2   (0.908) 0.907 0.930 0.915 
   1   (0.092) 0.093 0.070 0.085 

Locus 46 : NC_035780.1:27 
2 alleles
0.0% missing data
   2   (0.964) 0.968 0.998 0.960 
   1   (0.036) 0.032 0.002 0.040 

Locus 47 : NC_035780.1:27 
2 alleles
3.4% missing data
   2   (0.871) 0.866 0.990 0.876 
   1   (0.129) 0.134 0.010 0.124 

Locus 48 : NC_035780.1:27 
2 alleles
3.4% missing data
   2   (0.879) 0.877 0.674 0.887 
   1   (0.121) 0.123 0.326 0.113 

Locus 49 : NC_035780.1:28 
2 alleles
3.9% missing data
   2   (0.958) 0.958 0.612 0.965 
   1   (0.042) 0.042 0.388 0.035 

Locus 50 : NC_035780.1:28 
2 alleles
3.9% missing data
   2   (0.910) 0.908 0.993 0.914 
   1   (0.090) 0.092 0.007 0.086 

Locus 51 : NC_035780.1:28 
2 alleles
0.0% missing data
   1   (0.486) 0.470 0.267 0.513 
   2   (0.514) 0.530 0.733 0.487 

Locus 52 : NC_035780.1:28 
2 alleles
0.0% missing data
   2   (0.906) 0.903 0.866 0.916 
   1   (0.094) 0.097 0.134 0.084 

Locus 53 : NC_035780.1:28 
2 alleles
1.1% missing data
   1   (0.179) 0.181 0.329 0.172 
   2   (0.821) 0.819 0.671 0.828 

Locus 54 : NC_035780.1:29 
2 alleles
0.0% missing data
   1   (0.196) 0.196 0.058 0.195 
   2   (0.804) 0.804 0.942 0.805 

Locus 55 : NC_035780.1:29 
2 alleles
0.0% missing data
   2   (0.944) 0.947 0.728 0.947 
   1   (0.056) 0.053 0.272 0.053 

Locus 56 : NC_035780.1:29 
2 alleles
0.0% missing data
   2   (0.830) 0.826 0.813 0.842 
   1   (0.170) 0.174 0.187 0.158 

Locus 57 : NC_035780.1:29 
2 alleles
0.0% missing data
   2   (0.906) 0.899 0.994 0.916 
   1   (0.094) 0.101 0.006 0.084 

Locus 58 : NC_035780.1:30 
2 alleles
0.3% missing data
   2   (0.932) 0.934 0.996 0.930 
   1   (0.068) 0.066 0.004 0.070 

Locus 59 : NC_035780.1:31 
2 alleles
0.8% missing data
   2   (0.892) 0.891 0.992 0.893 
   1   (0.108) 0.109 0.008 0.107 

Locus 60 : NC_035780.1:31 
2 alleles
0.8% missing data
   2   (0.639) 0.635 0.438 0.650 
   1   (0.361) 0.365 0.562 0.350 

Locus 61 : NC_035780.1:32 
2 alleles
0.0% missing data
   1   (0.370) 0.359 0.481 0.383 
   2   (0.630) 0.641 0.519 0.617 

Locus 62 : NC_035780.1:32 
2 alleles
0.0% missing data
   2   (0.727) 0.724 0.620 0.736 
   1   (0.273) 0.276 0.380 0.264 

Locus 63 : NC_035780.1:33 
2 alleles
3.4% missing data
   2   (0.948) 0.951 0.996 0.945 
   1   (0.052) 0.049 0.004 0.055 

Locus 64 : NC_035780.1:33 
2 alleles
3.4% missing data
   2   (0.831) 0.835 0.417 0.832 
   1   (0.169) 0.165 0.583 0.168 

Locus 65 : NC_035780.1:37 
2 alleles
0.3% missing data
   2   (0.921) 0.927 0.888 0.916 
   1   (0.079) 0.073 0.112 0.084 

Locus 66 : NC_035780.1:37 
2 alleles
0.3% missing data
   2   (0.874) 0.872 0.991 0.877 
   1   (0.126) 0.128 0.009 0.123 

Locus 67 : NC_035780.1:37 
2 alleles
0.0% missing data
   2   (0.922) 0.926 0.995 0.917 
   1   (0.078) 0.074 0.005 0.083 

Locus 68 : NC_035780.1:37 
2 alleles
0.0% missing data
   2   (0.804) 0.813 0.876 0.792 
   1   (0.196) 0.187 0.124 0.208 

Locus 69 : NC_035780.1:37 
2 alleles
0.0% missing data
   1   (0.140) 0.142 0.054 0.134 
   2   (0.860) 0.858 0.946 0.866 

Locus 70 : NC_035780.1:39 
2 alleles
0.0% missing data
   2   (0.924) 0.932 0.994 0.912 
   1   (0.076) 0.068 0.006 0.088 

Locus 71 : NC_035780.1:39 
2 alleles
0.0% missing data
   2   (0.845) 0.846 0.934 0.846 
   1   (0.155) 0.154 0.066 0.154 

Locus 72 : NC_035780.1:39 
2 alleles
0.0% missing data
   1   (0.309) 0.309 0.589 0.303 
   2   (0.691) 0.691 0.411 0.697 

Locus 73 : NC_035780.1:39 
2 alleles
0.0% missing data
   1   (0.130) 0.125 0.018 0.137 
   2   (0.870) 0.875 0.982 0.863 

Locus 74 : NC_035780.1:39 
2 alleles
2.9% missing data
   2   (0.670) 0.669 0.590 0.672 
   1   (0.330) 0.331 0.410 0.328 

Locus 75 : NC_035780.1:39 
2 alleles
0.3% missing data
   2   (0.878) 0.877 0.735 0.886 
   1   (0.122) 0.123 0.265 0.114 

Locus 76 : NC_035780.1:39 
2 alleles
0.3% missing data
   2   (0.885) 0.887 0.986 0.882 
   1   (0.115) 0.113 0.014 0.118 

Locus 77 : NC_035780.1:39 
2 alleles
0.3% missing data
   2   (0.538) 0.550 0.662 0.518 
   1   (0.462) 0.450 0.338 0.482 

Locus 78 : NC_035780.1:39 
2 alleles
0.3% missing data
   2   (0.971) 0.972 0.998 0.972 
   1   (0.029) 0.028 0.002 0.028 

Locus 79 : NC_035780.1:51 
2 alleles
0.3% missing data
   2   (0.963) 0.961 0.998 0.968 
   1   (0.037) 0.039 0.002 0.032 

Locus 80 : NC_035780.1:51 
2 alleles
1.3% missing data
   1   (0.324) 0.320 0.403 0.325 
   2   (0.676) 0.680 0.597 0.675 

Locus 81 : NC_035780.1:55 
2 alleles
0.0% missing data
   2   (0.904) 0.904 0.994 0.905 
   1   (0.096) 0.096 0.006 0.095 

Locus 82 : NC_035780.1:55 
2 alleles
2.1% missing data
   2   (0.780) 0.789 0.610 0.772 
   1   (0.220) 0.211 0.390 0.228 

Locus 83 : NC_035780.1:55 
2 alleles
0.5% missing data
   2   (0.855) 0.860 0.923 0.852 
   1   (0.145) 0.140 0.077 0.148 

Locus 84 : NC_035780.1:57 
2 alleles
0.0% missing data
   2   (0.950) 0.948 0.771 0.958 
   1   (0.050) 0.052 0.229 0.042 

Locus 85 : NC_035780.1:63 
2 alleles
2.1% missing data
   2   (0.947) 0.957 0.818 0.939 
   1   (0.053) 0.043 0.182 0.061 

Locus 86 : NC_035780.1:63 
2 alleles
1.3% missing data
   2   (0.897) 0.890 0.960 0.908 
   1   (0.103) 0.110 0.040 0.092 

Locus 87 : NC_035780.1:63 
2 alleles
1.3% missing data
   2   (0.735) 0.747 0.565 0.723 
   1   (0.265) 0.253 0.435 0.277 

Locus 88 : NC_035780.1:65 
2 alleles
0.0% missing data
   2   (0.863) 0.864 0.916 0.864 
   1   (0.137) 0.136 0.084 0.136 

Locus 89 : NC_035780.1:65 
2 alleles
0.0% missing data
   2   (0.959) 0.957 0.876 0.968 
   1   (0.041) 0.043 0.124 0.032 

Locus 90 : NC_035780.1:65 
2 alleles
0.0% missing data
   1   (0.232) 0.228 0.083 0.238 
   2   (0.768) 0.772 0.917 0.762 

Locus 91 : NC_035780.1:65 
2 alleles
0.0% missing data
   1   (0.254) 0.247 0.167 0.262 
   2   (0.746) 0.753 0.833 0.738 

Locus 92 : NC_035780.1:70 
2 alleles
2.4% missing data
   2   (0.922) 0.922 0.873 0.927 
   1   (0.078) 0.078 0.127 0.073 

Locus 93 : NC_035780.1:70 
2 alleles
0.3% missing data
   2   (0.957) 0.965 0.751 0.949 
   1   (0.043) 0.035 0.249 0.051 

Locus 94 : NC_035780.1:70 
2 alleles
0.3% missing data
   1   (0.210) 0.207 0.218 0.211 
   2   (0.790) 0.793 0.782 0.789 

Locus 95 : NC_035780.1:71 
2 alleles
1.6% missing data
   1   (0.417) 0.415 0.313 0.420 
   2   (0.583) 0.585 0.687 0.580 

Locus 96 : NC_035780.1:72 
2 alleles
0.0% missing data
   2   (0.931) 0.944 0.988 0.912 
   1   (0.069) 0.056 0.012 0.088 

Locus 97 : NC_035780.1:74 
2 alleles
1.1% missing data
   2   (0.945) 0.950 0.701 0.945 
   1   (0.055) 0.050 0.299 0.055 

Locus 98 : NC_035780.1:75 
2 alleles
0.5% missing data
   2   (0.795) 0.787 0.871 0.810 
   1   (0.205) 0.213 0.129 0.190 

Locus 99 : NC_035780.1:75 
2 alleles
0.5% missing data
   2   (0.866) 0.875 0.745 0.857 
   1   (0.134) 0.125 0.255 0.143 

Locus 100 : NC_035780.1:75 
2 alleles
1.1% missing data
   2   (0.928) 0.921 0.994 0.937 
   1   (0.072) 0.079 0.006 0.063 

Locus 101 : NC_035780.1:75 
2 alleles
0.0% missing data
   1   (0.472) 0.477 0.700 0.462 
   2   (0.528) 0.523 0.300 0.538 

Locus 102 : NC_035780.1:75 
2 alleles
0.3% missing data
   2   (0.901) 0.899 0.757 0.909 
   1   (0.099) 0.101 0.243 0.091 

Locus 103 : NC_035780.1:76 
2 alleles
2.9% missing data
   1   (0.339) 0.333 0.609 0.343 
   2   (0.661) 0.667 0.391 0.657 

Locus 104 : NC_035780.1:76 
2 alleles
2.9% missing data
   2   (0.934) 0.944 0.995 0.920 
   1   (0.066) 0.056 0.005 0.080 

Locus 105 : NC_035780.1:77 
2 alleles
4.5% missing data
   2   (0.848) 0.827 0.926 0.878 
   1   (0.152) 0.173 0.074 0.122 

Locus 106 : NC_035780.1:77 
2 alleles
4.5% missing data
   2   (0.902) 0.909 0.663 0.898 
   1   (0.098) 0.091 0.337 0.102 

Locus 107 : NC_035780.1:79 
2 alleles
0.0% missing data
   2   (0.925) 0.928 0.871 0.927 
   1   (0.075) 0.072 0.129 0.073 

Locus 108 : NC_035780.1:81 
2 alleles
0.0% missing data
   1   (0.458) 0.469 0.121 0.448 
   2   (0.542) 0.531 0.879 0.552 

Locus 109 : NC_035780.1:81 
2 alleles
0.0% missing data
   2   (0.881) 0.890 0.960 0.867 
   1   (0.119) 0.110 0.040 0.133 

Locus 110 : NC_035780.1:81 
2 alleles
0.0% missing data
   1   (0.382) 0.388 0.441 0.370 
   2   (0.618) 0.612 0.559 0.630 

Locus 111 : NC_035780.1:82 
2 alleles
0.0% missing data
   2   (0.926) 0.932 0.906 0.923 
   1   (0.074) 0.068 0.094 0.077 

Locus 112 : NC_035780.1:83 
2 alleles
3.4% missing data
   1   (0.161) 0.164 0.011 0.160 
   2   (0.839) 0.836 0.989 0.840 

Locus 113 : NC_035780.1:83 
2 alleles
3.4% missing data
   2   (0.936) 0.929 0.996 0.947 
   1   (0.064) 0.071 0.004 0.053 

Locus 114 : NC_035780.1:83 
2 alleles
0.0% missing data
   2   (0.932) 0.937 0.931 0.931 
   1   (0.068) 0.063 0.069 0.069 

Locus 115 : NC_035780.1:83 
2 alleles
0.0% missing data
   2   (0.876) 0.881 0.600 0.875 
   1   (0.124) 0.119 0.400 0.125 

Locus 116 : NC_035780.1:84 
2 alleles
0.0% missing data
   2   (0.906) 0.910 0.721 0.907 
   1   (0.094) 0.090 0.279 0.093 

Locus 117 : NC_035780.1:85 
2 alleles
0.3% missing data
   2   (0.889) 0.895 0.882 0.884 
   1   (0.111) 0.105 0.118 0.116 

Locus 118 : NC_035780.1:85 
2 alleles
0.3% missing data
   2   (0.582) 0.588 0.855 0.571 
   1   (0.418) 0.412 0.145 0.429 

Locus 119 : NC_035780.1:86 
2 alleles
0.0% missing data
   2   (0.911) 0.905 0.883 0.925 
   1   (0.089) 0.095 0.117 0.075 

Locus 120 : NC_035780.1:86 
2 alleles
0.0% missing data
   2   (0.593) 0.613 0.694 0.563 
   1   (0.407) 0.387 0.306 0.437 

Locus 121 : NC_035780.1:86 
2 alleles
0.0% missing data
   2   (0.960) 0.960 0.997 0.961 
   1   (0.040) 0.040 0.003 0.039 

Locus 122 : NC_035780.1:86 
2 alleles
0.0% missing data
   2   (0.955) 0.958 0.996 0.953 
   1   (0.045) 0.042 0.004 0.047 

Locus 123 : NC_035780.1:86 
2 alleles
0.0% missing data
   1   (0.185) 0.192 0.088 0.173 
   2   (0.815) 0.808 0.912 0.827 

Locus 124 : NC_035780.1:86 
2 alleles
0.0% missing data
   2   (0.915) 0.914 0.961 0.920 
   1   (0.085) 0.086 0.039 0.080 

Locus 125 : NC_035780.1:86 
2 alleles
0.0% missing data
   1   (0.155) 0.158 0.100 0.145 
   2   (0.845) 0.842 0.900 0.855 

Locus 126 : NC_035780.1:86 
2 alleles
0.0% missing data
   2   (0.911) 0.918 0.753 0.909 
   1   (0.089) 0.082 0.247 0.091 

Locus 127 : NC_035780.1:86 
2 alleles
0.0% missing data
   1   (0.176) 0.173 0.045 0.180 
   2   (0.824) 0.827 0.955 0.820 

Locus 128 : NC_035780.1:86 
2 alleles
0.0% missing data
   2   (0.907) 0.911 0.886 0.907 
   1   (0.093) 0.089 0.114 0.093 

Locus 129 : NC_035780.1:87 
2 alleles
0.3% missing data
   2   (0.799) 0.807 0.708 0.793 
   1   (0.201) 0.193 0.292 0.207 

Locus 130 : NC_035780.1:87 
2 alleles
0.0% missing data
   1   (0.302) 0.293 0.312 0.313 
   2   (0.698) 0.707 0.688 0.687 

Locus 131 : NC_035780.1:87 
2 alleles
0.0% missing data
   1   (0.277) 0.275 0.283 0.276 
   2   (0.723) 0.725 0.717 0.724 

Locus 132 : NC_035780.1:87 
2 alleles
0.0% missing data
   2   (0.711) 0.714 0.744 0.708 
   1   (0.289) 0.286 0.256 0.292 

Locus 133 : NC_035780.1:88 
2 alleles
0.8% missing data
   2   (0.691) 0.684 0.965 0.697 
   1   (0.309) 0.316 0.035 0.303 

Locus 134 : NC_035780.1:88 
2 alleles
0.8% missing data
   1   (0.221) 0.223 0.027 0.220 
   2   (0.779) 0.777 0.973 0.780 

Locus 135 : NC_035780.1:88 
2 alleles
0.0% missing data
   1   (0.332) 0.340 0.221 0.318 
   2   (0.668) 0.660 0.779 0.682 

Locus 136 : NC_035780.1:89 
2 alleles
4.7% missing data
   1   (0.113) 0.121 0.029 0.100 
   2   (0.887) 0.879 0.971 0.900 

Locus 137 : NC_035780.1:89 
2 alleles
4.7% missing data
   2   (0.880) 0.883 0.992 0.876 
   1   (0.120) 0.117 0.008 0.124 

Locus 138 : NC_035780.1:89 
2 alleles
4.5% missing data
   2   (0.545) 0.555 0.257 0.537 
   1   (0.455) 0.445 0.743 0.463 

Locus 139 : NC_035780.1:89 
2 alleles
0.0% missing data
   2   (0.671) 0.661 0.717 0.686 
   1   (0.329) 0.339 0.283 0.314 

Locus 140 : NC_035780.1:90 
2 alleles
0.8% missing data
   2   (0.952) 0.952 0.894 0.957 
   1   (0.048) 0.048 0.106 0.043 

Locus 141 : NC_035780.1:90 
2 alleles
0.3% missing data
   1   (0.100) 0.096 0.007 0.107 
   2   (0.900) 0.904 0.993 0.893 

Locus 142 : NC_035780.1:90 
2 alleles
0.3% missing data
   2   (0.605) 0.608 0.459 0.604 
   1   (0.395) 0.392 0.541 0.396 

Locus 143 : NC_035780.1:92 
2 alleles
0.0% missing data
   1   (0.176) 0.172 0.012 0.185 
   2   (0.824) 0.828 0.988 0.815 

Locus 144 : NC_035780.1:92 
2 alleles
0.0% missing data
   2   (0.860) 0.853 0.990 0.868 
   1   (0.140) 0.147 0.010 0.132 

Locus 145 : NC_035780.1:92 
2 alleles
0.0% missing data
   2   (0.827) 0.832 0.450 0.828 
   1   (0.173) 0.168 0.550 0.172 

Locus 146 : NC_035780.1:94 
2 alleles
1.6% missing data
   2   (0.928) 0.936 0.995 0.915 
   1   (0.072) 0.064 0.005 0.085 

Locus 147 : NC_035780.1:94 
2 alleles
1.6% missing data
   2   (0.669) 0.691 0.637 0.640 
   1   (0.331) 0.309 0.363 0.360 

Locus 148 : NC_035780.1:95 
2 alleles
1.8% missing data
   1   (0.231) 0.254 0.051 0.201 
   2   (0.769) 0.746 0.949 0.799 

Locus 149 : NC_035780.1:95 
2 alleles
1.8% missing data
   2   (0.853) 0.865 0.734 0.841 
   1   (0.147) 0.135 0.266 0.159 

Locus 150 : NC_035780.1:95 
2 alleles
0.0% missing data
   2   (0.529) 0.526 0.549 0.534 
   1   (0.471) 0.474 0.451 0.466 

Locus 151 : NC_035780.1:95 
2 alleles
0.0% missing data
   2   (0.882) 0.885 0.696 0.882 
   1   (0.118) 0.115 0.304 0.118 

Locus 152 : NC_035780.1:95 
2 alleles
1.6% missing data
   2   (0.912) 0.916 0.975 0.909 
   1   (0.088) 0.084 0.025 0.091 

Locus 153 : NC_035780.1:97 
2 alleles
0.0% missing data
   1   (0.051) 0.051 0.357 0.045 
   2   (0.949) 0.949 0.643 0.955 

Locus 154 : NC_035780.1:97 
2 alleles
0.0% missing data
   2   (0.942) 0.940 0.744 0.950 
   1   (0.058) 0.060 0.256 0.050 

Locus 155 : NC_035780.1:97 
2 alleles
0.0% missing data
   1   (0.158) 0.159 0.115 0.151 
   2   (0.842) 0.841 0.885 0.849 

Locus 156 : NC_035780.1:97 
2 alleles
1.6% missing data
   2   (0.546) 0.555 0.321 0.538 
   1   (0.454) 0.445 0.679 0.462 

Locus 157 : NC_035780.1:97 
2 alleles
1.6% missing data
   2   (0.912) 0.905 0.841 0.927 
   1   (0.088) 0.095 0.159 0.073 

Locus 158 : NC_035780.1:99 
2 alleles
0.5% missing data
   2   (0.519) 0.523 0.311 0.517 
   1   (0.481) 0.477 0.689 0.483 

Locus 159 : NC_035780.1:99 
2 alleles
0.5% missing data
   2   (0.938) 0.938 0.965 0.942 
   1   (0.062) 0.062 0.035 0.058 

Locus 160 : NC_035780.1:99 
2 alleles
0.5% missing data
   2   (0.763) 0.752 0.772 0.782 
   1   (0.237) 0.248 0.228 0.218 

Locus 161 : NC_035780.1:99 
2 alleles
0.5% missing data
   1   (0.109) 0.107 0.052 0.109 
   2   (0.891) 0.893 0.948 0.891 

Locus 162 : NC_035780.1:99 
2 alleles
2.9% missing data
