

----------------------------------------------------
STRUCTURE by Pritchard, Stephens and Donnelly (2000)
     and Falush, Stephens and Pritchard (2003)
       Code by Pritchard, Falush and Hubisz
             Version 2.3.4 (Jul 2012)
----------------------------------------------------



Command line arguments:   /programs/structure_2_3_4/bin/structure -K 3 -i /workdir/yc2644/CV_NYC_ddRAD/structure/n380_all_cor/threader_input/n380_all_SNP.DP3g95p10maf05.HWE.mod.biallelic.all_exGRV.n396_indep_50_1_0.2_pruned.nochr156invers.n380_refil.recode.strct_in -o /workdir/yc2644/CV_NYC_ddRAD/structure/n380_all_cor/str_K3_rep3 -D 3373205 -m /workdir/yc2644/CV_NYC_ddRAD/structure/n380_all_cor/threader_input/mainparams -e /workdir/yc2644/CV_NYC_ddRAD/structure/n380_all_cor/threader_input/extraparams 
Input File:    /workdir/yc2644/CV_NYC_ddRAD/structure/n380_all_cor/threader_input/n380_all_SNP.DP3g95p10maf05.HWE.mod.biallelic.all_exGRV.n396_indep_50_1_0.2_pruned.nochr156invers.n380_refil.recode.strct_in

Run parameters:
   380 individuals
   5625 loci
   3 populations assumed
   10000 Burn-in period
   20000 Reps
RANDOMIZE turned off


--------------------------------------------
Overall proportion of membership of the
sample in each of the 3 clusters

Inferred Clusters
  1      2      3    
0.441  0.482  0.077  

--------------------------------------------

Allele-freq. divergence among pops (Net nucleotide distance),
computed using point estimates of P.

      1       2       3      
 1      -    0.0003  0.0224  
 2   0.0003     -    0.0230  
 3   0.0224  0.0230     -    

Average distances (expected heterozygosity) between individuals in same cluster:
cluster  1  : 0.2554 
cluster  2  : 0.2543 
cluster  3  : 0.2219 

--------------------------------------------
Estimated Ln Prob of Data   = -1710741.6
Mean value of ln likelihood = -1705884.3
Variance of ln likelihood   = 9714.7
Mean value of alpha         = 0.0571

Mean value of Fst_1         = 0.0022
Mean value of Fst_2         = 0.0038
Mean value of Fst_3         = 0.2097


Inferred ancestry of individuals:
        Label (%Miss) :  Inferred clusters
  1 AB812s-002    (1)   :  0.966 0.032 0.002 
  2 AB812s-004    (0)   :  0.971 0.026 0.003 
  3 AB812s-005    (0)   :  0.973 0.007 0.020 
  4 AB812s-008    (1)   :  0.988 0.007 0.005 
  5 AB812s-009    (1)   :  0.069 0.928 0.003 
  6 AB812s-011    (0)   :  0.929 0.060 0.010 
  7 AB812s-012    (1)   :  0.958 0.041 0.001 
  8 AB812s-013    (0)   :  0.986 0.013 0.001 
  9 AB812s-014    (0)   :  0.963 0.037 0.000 
 10 AB812s-015    (0)   :  0.902 0.096 0.002 
 11 AB812s-017    (0)   :  0.989 0.010 0.001 
 12 AB812s-018    (0)   :  0.968 0.028 0.005 
 13 AB812s-019    (1)   :  0.952 0.046 0.002 
 14 AB812s-020    (1)   :  0.972 0.025 0.002 
 15 AB812s-021    (1)   :  0.960 0.037 0.003 
 16 AB812s-022    (0)   :  0.912 0.076 0.012 
 17 AB812s-024    (0)   :  0.967 0.028 0.005 
 18 AB812s-027    (0)   :  0.856 0.009 0.135 
 19 AB812s-029    (0)   :  0.865 0.122 0.013 
 20 AB812s-030    (0)   :  0.139 0.858 0.004 
 21 AB812s-031    (0)   :  0.586 0.353 0.061 
 22 AB812s-032    (0)   :  0.896 0.087 0.017 
 23 FI1012-001    (1)   :  0.000 0.000 1.000 
 24 FI1012-001r    (0)   :  0.000 0.000 1.000 
 25 FI1012-002    (0)   :  0.000 0.000 1.000 
 26 FI1012-005    (1)   :  0.001 0.001 0.999 
 27 FI1012-007    (1)   :  0.001 0.000 0.999 
 28 FI1012-010    (1)   :  0.000 0.000 1.000 
 29 FI1012-011    (1)   :  0.009 0.004 0.987 
 30 FI1012-012    (1)   :  0.000 0.000 1.000 
 31 FI1012-013    (0)   :  0.000 0.000 1.000 
 32 FI1012-014    (1)   :  0.000 0.000 1.000 
 33 FI1012-016    (1)   :  0.000 0.000 1.000 
 34 FI1012-019    (1)   :  0.007 0.004 0.989 
 35 FI1012-020    (0)   :  0.000 0.000 1.000 
 36 FIS1013a-00    (1)   :  0.042 0.061 0.897 
 37 FIS1013a-00    (1)   :  0.056 0.013 0.930 
 38 FIS1013a-00    (0)   :  0.278 0.001 0.721 
 39 FIS1013a-00    (1)   :  0.017 0.013 0.970 
 40 FIS1013a-00    (1)   :  0.145 0.010 0.845 
 41 FIS1013a-01    (0)   :  0.074 0.021 0.906 
 42 FIS1013a-01    (0)   :  0.072 0.039 0.889 
 43 FIS1013a-01    (1)   :  0.172 0.023 0.805 
 44 FIS1013a-01    (1)   :  0.228 0.069 0.703 
 45 FIS1013a-01    (1)   :  0.009 0.014 0.977 
 46 FIS1013a-02    (1)   :  0.003 0.002 0.995 
 47 FIS1013a-02    (1)   :  0.023 0.112 0.865 
 48 FIS1013a-02    (1)   :  0.064 0.052 0.884 
 49 FIS1013a-02    (1)   :  0.057 0.030 0.913 
 50 HH0512a-001    (1)   :  0.008 0.991 0.001 
 51 HH0512a-002    (0)   :  0.004 0.996 0.000 
 52 HH0512a-004    (0)   :  0.201 0.798 0.001 
 53 HH0512a-006    (0)   :  0.022 0.977 0.001 
 54 HH0512a-007    (1)   :  0.016 0.982 0.002 
 55 HH0512a-009    (0)   :  0.690 0.308 0.001 
 56 HH0512a-010    (0)   :  0.796 0.204 0.000 
 57 HH0512a-012    (0)   :  0.032 0.967 0.002 
 58 HH0512a-013    (1)   :  0.100 0.892 0.008 
 59 HH0512a-015    (0)   :  0.406 0.592 0.002 
 60 HH0512a-017    (0)   :  0.733 0.264 0.004 
 61 HH0512a-018    (1)   :  0.007 0.993 0.001 
 62 HH0512a-020    (1)   :  0.030 0.970 0.000 
 63 HH0512a-021    (1)   :  0.015 0.984 0.001 
 64 HH0512a-022    (0)   :  0.010 0.989 0.001 
 65 HH0512a-023    (0)   :  0.146 0.854 0.001 
 66 HH0512a-029    (0)   :  0.006 0.990 0.004 
 67 HH1013a-001    (1)   :  0.007 0.991 0.001 
 68 HH1013a-002    (0)   :  0.516 0.483 0.001 
 69 HH1013a-003    (0)   :  0.010 0.983 0.006 
 70 HH1013a-005    (0)   :  0.014 0.984 0.002 
 71 HH1013a-006    (0)   :  0.079 0.918 0.003 
 72 HH1013a-007    (0)   :  0.006 0.993 0.001 
 73 HH1013a-009    (0)   :  0.036 0.961 0.003 
 74 HH1013a-010    (0)   :  0.010 0.986 0.004 
 75 HH1013a-011    (1)   :  0.014 0.985 0.001 
 76 HH1013a-012    (0)   :  0.019 0.980 0.001 
 77 HH1013a-013    (0)   :  0.954 0.044 0.001 
 78 HH1013a-014    (1)   :  0.678 0.320 0.001 
 79 HH1013a-015    (1)   :  0.075 0.923 0.002 
 80 HH1013a-016    (0)   :  0.007 0.990 0.003 
 81 HH1013a-017    (0)   :  0.263 0.736 0.002 
 82 HH1013a-018    (1)   :  0.018 0.972 0.010 
 83 HH1013a-019    (0)   :  0.014 0.984 0.002 
 84 HH1013a-020    (0)   :  0.687 0.312 0.001 
 85 HH1013a-021    (0)   :  0.138 0.861 0.001 
 86 HH1013a-022    (0)   :  0.948 0.047 0.005 
 87 HH1013a-023    (1)   :  0.012 0.987 0.001 
 88 HH1013a-024    (1)   :  0.015 0.982 0.003 
 89 HH1013s-001    (1)   :  0.100 0.895 0.005 
 90 HH1013s-002    (1)   :  0.039 0.959 0.002 
 91 HH1013s-003    (0)   :  0.948 0.049 0.003 
 92 HH1013s-005    (1)   :  0.059 0.940 0.001 
 93 HH1013s-006    (1)   :  0.060 0.937 0.003 
 94 HH1013s-007    (0)   :  0.052 0.947 0.001 
 95 HH1013s-008    (0)   :  0.008 0.992 0.001 
 96 HH1013s-009    (1)   :  0.041 0.958 0.002 
 97 HH1013s-010    (1)   :  0.009 0.991 0.001 
 98 HH1013s-011    (1)   :  0.005 0.992 0.003 
 99 HH1013s-012    (1)   :  0.046 0.954 0.000 
100 HH1013s-013    (0)   :  0.019 0.981 0.000 
101 HH1013s-014    (0)   :  0.042 0.957 0.001 
102 HH1013s-016    (1)   :  0.033 0.966 0.001 
103 HH1013s-017    (1)   :  0.012 0.986 0.002 
104 HH1013s-018    (1)   :  0.080 0.919 0.001 
105 HH1013s-019    (0)   :  0.313 0.686 0.001 
106 HH1013s-020    (0)   :  0.069 0.928 0.004 
107 HH1013s-021    (1)   :  0.017 0.982 0.000 
108 HH1013s-022    (0)   :  0.025 0.975 0.000 
109 HH1013s-023    (0)   :  0.028 0.969 0.003 
110 HH1013s-024    (0)   :  0.012 0.987 0.001 
111 HH1013s-025    (1)   :  0.009 0.977 0.013 
112 HH812s-001    (1)   :  0.011 0.984 0.004 
113 HH812s-003    (1)   :  0.020 0.975 0.004 
114 HH812s-006    (0)   :  0.007 0.992 0.002 
115 HH812s-010    (1)   :  0.004 0.993 0.003 
116 HH812s-013    (0)   :  0.009 0.983 0.008 
117 HH812s-018    (0)   :  0.083 0.917 0.001 
118 HH812s-019    (1)   :  0.433 0.553 0.014 
119 HH812s-024    (0)   :  0.009 0.990 0.001 
120 HH812s-025    (0)   :  0.032 0.966 0.001 
121 HH812s-030    (0)   :  0.070 0.919 0.011 
122 HH812s-035    (0)   :  0.007 0.992 0.001 
123 HH812s-036    (1)   :  0.037 0.963 0.001 
124 HH812s-037    (0)   :  0.055 0.945 0.001 
125 HH812s-039    (1)   :  0.300 0.699 0.001 
126 HH812s-040    (0)   :  0.164 0.835 0.001 
127 HH812s-042    (0)   :  0.011 0.988 0.001 
128 HH812s-046    (0)   :  0.005 0.994 0.001 
129 HH812s-048    (0)   :  0.011 0.988 0.001 
130 HH812s-050    (1)   :  0.011 0.986 0.002 
131 HH812s-052    (1)   :  0.049 0.945 0.006 
132 HH812s-054    (1)   :  0.074 0.925 0.001 
133 HH812s-056    (1)   :  0.014 0.977 0.009 
134 HH912s-109    (0)   :  0.018 0.980 0.002 
135 HH912s-110    (0)   :  0.055 0.943 0.001 
136 HH912s-111    (0)   :  0.040 0.959 0.002 
137 HH912s-113    (0)   :  0.067 0.932 0.001 
138 HH912s-114    (0)   :  0.361 0.638 0.001 
139 HH912s-115    (0)   :  0.006 0.988 0.006 
140 HH912s-116    (1)   :  0.418 0.581 0.001 
141 HH912s-117    (0)   :  0.084 0.908 0.007 
142 HH912s-118    (1)   :  0.155 0.842 0.003 
143 HH912s-119    (1)   :  0.044 0.955 0.001 
144 HH912s-120    (0)   :  0.029 0.969 0.001 
145 HH912s-121    (0)   :  0.007 0.992 0.001 
146 HH912s-122    (1)   :  0.012 0.986 0.002 
147 HH912s-123    (0)   :  0.009 0.990 0.001 
148 HH912s-124    (0)   :  0.020 0.978 0.002 
149 HH912s-125    (0)   :  0.505 0.491 0.004 
150 HH912s-126    (0)   :  0.041 0.955 0.004 
151 HH912s-127    (0)   :  0.034 0.965 0.001 
152 HH912s-128    (0)   :  0.011 0.987 0.001 
153 HH912s-129    (0)   :  0.028 0.971 0.001 
154 HH912s-130    (0)   :  0.088 0.910 0.002 
155 HH912s-131    (0)   :  0.047 0.952 0.002 
156 HH912s-132    (0)   :  0.110 0.886 0.004 
157 IRV1012-001    (0)   :  0.058 0.929 0.013 
158 IRV1012-002    (0)   :  0.017 0.982 0.002 
159 IRV1012-003    (0)   :  0.012 0.987 0.001 
160 IRV1012-004    (1)   :  0.014 0.985 0.001 
161 IRV1012-006    (0)   :  0.004 0.995 0.001 
162 IRV1012-007    (0)   :  0.068 0.931 0.001 
163 IRV1012-008    (0)   :  0.834 0.165 0.001 
164 IRV1012-009    (1)   :  0.108 0.891 0.001 
165 IRV1012-010    (0)   :  0.033 0.966 0.001 
166 IRV1012-011    (0)   :  0.010 0.989 0.001 
167 IRV1012-012    (0)   :  0.569 0.429 0.002 
168 IRV1012-013    (0)   :  0.648 0.349 0.003 
169 IRV1012-014    (0)   :  0.016 0.983 0.001 
170 IRV1012-015    (0)   :  0.016 0.983 0.001 
171 IRV1012-016    (0)   :  0.034 0.965 0.001 
172 IRV1012-017    (0)   :  0.028 0.971 0.001 
173 IRV1012-018    (1)   :  0.014 0.984 0.002 
174 IRV1012-019    (0)   :  0.050 0.948 0.003 
175 IRV1012-020    (0)   :  0.699 0.300 0.001 
176 IRV1012-021    (0)   :  0.005 0.993 0.002 
177 IRV1012-022    (0)   :  0.007 0.993 0.000 
178 IRV1012-023    (0)   :  0.019 0.981 0.001 
179 IRV1012-024    (1)   :  0.028 0.959 0.013 
180 NTC1013a-00    (0)   :  0.945 0.038 0.017 
181 NTC1013a-00    (1)   :  0.989 0.008 0.002 
182 NTC1013a-00    (0)   :  0.946 0.053 0.002 
183 NTC1013a-00    (1)   :  0.795 0.199 0.007 
184 NTC1013a-00    (1)   :  0.913 0.049 0.038 
185 NTC1013a-00    (0)   :  0.841 0.156 0.003 
186 NTC1013a-00    (1)   :  0.954 0.039 0.006 
187 NTC1013a-00    (0)   :  0.947 0.021 0.032 
188 NTC1013a-01    (0)   :  0.882 0.070 0.049 
189 NTC1013a-01    (0)   :  0.990 0.007 0.003 
190 NTC1013a-01    (0)   :  0.964 0.009 0.027 
191 NTC1013a-01    (0)   :  0.801 0.001 0.198 
192 NTC1013a-01    (0)   :  0.989 0.009 0.002 
193 NTC1013a-01    (0)   :  0.910 0.087 0.003 
194 NTC1013a-01    (0)   :  0.990 0.007 0.003 
195 NTC1013a-01    (1)   :  0.929 0.069 0.002 
196 NTC1013a-01    (0)   :  0.962 0.036 0.002 
197 NTC1013a-01    (0)   :  0.965 0.034 0.001 
198 NTC1013a-02    (0)   :  0.954 0.044 0.002 
199 NTC1013a-02    (0)   :  0.985 0.013 0.002 
200 PM1012-01    (0)   :  0.017 0.982 0.001 
201 PM1012-02    (1)   :  0.010 0.989 0.001 
202 PM1012-04    (1)   :  0.081 0.919 0.000 
203 PM1012-06    (0)   :  0.016 0.978 0.006 
204 PM1012-07    (0)   :  0.015 0.984 0.001 
205 PM1012-09    (0)   :  0.131 0.865 0.004 
206 PM1012-10    (0)   :  0.024 0.976 0.001 
207 PM1012-13    (0)   :  0.027 0.972 0.001 
208 PM1012-14    (0)   :  0.215 0.782 0.003 
209 PM1012-16    (1)   :  0.022 0.977 0.001 
210 PM1012-17    (0)   :  0.396 0.604 0.000 
211 PM1012-23    (0)   :  0.007 0.992 0.001 
212 PM1012-24    (1)   :  0.020 0.980 0.000 
213 PM1012-25    (0)   :  0.029 0.970 0.001 
214 PM1012-26    (3)   :  0.008 0.989 0.002 
215 PM1012-27    (0)   :  0.093 0.883 0.024 
216 PRA1013a-00    (1)   :  0.086 0.913 0.001 
217 PRA1013a-00    (1)   :  0.138 0.861 0.002 
218 PRA1013a-00    (0)   :  0.017 0.982 0.001 
219 PRA1013a-00    (0)   :  0.007 0.992 0.001 
220 PRA1013a-00    (0)   :  0.004 0.992 0.004 
221 PRA1013a-00    (0)   :  0.696 0.303 0.000 
222 PRA1013a-00    (1)   :  0.163 0.836 0.001 
223 PRA1013a-01    (0)   :  0.716 0.006 0.278 
224 PRA1013a-01    (1)   :  0.924 0.076 0.001 
225 PRA1013a-01    (0)   :  0.915 0.082 0.003 
226 PRA1013a-01    (0)   :  0.023 0.976 0.001 
227 PRA1013a-01    (1)   :  0.983 0.015 0.002 
228 PRA1013a-02    (1)   :  0.053 0.946 0.002 
229 PRA1013a-02    (1)   :  0.051 0.948 0.001 
230 PRA1013a-02    (0)   :  0.007 0.992 0.001 
231 PRA1013a-03    (0)   :  0.040 0.958 0.003 
232 PRA1013a-03    (1)   :  0.004 0.995 0.001 
233 PRA1013a-03    (0)   :  0.005 0.993 0.001 
234 PRA1013a-03    (0)   :  0.008 0.990 0.002 
235 PRA1013a-03    (0)   :  0.436 0.561 0.003 
236 PRA1013a-03    (0)   :  0.008 0.990 0.001 
237 PRA1013a-03    (0)   :  0.038 0.960 0.002 
238 PRA1013a-03    (1)   :  0.009 0.980 0.010 
239 RI812s-001    (0)   :  0.947 0.014 0.039 
240 RI812s-002    (1)   :  0.923 0.024 0.053 
241 RI812s-003    (1)   :  0.911 0.081 0.008 
242 RI812s-005    (1)   :  0.983 0.007 0.010 
243 RI812s-006    (0)   :  0.989 0.010 0.001 
244 RI812s-007    (0)   :  0.974 0.025 0.001 
245 RI812s-009    (0)   :  0.916 0.005 0.080 
246 RI812s-010    (1)   :  0.817 0.146 0.036 
247 RI812s-011    (0)   :  0.920 0.038 0.042 
248 RI812s-013    (1)   :  0.340 0.658 0.002 
249 RI812s-014    (1)   :  0.991 0.007 0.003 
250 RI812s-015    (0)   :  0.978 0.020 0.002 
251 RI812s-016    (0)   :  0.731 0.036 0.233 
252 SV0512a-001    (0)   :  0.976 0.022 0.002 
253 SV0512a-002    (1)   :  0.976 0.021 0.003 
254 SV0512a-003    (0)   :  0.908 0.085 0.007 
255 SV0512a-005    (1)   :  0.937 0.062 0.001 
256 SV0512a-007    (1)   :  0.909 0.005 0.086 
257 SV0512a-008    (1)   :  0.937 0.001 0.061 
258 SV0512a-009    (1)   :  0.929 0.069 0.001 
259 SV0512a-010    (0)   :  0.956 0.040 0.004 
260 SV0512a-011    (0)   :  0.797 0.001 0.202 
261 SV0512a-013    (1)   :  0.136 0.863 0.002 
262 SV0512a-014    (6)   :  0.873 0.124 0.003 
263 SV0512a-016    (1)   :  0.953 0.046 0.001 
264 SV0512a-018    (4)   :  0.725 0.187 0.088 
265 SV0512a-021    (2)   :  0.924 0.066 0.010 
266 SV0512a-022    (0)   :  0.982 0.006 0.012 
267 SV0512a-023    (2)   :  0.993 0.006 0.001 
268 SV0512a-024    (0)   :  0.980 0.005 0.015 
269 SV0512a-025    (0)   :  0.954 0.045 0.001 
270 SV0512a-027    (0)   :  0.985 0.014 0.001 
271 SV0512a-028    (3)   :  0.393 0.570 0.037 
272 SV1013a-001    (0)   :  0.939 0.006 0.055 
273 SV1013a-002    (1)   :  0.801 0.199 0.001 
274 SV1013a-003    (0)   :  0.785 0.213 0.002 
275 SV1013a-005    (0)   :  0.976 0.002 0.022 
276 SV1013a-006    (0)   :  0.986 0.012 0.002 
277 SV1013a-007    (0)   :  0.976 0.023 0.001 
278 SV1013a-008    (0)   :  0.989 0.010 0.001 
279 SV1013a-009    (0)   :  0.946 0.013 0.042 
280 SV1013a-010    (1)   :  0.902 0.095 0.003 
281 SV1013a-011    (0)   :  0.675 0.324 0.001 
282 SV1013a-012    (0)   :  0.957 0.015 0.027 
283 SV1013a-013    (0)   :  0.935 0.062 0.003 
284 SV1013a-014    (0)   :  0.972 0.026 0.002 
285 SV1013a-015    (0)   :  0.972 0.027 0.001 
286 SV1013a-016    (0)   :  0.921 0.079 0.001 
287 SV1013a-017    (0)   :  0.260 0.721 0.019 
288 SV1013a-018    (0)   :  0.792 0.208 0.001 
289 SV1013a-019    (0)   :  0.976 0.012 0.012 
290 SV1013a-020    (0)   :  0.834 0.017 0.149 
291 SV1013a-021    (0)   :  0.929 0.070 0.001 
292 SV1013a-022    (1)   :  0.915 0.024 0.060 
293 SV1013a-023    (0)   :  0.979 0.016 0.006 
294 SV1013a-024    (0)   :  0.939 0.012 0.048 
295 SV812s-026    (1)   :  0.907 0.091 0.002 
296 SV812s-027    (0)   :  0.695 0.261 0.043 
297 SV812s-029    (0)   :  0.710 0.289 0.001 
298 SV812s-030    (0)   :  0.670 0.261 0.068 
299 SV812s-031    (0)   :  0.985 0.012 0.003 
300 SV812s-032    (0)   :  0.949 0.002 0.049 
301 SV812s-033    (0)   :  0.990 0.009 0.001 
302 SV812s-034    (0)   :  0.981 0.014 0.005 
303 SV812s-037    (0)   :  0.439 0.551 0.009 
304 SV812s-038    (0)   :  0.972 0.026 0.002 
305 SV812s-039    (0)   :  0.952 0.046 0.002 
306 SV812s-040    (0)   :  0.859 0.139 0.002 
307 SV812s-041    (0)   :  0.989 0.010 0.001 
308 SV812s-042    (0)   :  0.994 0.005 0.001 
309 SV812s-043    (1)   :  0.460 0.529 0.010 
310 SV812s-044    (0)   :  0.974 0.026 0.001 
311 SV812s-046    (0)   :  0.972 0.017 0.012 
312 SV812s-047    (0)   :  0.731 0.266 0.003 
313 SV812s-048    (1)   :  0.972 0.027 0.001 
314 SV812s-049    (0)   :  0.762 0.237 0.001 
315 SV812s-050    (1)   :  0.840 0.159 0.001 
316 SV812s-051    (0)   :  0.962 0.035 0.003 
317 SV812s-052    (0)   :  0.948 0.017 0.035 
318 SV912s-001    (1)   :  0.977 0.021 0.002 
319 SV912s-002    (0)   :  0.796 0.178 0.027 
320 SV912s-003    (0)   :  0.811 0.120 0.069 
321 SV912s-005    (1)   :  0.898 0.032 0.071 
322 SV912s-006    (1)   :  0.989 0.010 0.000 
323 SV912s-007    (0)   :  0.956 0.043 0.002 
324 SV912s-008    (1)   :  0.961 0.038 0.001 
325 SV912s-009    (0)   :  0.964 0.035 0.001 
326 SV912s-010    (1)   :  0.979 0.021 0.000 
327 SV912s-011    (1)   :  0.969 0.027 0.004 
328 SV912s-012    (1)   :  0.950 0.015 0.035 
329 SV912s-013    (0)   :  0.960 0.039 0.001 
330 SV912s-014    (1)   :  0.932 0.034 0.034 
331 SV912s-015    (0)   :  0.979 0.019 0.002 
332 SV912s-017    (0)   :  0.921 0.069 0.010 
333 SV912s-018    (1)   :  0.801 0.198 0.002 
334 SV912s-019    (1)   :  0.384 0.615 0.001 
335 SV912s-020    (1)   :  0.949 0.012 0.039 
336 SV912s-021    (0)   :  0.897 0.100 0.003 
337 SV912s-022    (0)   :  0.742 0.256 0.002 
338 SV912s-023    (0)   :  0.135 0.838 0.027 
339 SV912s-024    (0)   :  0.017 0.982 0.001 
340 SV912s-025    (1)   :  0.038 0.961 0.001 
341 TPZ0713-001    (1)   :  0.015 0.985 0.001 
342 TPZ0713-002    (1)   :  0.327 0.672 0.001 
343 TPZ0713-003    (0)   :  0.112 0.887 0.001 
344 TPZ0713-005    (0)   :  0.033 0.960 0.008 
345 TPZ0713-006    (1)   :  0.007 0.985 0.009 
346 TPZ0713-007    (1)   :  0.047 0.952 0.001 
347 TPZ0713-009    (1)   :  0.021 0.978 0.002 
348 TPZ0713-011    (1)   :  0.030 0.969 0.001 
349 TPZ0713-012    (1)   :  0.008 0.991 0.001 
350 TPZ0713-013    (0)   :  0.007 0.992 0.001 
351 TPZ0713-014    (1)   :  0.008 0.990 0.002 
352 TPZ0713-015    (0)   :  0.097 0.902 0.001 
353 TPZ0713-016    (0)   :  0.020 0.979 0.001 
354 TPZ0713-020    (1)   :  0.160 0.837 0.003 
355 TPZ0713-021    (1)   :  0.007 0.986 0.007 
356 TPZ0713-023    (0)   :  0.016 0.983 0.001 
357 TPZ0713-024    (1)   :  0.434 0.565 0.000 
358 TPZ0713-025    (1)   :  0.003 0.995 0.001 
359 TPZ0713-028    (1)   :  0.008 0.991 0.001 
360 TPZ0713-029    (1)   :  0.021 0.971 0.008 
361 WFM812s-049    (0)   :  0.979 0.020 0.001 
362 WFM812s-050    (1)   :  0.921 0.078 0.001 
363 WFM812s-051    (1)   :  0.986 0.014 0.001 
364 WFM812s-054    (0)   :  0.988 0.010 0.002 
365 WFM812s-056    (0)   :  0.950 0.049 0.001 
366 WFM812s-057    (1)   :  0.994 0.005 0.001 
367 WFM812s-058    (0)   :  0.868 0.129 0.002 
368 WFM812s-059    (0)   :  0.979 0.004 0.018 
369 WFM812s-060    (1)   :  0.749 0.032 0.219 
370 WFM812s-062    (0)   :  0.941 0.057 0.001 
371 WFM812s-063    (0)   :  0.787 0.211 0.002 
372 WFM812s-064    (0)   :  0.936 0.054 0.010 
373 WFM812s-065    (0)   :  0.987 0.011 0.002 
374 WFM812s-066    (0)   :  0.980 0.019 0.001 
375 WFM812s-067    (0)   :  0.973 0.024 0.003 
376 WFM812s-068    (1)   :  0.966 0.033 0.001 
377 WFM812s-069    (0)   :  0.656 0.343 0.001 
378 WFM812s-071    (0)   :  0.369 0.628 0.003 
379 WFM812s-072    (0)   :  0.974 0.020 0.006 
380 WFM812s-073    (1)   :  0.803 0.196 0.001 


Estimated Allele Frequencies in each cluster
First column gives estimated ancestral frequencies


Locus 1 : NC_035780.1:72 
2 alleles
1.1% missing data
   2   (0.800) 0.803 0.796 0.919 
   1   (0.200) 0.197 0.204 0.081 

Locus 2 : NC_035780.1:72 
2 alleles
1.1% missing data
   2   (0.889) 0.885 0.896 0.990 
   1   (0.111) 0.115 0.104 0.010 

Locus 3 : NC_035780.1:44 
2 alleles
0.3% missing data
   2   (0.931) 0.931 0.931 0.995 
   1   (0.069) 0.069 0.069 0.005 

Locus 4 : NC_035780.1:31 
2 alleles
0.0% missing data
   2   (0.902) 0.900 0.911 0.824 
   1   (0.098) 0.100 0.089 0.176 

Locus 5 : NC_035780.1:36 
2 alleles
0.0% missing data
   2   (0.667) 0.660 0.682 0.641 
   1   (0.333) 0.340 0.318 0.359 

Locus 6 : NC_035780.1:38 
2 alleles
0.0% missing data
   1   (0.177) 0.173 0.180 0.068 
   2   (0.823) 0.827 0.820 0.932 

Locus 7 : NC_035780.1:38 
2 alleles
0.0% missing data
   2   (0.788) 0.795 0.776 0.965 
   1   (0.212) 0.205 0.224 0.035 

Locus 8 : NC_035780.1:38 
2 alleles
0.0% missing data
   1   (0.112) 0.112 0.106 0.250 
   2   (0.888) 0.888 0.894 0.750 

Locus 9 : NC_035780.1:38 
2 alleles
0.0% missing data
   2   (0.913) 0.914 0.918 0.887 
   1   (0.087) 0.086 0.082 0.113 

Locus 10 : NC_035780.1:41 
2 alleles
3.2% missing data
   2   (0.829) 0.837 0.818 0.881 
   1   (0.171) 0.163 0.182 0.119 

Locus 11 : NC_035780.1:44 
2 alleles
0.0% missing data
   2   (0.901) 0.910 0.881 0.993 
   1   (0.099) 0.090 0.119 0.007 

Locus 12 : NC_035780.1:44 
2 alleles
0.0% missing data
   2   (0.905) 0.905 0.904 0.993 
   1   (0.095) 0.095 0.096 0.007 

Locus 13 : NC_035780.1:54 
2 alleles
3.7% missing data
   2   (0.911) 0.906 0.920 0.993 
   1   (0.089) 0.094 0.080 0.007 

Locus 14 : NC_035780.1:55 
2 alleles
0.3% missing data
   2   (0.933) 0.933 0.934 0.995 
   1   (0.067) 0.067 0.066 0.005 

Locus 15 : NC_035780.1:59 
2 alleles
0.0% missing data
   1   (0.405) 0.409 0.399 0.343 
   2   (0.595) 0.591 0.601 0.657 

Locus 16 : NC_035780.1:84 
2 alleles
1.8% missing data
   2   (0.910) 0.906 0.918 0.992 
   1   (0.090) 0.094 0.082 0.008 

Locus 17 : NC_035780.1:90 
2 alleles
1.3% missing data
   2   (0.913) 0.910 0.922 0.958 
   1   (0.087) 0.090 0.078 0.042 

Locus 18 : NC_035780.1:90 
2 alleles
1.3% missing data
   2   (0.935) 0.943 0.922 0.995 
   1   (0.065) 0.057 0.078 0.005 

Locus 19 : NC_035780.1:98 
2 alleles
0.0% missing data
   2   (0.847) 0.851 0.838 0.989 
   1   (0.153) 0.149 0.162 0.011 

Locus 20 : NC_035780.1:98 
2 alleles
0.0% missing data
   1   (0.491) 0.488 0.499 0.297 
   2   (0.509) 0.512 0.501 0.703 

Locus 21 : NC_035780.1:98 
2 alleles
0.0% missing data
   2   (0.819) 0.821 0.820 0.796 
   1   (0.181) 0.179 0.180 0.204 

Locus 22 : NC_035780.1:10 
2 alleles
3.9% missing data
   1   (0.266) 0.264 0.266 0.212 
   2   (0.734) 0.736 0.734 0.788 

Locus 23 : NC_035780.1:11 
2 alleles
0.0% missing data
   1   (0.157) 0.153 0.159 0.201 
   2   (0.843) 0.847 0.841 0.799 

Locus 24 : NC_035780.1:13 
2 alleles
0.0% missing data
   1   (0.195) 0.202 0.189 0.014 
   2   (0.805) 0.798 0.811 0.986 

Locus 25 : NC_035780.1:13 
2 alleles
0.0% missing data
   2   (0.724) 0.735 0.711 0.468 
   1   (0.276) 0.265 0.289 0.532 

Locus 26 : NC_035780.1:15 
2 alleles
0.3% missing data
   2   (0.942) 0.944 0.946 0.821 
   1   (0.058) 0.056 0.054 0.179 

Locus 27 : NC_035780.1:16 
2 alleles
0.0% missing data
   2   (0.910) 0.913 0.912 0.678 
   1   (0.090) 0.087 0.088 0.322 

Locus 28 : NC_035780.1:16 
2 alleles
0.0% missing data
   1   (0.171) 0.184 0.153 0.018 
   2   (0.829) 0.816 0.847 0.982 

Locus 29 : NC_035780.1:16 
2 alleles
5.8% missing data
   2   (0.924) 0.920 0.937 0.866 
   1   (0.076) 0.080 0.063 0.134 

Locus 30 : NC_035780.1:16 
2 alleles
5.8% missing data
   2   (0.942) 0.941 0.949 0.871 
   1   (0.058) 0.059 0.051 0.129 

Locus 31 : NC_035780.1:17 
2 alleles
0.0% missing data
   2   (0.905) 0.902 0.915 0.870 
   1   (0.095) 0.098 0.085 0.130 

Locus 32 : NC_035780.1:18 
2 alleles
0.3% missing data
   2   (0.924) 0.925 0.924 0.988 
   1   (0.076) 0.075 0.076 0.012 

Locus 33 : NC_035780.1:18 
2 alleles
1.3% missing data
   2   (0.939) 0.940 0.944 0.805 
   1   (0.061) 0.060 0.056 0.195 

Locus 34 : NC_035780.1:19 
2 alleles
0.0% missing data
   1   (0.284) 0.291 0.271 0.129 
   2   (0.716) 0.709 0.729 0.871 

Locus 35 : NC_035780.1:20 
2 alleles
0.5% missing data
   1   (0.461) 0.470 0.451 0.210 
   2   (0.539) 0.530 0.549 0.790 

Locus 36 : NC_035780.1:22 
2 alleles
1.6% missing data
   1   (0.209) 0.215 0.199 0.070 
   2   (0.791) 0.785 0.801 0.930 

Locus 37 : NC_035780.1:22 
2 alleles
1.6% missing data
   2   (0.881) 0.889 0.864 0.992 
   1   (0.119) 0.111 0.136 0.008 

Locus 38 : NC_035780.1:24 
2 alleles
0.0% missing data
   1   (0.465) 0.469 0.456 0.685 
   2   (0.535) 0.531 0.544 0.315 

Locus 39 : NC_035780.1:24 
2 alleles
0.0% missing data
   2   (0.860) 0.860 0.864 0.855 
   1   (0.140) 0.140 0.136 0.145 

Locus 40 : NC_035780.1:24 
2 alleles
0.0% missing data
   2   (0.890) 0.886 0.902 0.929 
   1   (0.110) 0.114 0.098 0.071 

Locus 41 : NC_035780.1:25 
2 alleles
0.3% missing data
   2   (0.816) 0.802 0.837 0.968 
   1   (0.184) 0.198 0.163 0.032 

Locus 42 : NC_035780.1:26 
2 alleles
0.8% missing data
   1   (0.352) 0.345 0.362 0.351 
   2   (0.648) 0.655 0.638 0.649 

Locus 43 : NC_035780.1:26 
2 alleles
0.8% missing data
   2   (0.816) 0.801 0.844 0.786 
   1   (0.184) 0.199 0.156 0.214 

Locus 44 : NC_035780.1:26 
2 alleles
0.0% missing data
   1   (0.299) 0.301 0.290 0.490 
   2   (0.701) 0.699 0.710 0.510 

Locus 45 : NC_035780.1:27 
2 alleles
0.0% missing data
   2   (0.908) 0.908 0.913 0.930 
   1   (0.092) 0.092 0.087 0.070 

Locus 46 : NC_035780.1:27 
2 alleles
0.0% missing data
   2   (0.963) 0.967 0.960 0.998 
   1   (0.037) 0.033 0.040 0.002 

Locus 47 : NC_035780.1:27 
2 alleles
3.4% missing data
   2   (0.870) 0.865 0.877 0.990 
   1   (0.130) 0.135 0.123 0.010 

Locus 48 : NC_035780.1:27 
2 alleles
3.4% missing data
   2   (0.878) 0.876 0.888 0.676 
   1   (0.122) 0.124 0.112 0.324 

Locus 49 : NC_035780.1:28 
2 alleles
3.9% missing data
   2   (0.957) 0.957 0.966 0.614 
   1   (0.043) 0.043 0.034 0.386 

Locus 50 : NC_035780.1:28 
2 alleles
3.9% missing data
   2   (0.910) 0.908 0.914 0.993 
   1   (0.090) 0.092 0.086 0.007 

Locus 51 : NC_035780.1:28 
2 alleles
0.0% missing data
   1   (0.485) 0.471 0.512 0.266 
   2   (0.515) 0.529 0.488 0.734 

Locus 52 : NC_035780.1:28 
2 alleles
0.0% missing data
   2   (0.906) 0.903 0.916 0.867 
   1   (0.094) 0.097 0.084 0.133 

Locus 53 : NC_035780.1:28 
2 alleles
1.1% missing data
   1   (0.179) 0.181 0.171 0.330 
   2   (0.821) 0.819 0.829 0.670 

Locus 54 : NC_035780.1:29 
2 alleles
0.0% missing data
   1   (0.197) 0.198 0.194 0.058 
   2   (0.803) 0.802 0.806 0.942 

Locus 55 : NC_035780.1:29 
2 alleles
0.0% missing data
   2   (0.943) 0.946 0.947 0.727 
   1   (0.057) 0.054 0.053 0.273 

Locus 56 : NC_035780.1:29 
2 alleles
0.0% missing data
   2   (0.831) 0.827 0.842 0.813 
   1   (0.169) 0.173 0.158 0.187 

Locus 57 : NC_035780.1:29 
2 alleles
0.0% missing data
   2   (0.906) 0.899 0.915 0.994 
   1   (0.094) 0.101 0.085 0.006 

Locus 58 : NC_035780.1:30 
2 alleles
0.3% missing data
   2   (0.932) 0.934 0.931 0.996 
   1   (0.068) 0.066 0.069 0.004 

Locus 59 : NC_035780.1:31 
2 alleles
0.8% missing data
   2   (0.893) 0.893 0.891 0.992 
   1   (0.107) 0.107 0.109 0.008 

Locus 60 : NC_035780.1:31 
2 alleles
0.8% missing data
   2   (0.638) 0.633 0.652 0.439 
   1   (0.362) 0.367 0.348 0.561 

Locus 61 : NC_035780.1:32 
2 alleles
0.0% missing data
   1   (0.368) 0.358 0.383 0.480 
   2   (0.632) 0.642 0.617 0.520 

Locus 62 : NC_035780.1:32 
2 alleles
0.0% missing data
   2   (0.726) 0.723 0.736 0.622 
   1   (0.274) 0.277 0.264 0.378 

Locus 63 : NC_035780.1:33 
2 alleles
3.4% missing data
   2   (0.948) 0.950 0.946 0.996 
   1   (0.052) 0.050 0.054 0.004 

Locus 64 : NC_035780.1:33 
2 alleles
3.4% missing data
   2   (0.831) 0.834 0.833 0.418 
   1   (0.169) 0.166 0.167 0.582 

Locus 65 : NC_035780.1:37 
2 alleles
0.3% missing data
   2   (0.921) 0.927 0.916 0.888 
   1   (0.079) 0.073 0.084 0.112 

Locus 66 : NC_035780.1:37 
2 alleles
0.3% missing data
   2   (0.874) 0.872 0.877 0.991 
   1   (0.126) 0.128 0.123 0.009 

Locus 67 : NC_035780.1:37 
2 alleles
0.0% missing data
   2   (0.924) 0.929 0.914 0.995 
   1   (0.076) 0.071 0.086 0.005 

Locus 68 : NC_035780.1:37 
2 alleles
0.0% missing data
   2   (0.804) 0.813 0.792 0.876 
   1   (0.196) 0.187 0.208 0.124 

Locus 69 : NC_035780.1:37 
2 alleles
0.0% missing data
   1   (0.140) 0.143 0.133 0.054 
   2   (0.860) 0.857 0.867 0.946 

Locus 70 : NC_035780.1:39 
2 alleles
0.0% missing data
   2   (0.925) 0.933 0.912 0.994 
   1   (0.075) 0.067 0.088 0.006 

Locus 71 : NC_035780.1:39 
2 alleles
0.0% missing data
   2   (0.845) 0.845 0.847 0.934 
   1   (0.155) 0.155 0.153 0.066 

Locus 72 : NC_035780.1:39 
2 alleles
0.0% missing data
   1   (0.311) 0.312 0.301 0.589 
   2   (0.689) 0.688 0.699 0.411 

Locus 73 : NC_035780.1:39 
2 alleles
0.0% missing data
   1   (0.130) 0.126 0.137 0.018 
   2   (0.870) 0.874 0.863 0.982 

Locus 74 : NC_035780.1:39 
2 alleles
2.9% missing data
   2   (0.668) 0.667 0.673 0.590 
   1   (0.332) 0.333 0.327 0.410 

Locus 75 : NC_035780.1:39 
2 alleles
0.3% missing data
   2   (0.878) 0.878 0.885 0.733 
   1   (0.122) 0.122 0.115 0.267 

Locus 76 : NC_035780.1:39 
2 alleles
0.3% missing data
   2   (0.885) 0.886 0.883 0.986 
   1   (0.115) 0.114 0.117 0.014 

Locus 77 : NC_035780.1:39 
2 alleles
0.3% missing data
   2   (0.539) 0.549 0.520 0.661 
   1   (0.461) 0.451 0.480 0.339 

Locus 78 : NC_035780.1:39 
2 alleles
0.3% missing data
   2   (0.970) 0.971 0.973 0.998 
   1   (0.030) 0.029 0.027 0.002 

Locus 79 : NC_035780.1:51 
2 alleles
0.3% missing data
   2   (0.963) 0.962 0.967 0.998 
   1   (0.037) 0.038 0.033 0.002 

Locus 80 : NC_035780.1:51 
2 alleles
1.3% missing data
   1   (0.324) 0.322 0.324 0.403 
   2   (0.676) 0.678 0.676 0.597 

Locus 81 : NC_035780.1:55 
2 alleles
0.0% missing data
   2   (0.904) 0.905 0.904 0.994 
   1   (0.096) 0.095 0.096 0.006 

Locus 82 : NC_035780.1:55 
2 alleles
2.1% missing data
   2   (0.780) 0.788 0.773 0.612 
   1   (0.220) 0.212 0.227 0.388 

Locus 83 : NC_035780.1:55 
2 alleles
0.5% missing data
   2   (0.856) 0.861 0.851 0.922 
   1   (0.144) 0.139 0.149 0.078 

Locus 84 : NC_035780.1:57 
2 alleles
0.0% missing data
   2   (0.949) 0.946 0.960 0.773 
   1   (0.051) 0.054 0.040 0.227 

Locus 85 : NC_035780.1:63 
2 alleles
2.1% missing data
   2   (0.948) 0.956 0.939 0.817 
   1   (0.052) 0.044 0.061 0.183 

Locus 86 : NC_035780.1:63 
2 alleles
1.3% missing data
   2   (0.896) 0.891 0.907 0.959 
   1   (0.104) 0.109 0.093 0.041 

Locus 87 : NC_035780.1:63 
2 alleles
1.3% missing data
   2   (0.736) 0.744 0.726 0.567 
   1   (0.264) 0.256 0.274 0.433 

Locus 88 : NC_035780.1:65 
2 alleles
0.0% missing data
   2   (0.862) 0.863 0.865 0.916 
   1   (0.138) 0.137 0.135 0.084 

Locus 89 : NC_035780.1:65 
2 alleles
0.0% missing data
   2   (0.958) 0.956 0.969 0.877 
   1   (0.042) 0.044 0.031 0.123 

Locus 90 : NC_035780.1:65 
2 alleles
0.0% missing data
   1   (0.232) 0.229 0.237 0.083 
   2   (0.768) 0.771 0.763 0.917 

Locus 91 : NC_035780.1:65 
2 alleles
0.0% missing data
   1   (0.252) 0.245 0.264 0.169 
   2   (0.748) 0.755 0.736 0.831 

Locus 92 : NC_035780.1:70 
2 alleles
2.4% missing data
   2   (0.922) 0.922 0.928 0.873 
   1   (0.078) 0.078 0.072 0.127 

Locus 93 : NC_035780.1:70 
2 alleles
0.3% missing data
   2   (0.958) 0.966 0.948 0.751 
   1   (0.042) 0.034 0.052 0.249 

Locus 94 : NC_035780.1:70 
2 alleles
0.3% missing data
   1   (0.210) 0.207 0.211 0.217 
   2   (0.790) 0.793 0.789 0.783 

Locus 95 : NC_035780.1:71 
2 alleles
1.6% missing data
   1   (0.417) 0.414 0.421 0.314 
   2   (0.583) 0.586 0.579 0.686 

Locus 96 : NC_035780.1:72 
2 alleles
0.0% missing data
   2   (0.933) 0.944 0.912 0.988 
   1   (0.067) 0.056 0.088 0.012 

Locus 97 : NC_035780.1:74 
2 alleles
1.1% missing data
   2   (0.946) 0.950 0.946 0.700 
   1   (0.054) 0.050 0.054 0.300 

Locus 98 : NC_035780.1:75 
2 alleles
0.5% missing data
   2   (0.794) 0.786 0.811 0.871 
   1   (0.206) 0.214 0.189 0.129 

Locus 99 : NC_035780.1:75 
2 alleles
0.5% missing data
   2   (0.866) 0.874 0.859 0.744 
   1   (0.134) 0.126 0.141 0.256 

Locus 100 : NC_035780.1:75 
2 alleles
1.1% missing data
   2   (0.927) 0.921 0.938 0.994 
   1   (0.073) 0.079 0.062 0.006 

Locus 101 : NC_035780.1:75 
2 alleles
0.0% missing data
   1   (0.473) 0.477 0.463 0.700 
   2   (0.527) 0.523 0.537 0.300 

Locus 102 : NC_035780.1:75 
2 alleles
0.3% missing data
   2   (0.900) 0.899 0.908 0.756 
   1   (0.100) 0.101 0.092 0.244 

Locus 103 : NC_035780.1:76 
2 alleles
2.9% missing data
   1   (0.338) 0.331 0.343 0.609 
   2   (0.662) 0.669 0.657 0.391 

Locus 104 : NC_035780.1:76 
2 alleles
2.9% missing data
   2   (0.936) 0.945 0.920 0.995 
   1   (0.064) 0.055 0.080 0.005 

Locus 105 : NC_035780.1:77 
2 alleles
4.5% missing data
   2   (0.846) 0.828 0.876 0.925 
   1   (0.154) 0.172 0.124 0.075 

Locus 106 : NC_035780.1:77 
2 alleles
4.5% missing data
   2   (0.902) 0.908 0.898 0.664 
   1   (0.098) 0.092 0.102 0.336 

Locus 107 : NC_035780.1:79 
2 alleles
0.0% missing data
   2   (0.925) 0.930 0.925 0.870 
   1   (0.075) 0.070 0.075 0.130 

Locus 108 : NC_035780.1:81 
2 alleles
0.0% missing data
   1   (0.459) 0.469 0.449 0.121 
   2   (0.541) 0.531 0.551 0.879 

Locus 109 : NC_035780.1:81 
2 alleles
0.0% missing data
   2   (0.880) 0.889 0.867 0.959 
   1   (0.120) 0.111 0.133 0.041 

Locus 110 : NC_035780.1:81 
2 alleles
0.0% missing data
   1   (0.382) 0.388 0.370 0.440 
   2   (0.618) 0.612 0.630 0.560 

Locus 111 : NC_035780.1:82 
2 alleles
0.0% missing data
   2   (0.926) 0.932 0.923 0.907 
   1   (0.074) 0.068 0.077 0.093 

Locus 112 : NC_035780.1:83 
2 alleles
3.4% missing data
   1   (0.161) 0.163 0.160 0.011 
   2   (0.839) 0.837 0.840 0.989 

Locus 113 : NC_035780.1:83 
2 alleles
3.4% missing data
   2   (0.936) 0.928 0.948 0.996 
   1   (0.064) 0.072 0.052 0.004 

Locus 114 : NC_035780.1:83 
2 alleles
0.0% missing data
   2   (0.932) 0.936 0.931 0.931 
   1   (0.068) 0.064 0.069 0.069 

Locus 115 : NC_035780.1:83 
2 alleles
0.0% missing data
   2   (0.875) 0.880 0.875 0.601 
   1   (0.125) 0.120 0.125 0.399 

Locus 116 : NC_035780.1:84 
2 alleles
0.0% missing data
   2   (0.906) 0.910 0.908 0.721 
   1   (0.094) 0.090 0.092 0.279 

Locus 117 : NC_035780.1:85 
2 alleles
0.3% missing data
   2   (0.889) 0.894 0.885 0.882 
   1   (0.111) 0.106 0.115 0.118 

Locus 118 : NC_035780.1:85 
2 alleles
0.3% missing data
   2   (0.584) 0.589 0.570 0.854 
   1   (0.416) 0.411 0.430 0.146 

Locus 119 : NC_035780.1:86 
2 alleles
0.0% missing data
   2   (0.910) 0.903 0.927 0.883 
   1   (0.090) 0.097 0.073 0.117 

Locus 120 : NC_035780.1:86 
2 alleles
0.0% missing data
   2   (0.596) 0.616 0.563 0.695 
   1   (0.404) 0.384 0.437 0.305 

Locus 121 : NC_035780.1:86 
2 alleles
0.0% missing data
   2   (0.960) 0.960 0.961 0.997 
   1   (0.040) 0.040 0.039 0.003 

Locus 122 : NC_035780.1:86 
2 alleles
0.0% missing data
   2   (0.955) 0.958 0.952 0.996 
   1   (0.045) 0.042 0.048 0.004 

Locus 123 : NC_035780.1:86 
2 alleles
0.0% missing data
   1   (0.185) 0.191 0.174 0.088 
   2   (0.815) 0.809 0.826 0.912 

Locus 124 : NC_035780.1:86 
2 alleles
0.0% missing data
   2   (0.914) 0.913 0.921 0.960 
   1   (0.086) 0.087 0.079 0.040 

Locus 125 : NC_035780.1:86 
2 alleles
0.0% missing data
   1   (0.155) 0.159 0.144 0.100 
   2   (0.845) 0.841 0.856 0.900 

Locus 126 : NC_035780.1:86 
2 alleles
0.0% missing data
   2   (0.912) 0.918 0.909 0.753 
   1   (0.088) 0.082 0.091 0.247 

Locus 127 : NC_035780.1:86 
2 alleles
0.0% missing data
   1   (0.176) 0.172 0.182 0.046 
   2   (0.824) 0.828 0.818 0.954 

Locus 128 : NC_035780.1:86 
2 alleles
0.0% missing data
   2   (0.907) 0.911 0.908 0.885 
   1   (0.093) 0.089 0.092 0.115 

Locus 129 : NC_035780.1:87 
2 alleles
0.3% missing data
   2   (0.800) 0.807 0.793 0.707 
   1   (0.200) 0.193 0.207 0.293 

Locus 130 : NC_035780.1:87 
2 alleles
0.0% missing data
   1   (0.301) 0.292 0.312 0.311 
   2   (0.699) 0.708 0.688 0.689 

Locus 131 : NC_035780.1:87 
2 alleles
0.0% missing data
   1   (0.277) 0.276 0.275 0.281 
   2   (0.723) 0.724 0.725 0.719 

Locus 132 : NC_035780.1:87 
2 alleles
0.0% missing data
   2   (0.711) 0.715 0.707 0.744 
   1   (0.289) 0.285 0.293 0.256 

Locus 133 : NC_035780.1:88 
2 alleles
0.8% missing data
   2   (0.691) 0.685 0.696 0.965 
   1   (0.309) 0.315 0.304 0.035 

Locus 134 : NC_035780.1:88 
2 alleles
0.8% missing data
   1   (0.221) 0.224 0.219 0.027 
   2   (0.779) 0.776 0.781 0.973 

Locus 135 : NC_035780.1:88 
2 alleles
0.0% missing data
   1   (0.332) 0.341 0.317 0.222 
   2   (0.668) 0.659 0.683 0.778 

Locus 136 : NC_035780.1:89 
2 alleles
4.7% missing data
   1   (0.114) 0.122 0.100 0.030 
   2   (0.886) 0.878 0.900 0.970 

Locus 137 : NC_035780.1:89 
2 alleles
4.7% missing data
   2   (0.880) 0.882 0.877 0.992 
   1   (0.120) 0.118 0.123 0.008 

Locus 138 : NC_035780.1:89 
2 alleles
4.5% missing data
   2   (0.547) 0.556 0.536 0.258 
   1   (0.453) 0.444 0.464 0.742 

Locus 139 : NC_035780.1:89 
2 alleles
0.0% missing data
   2   (0.669) 0.659 0.687 0.716 
   1   (0.331) 0.341 0.313 0.284 

Locus 140 : NC_035780.1:90 
2 alleles
0.8% missing data
   2   (0.951) 0.952 0.958 0.895 
   1   (0.049) 0.048 0.042 0.105 

Locus 141 : NC_035780.1:90 
2 alleles
0.3% missing data
   1   (0.099) 0.094 0.107 0.007 
   2   (0.901) 0.906 0.893 0.993 

Locus 142 : NC_035780.1:90 
2 alleles
0.3% missing data
   2   (0.605) 0.607 0.604 0.460 
   1   (0.395) 0.393 0.396 0.540 

Locus 143 : NC_035780.1:92 
2 alleles
0.0% missing data
   1   (0.176) 0.174 0.183 0.012 
   2   (0.824) 0.826 0.817 0.988 

Locus 144 : NC_035780.1:92 
2 alleles
0.0% missing data
   2   (0.859) 0.853 0.869 0.990 
   1   (0.141) 0.147 0.131 0.010 

Locus 145 : NC_035780.1:92 
2 alleles
0.0% missing data
   2   (0.827) 0.831 0.827 0.450 
   1   (0.173) 0.169 0.173 0.550 

Locus 146 : NC_035780.1:94 
2 alleles
1.6% missing data
   2   (0.928) 0.936 0.915 0.995 
   1   (0.072) 0.064 0.085 0.005 

Locus 147 : NC_035780.1:94 
2 alleles
1.6% missing data
   2   (0.671) 0.690 0.642 0.636 
   1   (0.329) 0.310 0.358 0.364 

Locus 148 : NC_035780.1:95 
2 alleles
1.8% missing data
   1   (0.234) 0.255 0.201 0.054 
   2   (0.766) 0.745 0.799 0.946 

Locus 149 : NC_035780.1:95 
2 alleles
1.8% missing data
   2   (0.855) 0.866 0.841 0.732 
   1   (0.145) 0.134 0.159 0.268 

Locus 150 : NC_035780.1:95 
2 alleles
0.0% missing data
   2   (0.528) 0.525 0.534 0.548 
   1   (0.472) 0.475 0.466 0.452 

Locus 151 : NC_035780.1:95 
2 alleles
0.0% missing data
   2   (0.883) 0.888 0.880 0.696 
   1   (0.117) 0.112 0.120 0.304 

Locus 152 : NC_035780.1:95 
2 alleles
1.6% missing data
   2   (0.912) 0.916 0.909 0.975 
   1   (0.088) 0.084 0.091 0.025 

Locus 153 : NC_035780.1:97 
2 alleles
0.0% missing data
   1   (0.051) 0.050 0.045 0.358 
   2   (0.949) 0.950 0.955 0.642 

Locus 154 : NC_035780.1:97 
2 alleles
0.0% missing data
   2   (0.941) 0.941 0.950 0.744 
   1   (0.059) 0.059 0.050 0.256 

Locus 155 : NC_035780.1:97 
2 alleles
0.0% missing data
   1   (0.157) 0.158 0.151 0.115 
   2   (0.843) 0.842 0.849 0.885 

Locus 156 : NC_035780.1:97 
2 alleles
1.6% missing data
   2   (0.549) 0.561 0.534 0.322 
   1   (0.451) 0.439 0.466 0.678 

Locus 157 : NC_035780.1:97 
2 alleles
1.6% missing data
   2   (0.911) 0.903 0.928 0.841 
   1   (0.089) 0.097 0.072 0.159 

Locus 158 : NC_035780.1:99 
2 alleles
0.5% missing data
   2   (0.520) 0.523 0.517 0.311 
   1   (0.480) 0.477 0.483 0.689 

Locus 159 : NC_035780.1:99 
2 alleles
0.5% missing data
   2   (0.938) 0.938 0.941 0.965 
   1   (0.062) 0.062 0.059 0.035 

Locus 160 : NC_035780.1:99 
2 alleles
0.5% missing data
   2   (0.762) 0.753 0.780 0.772 
   1   (0.238) 0.247 0.220 0.228 

Locus 161 : NC_035780.1:99 
2 alleles
0.5% missing data
   1   (0.109) 0.108 0.108 0.052 
   2   (0.891) 0.892 0.892 0.948 

Locus 162 : NC_035780.1:99 
2 alleles
2.9% missing data
